0.0 0.00000 0.00000
0.02 0.00000 0.00000
0.04 0.00000 0.00000
0.06 0.00000 0.00000
0.08 0.00000 0.00000
0.1 0.00000 0.00000
0.12 0.00000 0.00000
0.14 0.00000 0.00000
0.16 0.00000 0.00000
0.18 0.00000 0.00000
0.2 0.00000 0.00000
0.22 0.00000 0.00000
0.24 0.00000 0.00000
0.26 0.00000 0.00000
0.28 0.00000 0.00000
0.3 0.00000 0.00000
0.32 0.00000 0.00000
0.34 0.00000 0.00000
0.36 0.00000 0.00000
0.38 0.00000 0.00000
0.4 0.00000 0.00000
0.42 0.00000 0.00000
0.44 0.00000 0.00000
0.46 0.00000 0.00000
0.48 0.00000 0.00000
0.5 0.00000 0.00000
0.52 0.00000 0.00000
0.54 0.00000 0.00000
0.56 0.00000 0.00000
0.58 0.00000 0.00000
0.6 0.00000 10.00000
0.62 0.00000 10.00000
0.64 0.00000 10.00000
0.66 0.00000 10.00000
0.68 0.00000 10.00000
0.7 0.00000 10.00000
0.72 0.00000 10.00000
0.74 0.00000 10.00000
0.76 0.00000 10.00000
0.78 0.00000 10.00000
0.8 0.00000 10.00000
0.82 0.00000 0.00000
0.84 0.00000 0.00000
0.86 0.00000 0.00000
0.88 0.00000 0.00000
0.9 0.00000 0.00000
0.92 0.00000 0.00000
0.94 0.00000 0.00000
0.96 0.00000 0.00000
0.98 0.00000 0.00000
1.0 0.00000 0.00000

0.0 0.04000 0.00000
0.02 0.04000 0.27372
0.04 0.04000 0.50413
0.06 0.04000 0.69530
0.08 0.04000 0.85170
0.1 0.04000 0.97809
0.12 0.04000 1.07952
0.14 0.04000 1.16120
0.16 0.04000 1.22845
0.18 0.04000 1.28653
0.2 0.04000 1.34062
0.22 0.04000 1.39562
0.24 0.04000 1.45608
0.26 0.04000 1.52607
0.28 0.04000 1.60908
0.3 0.04000 1.70794
0.32 0.04000 1.82474
0.34 0.04000 1.96072
0.36 0.04000 2.11632
0.38 0.04000 2.29106
0.4 0.04000 2.48360
0.42 0.04000 2.69174
0.44 0.04000 2.91245
0.46 0.04000 3.14195
0.48 0.04000 3.37578
0.5 0.04000 3.60892
0.52 0.04000 3.83591
0.54 0.04000 4.05102
0.56 0.04000 4.24836
0.58 0.04000 4.42215
0.6 0.04000 4.56686
0.62 0.04000 4.67745
0.64 0.04000 4.74956
0.66 0.04000 4.77970
0.68 0.04000 4.76539
0.7 0.04000 4.70524
0.72 0.04000 4.59904
0.74 0.04000 4.44768
0.76 0.04000 4.25315
0.78 0.04000 4.01839
0.8 0.04000 3.74716
0.82 0.04000 3.44380
0.84 0.04000 3.11303
0.86 0.04000 2.75971
0.88 0.04000 2.38864
0.9 0.04000 2.00427
0.92 0.04000 1.61063
0.94 0.04000 1.21111
0.96 0.04000 0.80838
0.98 0.04000 0.40433
1.0 0.04000 0.00000

0.0 0.08000 0.00000
0.02 0.08000 0.55856
0.04 0.08000 1.04424
0.06 0.08000 1.46126
0.08 0.08000 1.81486
0.1 0.08000 2.11124
0.12 0.08000 2.35735
0.14 0.08000 2.56075
0.16 0.08000 2.72939
0.18 0.08000 2.87141
0.2 0.08000 2.99487
0.22 0.08000 3.10757
0.24 0.08000 3.21676
0.26 0.08000 3.32900
0.28 0.08000 3.44991
0.3 0.08000 3.58405
0.32 0.08000 3.73478
0.34 0.08000 3.90415
0.36 0.08000 4.09289
0.38 0.08000 4.30039
0.4 0.08000 4.52472
0.42 0.08000 4.76276
0.44 0.08000 5.01027
0.46 0.08000 5.26210
0.48 0.08000 5.51234
0.5 0.08000 5.75456
0.52 0.08000 5.98200
0.54 0.08000 6.18786
0.56 0.08000 6.36549
0.58 0.08000 6.50864
0.6 0.08000 6.61168
0.62 0.08000 6.66976
0.64 0.08000 6.67901
0.66 0.08000 6.63662
0.68 0.08000 6.54094
0.7 0.08000 6.39154
0.72 0.08000 6.18917
0.74 0.08000 5.93572
0.76 0.08000 5.63415
0.78 0.08000 5.28834
0.8 0.08000 4.90292
0.82 0.08000 4.48307
0.84 0.08000 4.03433
0.86 0.08000 3.56236
0.88 0.08000 3.07268
0.9 0.08000 2.57046
0.92 0.08000 2.06027
0.94 0.08000 1.54589
0.96 0.08000 1.03014
0.98 0.08000 0.51470
1.0 0.08000 0.00000

0.0 0.12000 0.00000
0.02 0.12000 0.69912
0.04 0.12000 1.32368
0.06 0.12000 1.87649
0.08 0.12000 2.36169
0.1 0.12000 2.78459
0.12 0.12000 3.15156
0.14 0.12000 3.46976
0.16 0.12000 3.74693
0.18 0.12000 3.99116
0.2 0.12000 4.21059
0.22 0.12000 4.41317
0.24 0.12000 4.60641
0.26 0.12000 4.79709
0.28 0.12000 4.99111
0.3 0.12000 5.19325
0.32 0.12000 5.40706
0.34 0.12000 5.63473
0.36 0.12000 5.87701
0.38 0.12000 6.13329
0.4 0.12000 6.40151
0.42 0.12000 6.67837
0.44 0.12000 6.95936
0.46 0.12000 7.23899
0.48 0.12000 7.51098
0.5 0.12000 7.76848
0.52 0.12000 8.00429
0.54 0.12000 8.21119
0.56 0.12000 8.38212
0.58 0.12000 8.51047
0.6 0.12000 8.59028
0.62 0.12000 8.61649
0.64 0.12000 8.58504
0.66 0.12000 8.49309
0.68 0.12000 8.33901
0.7 0.12000 8.12251
0.72 0.12000 7.84459
0.74 0.12000 7.50747
0.76 0.12000 7.11453
0.78 0.12000 6.67015
0.8 0.12000 6.17951
0.82 0.12000 5.64843
0.84 0.12000 5.08309
0.86 0.12000 4.48981
0.88 0.12000 3.87476
0.9 0.12000 3.24378
0.92 0.12000 2.60209
0.94 0.12000 1.95407
0.96 0.12000 1.30311
0.98 0.12000 0.65143
1.0 0.12000 0.00000

0.0 0.16000 0.00000
0.02 0.16000 0.64411
0.04 0.16000 1.24042
0.06 0.16000 1.78918
0.08 0.16000 2.29178
0.1 0.16000 2.75058
0.12 0.16000 3.16881
0.14 0.16000 3.55042
0.16 0.16000 3.89989
0.18 0.16000 4.22206
0.2 0.16000 4.52189
0.22 0.16000 4.80431
0.24 0.16000 5.07401
0.26 0.16000 5.33526
0.28 0.16000 5.59172
0.3 0.16000 5.84635
0.32 0.16000 6.10125
0.34 0.16000 6.35762
0.36 0.16000 6.61567
0.38 0.16000 6.87463
0.4 0.16000 7.13280
0.42 0.16000 7.38755
0.44 0.16000 7.63546
0.46 0.16000 7.87241
0.48 0.16000 8.09373
0.5 0.16000 8.29438
0.52 0.16000 8.46911
0.54 0.16000 8.61263
0.56 0.16000 8.71984
0.58 0.16000 8.78594
0.6 0.16000 8.80666
0.62 0.16000 8.77838
0.64 0.16000 8.69825
0.66 0.16000 8.56428
0.68 0.16000 8.37544
0.7 0.16000 8.13165
0.72 0.16000 7.83380
0.74 0.16000 7.48372
0.76 0.16000 7.08409
0.78 0.16000 6.63837
0.8 0.16000 6.15064
0.82 0.16000 5.62548
0.84 0.16000 5.06782
0.86 0.16000 4.48271
0.88 0.16000 3.87522
0.9 0.16000 3.25019
0.92 0.16000 2.61215
0.94 0.16000 1.96510
0.96 0.16000 1.31242
0.98 0.16000 0.65676
1.0 0.16000 0.00000

0.0 0.20000 0.00000
0.02 0.20000 0.40107
0.04 0.20000 0.79919
0.06 0.20000 1.19181
0.08 0.20000 1.57687
0.1 0.20000 1.95270
0.12 0.20000 2.31802
0.14 0.20000 2.67190
0.16 0.20000 3.01367
0.18 0.20000 3.34288
0.2 0.20000 3.65928
0.22 0.20000 3.96271
0.24 0.20000 4.25309
0.26 0.20000 4.53033
0.28 0.20000 4.79432
0.3 0.20000 5.04486
0.32 0.20000 5.28166
0.34 0.20000 5.50428
0.36 0.20000 5.71211
0.38 0.20000 5.90441
0.4 0.20000 6.08026
0.42 0.20000 6.23858
0.44 0.20000 6.37819
0.46 0.20000 6.49776
0.48 0.20000 6.59591
0.5 0.20000 6.67122
0.52 0.20000 6.72224
0.54 0.20000 6.74760
0.56 0.20000 6.74600
0.58 0.20000 6.71625
0.6 0.20000 6.65736
0.62 0.20000 6.56851
0.64 0.20000 6.44915
0.66 0.20000 6.29896
0.68 0.20000 6.11793
0.7 0.20000 5.90631
0.72 0.20000 5.66465
0.74 0.20000 5.39381
0.76 0.20000 5.09491
0.78 0.20000 4.76933
0.8 0.20000 4.41870
0.82 0.20000 4.04484
0.84 0.20000 3.64977
0.86 0.20000 3.23563
0.88 0.20000 2.80471
0.9 0.20000 2.35933
0.92 0.20000 1.90190
0.94 0.20000 1.43483
0.96 0.20000 0.96055
0.98 0.20000 0.48147
1.0 0.20000 0.00000

0.0 0.24000 0.00000
0.02 0.24000 0.04716
0.04 0.24000 0.13719
0.06 0.24000 0.26558
0.08 0.24000 0.42746
0.1 0.24000 0.61761
0.12 0.24000 0.83060
0.14 0.24000 1.06081
0.16 0.24000 1.30254
0.18 0.24000 1.55011
0.2 0.24000 1.79798
0.22 0.24000 2.04084
0.24 0.24000 2.27374
0.26 0.24000 2.49216
0.28 0.24000 2.69210
0.3 0.24000 2.87021
0.32 0.24000 3.02375
0.34 0.24000 3.15073
0.36 0.24000 3.24987
0.38 0.24000 3.32060
0.4 0.24000 3.36309
0.42 0.24000 3.37815
0.44 0.24000 3.36718
0.46 0.24000 3.33212
0.48 0.24000 3.27534
0.5 0.24000 3.19953
0.52 0.24000 3.10760
0.54 0.24000 3.00257
0.56 0.24000 2.88744
0.58 0.24000 2.76509
0.6 0.24000 2.63818
0.62 0.24000 2.50907
0.64 0.24000 2.37974
0.66 0.24000 2.25170
0.68 0.24000 2.12604
0.7 0.24000 2.00332
0.72 0.24000 1.88363
0.74 0.24000 1.76662
0.76 0.24000 1.65154
0.78 0.24000 1.53729
0.8 0.24000 1.42255
0.82 0.24000 1.30584
0.84 0.24000 1.18565
0.86 0.24000 1.06056
0.88 0.24000 0.92935
0.9 0.24000 0.79113
0.92 0.24000 0.64544
0.94 0.24000 0.49239
0.96 0.24000 0.33270
0.98 0.24000 0.16783
1.0 0.24000 0.00000

0.0 0.28000 0.00000
0.02 0.28000 -0.29504
0.04 0.28000 -0.51787
0.06 0.28000 -0.67337
0.08 0.28000 -0.76746
0.1 0.28000 -0.80700
0.12 0.28000 -0.79965
0.14 0.28000 -0.75365
0.16 0.28000 -0.67767
0.18 0.28000 -0.58056
0.2 0.28000 -0.47110
0.22 0.28000 -0.35784
0.24 0.28000 -0.24881
0.26 0.28000 -0.15131
0.28 0.28000 -0.07178
0.3 0.28000 -0.01556
0.32 0.28000 0.01319
0.34 0.28000 0.01160
0.36 0.28000 -0.02188
0.38 0.28000 -0.08745
0.4 0.28000 -0.18400
0.42 0.28000 -0.30920
0.44 0.28000 -0.45958
0.46 0.28000 -0.63076
0.48 0.28000 -0.81752
0.5 0.28000 -1.01411
0.52 0.28000 -1.21440
0.54 0.28000 -1.41212
0.56 0.28000 -1.60111
0.58 0.28000 -1.77553
0.6 0.28000 -1.93003
0.62 0.28000 -2.05997
0.64 0.28000 -2.16157
0.66 0.28000 -2.23198
0.68 0.28000 -2.26943
0.7 0.28000 -2.27317
0.72 0.28000 -2.24355
0.74 0.28000 -2.18193
0.76 0.28000 -2.09057
0.78 0.28000 -1.97252
0.8 0.28000 -1.83148
0.82 0.28000 -1.67158
0.84 0.28000 -1.49715
0.86 0.28000 -1.31254
0.88 0.28000 -1.12190
0.9 0.28000 -0.92888
0.92 0.28000 -0.73650
0.94 0.28000 -0.54690
0.96 0.28000 -0.36119
0.98 0.28000 -0.17933
1.0 0.28000 0.00000

0.0 0.32000 0.00000
0.02 0.32000 -0.50397
0.04 0.32000 -0.93405
0.06 0.32000 -1.29370
0.08 0.32000 -1.58772
0.1 0.32000 -1.82208
0.12 0.32000 -2.00378
0.14 0.32000 -2.14065
0.16 0.32000 -2.24106
0.18 0.32000 -2.31372
0.2 0.32000 -2.36741
0.22 0.32000 -2.41069
0.24 0.32000 -2.45165
0.26 0.32000 -2.49769
0.28 0.32000 -2.55524
0.3 0.32000 -2.62966
0.32 0.32000 -2.72501
0.34 0.32000 -2.84398
0.36 0.32000 -2.98782
0.38 0.32000 -3.15636
0.4 0.32000 -3.34797
0.42 0.32000 -3.55972
0.44 0.32000 -3.78746
0.46 0.32000 -4.02602
0.48 0.32000 -4.26938
0.5 0.32000 -4.51089
0.52 0.32000 -4.74357
0.54 0.32000 -4.96030
0.56 0.32000 -5.15410
0.58 0.32000 -5.31837
0.6 0.32000 -5.44712
0.62 0.32000 -5.53519
0.64 0.32000 -5.57839
0.66 0.32000 -5.57362
0.68 0.32000 -5.51902
0.7 0.32000 -5.41395
0.72 0.32000 -5.25900
0.74 0.32000 -5.05596
0.76 0.32000 -4.80768
0.78 0.32000 -4.51798
0.8 0.32000 -4.19142
0.82 0.32000 -3.83313
0.84 0.32000 -3.44858
0.86 0.32000 -3.04331
0.88 0.32000 -2.62270
0.9 0.32000 -2.19173
0.92 0.32000 -1.75474
0.94 0.32000 -1.31521
0.96 0.32000 -0.87560
0.98 0.32000 -0.43720
1.0 0.32000 0.00000

0.0 0.36000 0.00000
0.02 0.36000 -0.50624
0.04 0.36000 -0.96518
0.06 0.36000 -1.37761
0.08 0.36000 -1.74540
0.1 0.36000 -2.07144
0.12 0.36000 -2.35946
0.14 0.36000 -2.61389
0.16 0.36000 -2.83970
0.18 0.36000 -3.04218
0.2 0.36000 -3.22677
0.22 0.36000 -3.39884
0.24 0.36000 -3.56350
0.26 0.36000 -3.72543
0.28 0.36000 -3.88869
0.3 0.36000 -4.05661
0.32 0.36000 -4.23164
0.34 0.36000 -4.41530
0.36 0.36000 -4.60810
0.38 0.36000 -4.80956
0.4 0.36000 -5.01821
0.42 0.36000 -5.23165
0.44 0.36000 -5.44663
0.46 0.36000 -5.65920
0.48 0.36000 -5.86483
0.5 0.36000 -6.05855
0.52 0.36000 -6.23516
0.54 0.36000 -6.38942
0.56 0.36000 -6.51619
0.58 0.36000 -6.61064
0.6 0.36000 -6.66841
0.62 0.36000 -6.68576
0.64 0.36000 -6.65967
0.66 0.36000 -6.58797
0.68 0.36000 -6.46941
0.7 0.36000 -6.30363
0.72 0.36000 -6.09123
0.74 0.36000 -5.83371
0.76 0.36000 -5.53340
0.78 0.36000 -5.19335
0.8 0.36000 -4.81724
0.82 0.36000 -4.40919
0.84 0.36000 -3.97364
0.86 0.36000 -3.51517
0.88 0.36000 -3.03832
0.9 0.36000 -2.54740
0.92 0.36000 -2.04638
0.94 0.36000 -1.53870
0.96 0.36000 -1.02717
0.98 0.36000 -0.51384
1.0 0.36000 0.00000

0.0 0.40000 0.00000
0.02 0.40000 -0.30540
0.04 0.40000 -0.60820
0.06 0.40000 -0.90626
0.08 0.40000 -1.19785
0.1 0.40000 -1.48168
0.12 0.40000 -1.75683
0.14 0.40000 -2.02270
0.16 0.40000 -2.27897
0.18 0.40000 -2.52554
0.2 0.40000 -2.76246
0.22 0.40000 -2.98989
0.24 0.40000 -3.20805
0.26 0.40000 -3.41713
0.28 0.40000 -3.61730
0.3 0.40000 -3.80860
0.32 0.40000 -3.99098
0.34 0.40000 -4.16420
0.36 0.40000 -4.32788
0.38 0.40000 -4.48144
0.4 0.40000 -4.62413
0.42 0.40000 -4.75500
0.44 0.40000 -4.87297
0.46 0.40000 -4.97683
0.48 0.40000 -5.06526
0.5 0.40000 -5.13687
0.52 0.40000 -5.19026
0.54 0.40000 -5.22403
0.56 0.40000 -5.23687
0.58 0.40000 -5.22754
0.6 0.40000 -5.19498
0.62 0.40000 -5.13827
0.64 0.40000 -5.05673
0.66 0.40000 -4.94991
0.68 0.40000 -4.81762
0.7 0.40000 -4.65993
0.72 0.40000 -4.47719
0.74 0.40000 -4.27001
0.76 0.40000 -4.03926
0.78 0.40000 -3.78607
0.8 0.40000 -3.51177
0.82 0.40000 -3.21788
0.84 0.40000 -2.90609
0.86 0.40000 -2.57824
0.88 0.40000 -2.23623
0.9 0.40000 -1.88206
0.92 0.40000 -1.51776
0.94 0.40000 -1.14536
0.96 0.40000 -0.76692
0.98 0.40000 -0.38446
1.0 0.40000 0.00000

0.0 0.44000 0.00000
0.02 0.44000 0.01878
0.04 0.44000 -0.00557
0.06 0.44000 -0.06880
0.08 0.44000 -0.16628
0.1 0.44000 -0.29306
0.12 0.44000 -0.44395
0.14 0.44000 -0.61357
0.16 0.44000 -0.79647
0.18 0.44000 -0.98718
0.2 0.44000 -1.18041
0.22 0.44000 -1.37105
0.24 0.44000 -1.55436
0.26 0.44000 -1.72600
0.28 0.44000 -1.88218
0.3 0.44000 -2.01970
0.32 0.44000 -2.13600
0.34 0.44000 -2.22922
0.36 0.44000 -2.29822
0.38 0.44000 -2.34257
0.4 0.44000 -2.36252
0.42 0.44000 -2.35897
0.44 0.44000 -2.33341
0.46 0.44000 -2.28783
0.48 0.44000 -2.22466
0.5 0.44000 -2.14659
0.52 0.44000 -2.05657
0.54 0.44000 -1.95759
0.56 0.44000 -1.85264
0.58 0.44000 -1.74456
0.6 0.44000 -1.63595
0.62 0.44000 -1.52912
0.64 0.44000 -1.42593
0.66 0.44000 -1.32782
0.68 0.44000 -1.23575
0.7 0.44000 -1.15014
0.72 0.44000 -1.07095
0.74 0.44000 -0.99766
0.76 0.44000 -0.92935
0.78 0.44000 -0.86474
0.8 0.44000 -0.80231
0.82 0.44000 -0.74038
0.84 0.44000 -0.67721
0.86 0.44000 -0.61116
0.88 0.44000 -0.54077
0.9 0.44000 -0.46493
0.92 0.44000 -0.38291
0.94 0.44000 -0.29457
0.96 0.44000 -0.20039
0.98 0.44000 -0.10154
1.0 0.44000 0.00000

0.0 0.48000 0.00000
0.02 0.48000 0.34037
0.04 0.48000 0.60834
0.06 0.48000 0.80863
0.08 0.48000 0.94697
0.1 0.48000 1.03007
0.12 0.48000 1.06539
0.14 0.48000 1.06102
0.16 0.48000 1.02546
0.18 0.48000 0.96739
0.2 0.48000 0.89546
0.22 0.48000 0.81806
0.24 0.48000 0.74307
0.26 0.48000 0.67767
0.28 0.48000 0.62816
0.3 0.48000 0.59977
0.32 0.48000 0.59655
0.34 0.48000 0.62128
0.36 0.48000 0.67540
0.38 0.48000 0.75903
0.4 0.48000 0.87099
0.42 0.48000 1.00888
0.44 0.48000 1.16922
0.46 0.48000 1.34753
0.48 0.48000 1.53862
0.5 0.48000 1.73668
0.52 0.48000 1.93559
0.54 0.48000 2.12908
0.56 0.48000 2.31102
0.58 0.48000 2.47557
0.6 0.48000 2.61745
0.62 0.48000 2.73205
0.64 0.48000 2.81565
0.66 0.48000 2.86549
0.68 0.48000 2.87985
0.7 0.48000 2.85809
0.72 0.48000 2.80067
0.74 0.48000 2.70903
0.76 0.48000 2.58557
0.78 0.48000 2.43347
0.8 0.48000 2.25655
0.82 0.48000 2.05908
0.84 0.48000 1.84556
0.86 0.48000 1.62048
0.88 0.48000 1.38815
0.9 0.48000 1.15238
0.92 0.48000 0.91637
0.94 0.48000 0.68243
0.96 0.48000 0.45185
0.98 0.48000 0.22475
1.0 0.48000 0.00000

0.0 0.52000 0.00000
0.02 0.52000 0.53510
0.04 0.52000 0.99618
0.06 0.52000 1.38658
0.08 0.52000 1.71099
0.1 0.52000 1.97525
0.12 0.52000 2.18625
0.14 0.52000 2.35170
0.16 0.52000 2.47985
0.18 0.52000 2.57933
0.2 0.52000 2.65878
0.22 0.52000 2.72667
0.24 0.52000 2.79099
0.26 0.52000 2.85905
0.28 0.52000 2.93721
0.3 0.52000 3.03072
0.32 0.52000 3.14358
0.34 0.52000 3.27842
0.36 0.52000 3.43641
0.38 0.52000 3.61733
0.4 0.52000 3.81950
0.42 0.52000 4.03995
0.44 0.52000 4.27450
0.46 0.52000 4.51794
0.48 0.52000 4.76424
0.5 0.52000 5.00675
0.52 0.52000 5.23846
0.54 0.52000 5.45227
0.56 0.52000 5.64121
0.58 0.52000 5.79869
0.6 0.52000 5.91877
0.62 0.52000 5.99630
0.64 0.52000 6.02713
0.66 0.52000 6.00823
0.68 0.52000 5.93778
0.7 0.52000 5.81520
0.72 0.52000 5.64116
0.74 0.52000 5.41752
0.76 0.52000 5.14722
0.78 0.52000 4.83415
0.8 0.52000 4.48297
0.82 0.52000 4.09891
0.84 0.52000 3.68754
0.86 0.52000 3.25451
0.88 0.52000 2.80530
0.9 0.52000 2.34502
0.92 0.52000 1.87810
0.94 0.52000 1.40816
0.96 0.52000 0.93778
0.98 0.52000 0.46835
1.0 0.52000 0.00000

0.0 0.56000 0.00000
0.02 0.56000 0.52760
0.04 0.56000 1.00782
0.06 0.56000 1.44136
0.08 0.56000 1.83002
0.1 0.56000 2.17658
0.12 0.56000 2.48471
0.14 0.56000 2.75876
0.16 0.56000 3.00361
0.18 0.56000 3.22449
0.2 0.56000 3.42675
0.22 0.56000 3.61571
0.24 0.56000 3.79641
0.26 0.56000 3.97346
0.28 0.56000 4.15086
0.3 0.56000 4.33188
0.32 0.56000 4.51893
0.34 0.56000 4.71346
0.36 0.56000 4.91597
0.38 0.56000 5.12593
0.4 0.56000 5.34182
0.42 0.56000 5.56122
0.44 0.56000 5.78087
0.46 0.56000 5.99679
0.48 0.56000 6.20443
0.5 0.56000 6.39882
0.52 0.56000 6.57477
0.54 0.56000 6.72702
0.56 0.56000 6.85045
0.58 0.56000 6.94024
0.6 0.56000 6.99205
0.62 0.56000 7.00216
0.64 0.56000 6.96758
0.66 0.56000 6.88618
0.68 0.56000 6.75674
0.7 0.56000 6.57894
0.72 0.56000 6.35344
0.74 0.56000 6.08179
0.76 0.56000 5.76636
0.78 0.56000 5.41028
0.8 0.56000 5.01727
0.82 0.56000 4.59154
0.84 0.56000 4.13759
0.86 0.56000 3.66007
0.88 0.56000 3.16360
0.9 0.56000 2.65257
0.92 0.56000 2.13102
0.94 0.56000 1.60247
0.96 0.56000 1.06982
0.98 0.56000 0.53521
1.0 0.56000 0.00000

0.0 0.60000 0.00000
0.02 0.60000 0.32006
0.04 0.60000 0.63747
0.06 0.60000 0.95001
0.08 0.60000 1.25592
0.1 0.60000 1.55383
0.12 0.60000 1.84278
0.14 0.60000 2.12212
0.16 0.60000 2.39146
0.18 0.60000 2.65065
0.2 0.60000 2.89971
0.22 0.60000 3.13873
0.24 0.60000 3.36789
0.26 0.60000 3.58735
0.28 0.60000 3.79721
0.3 0.60000 3.99751
0.32 0.60000 4.18813
0.34 0.60000 4.36883
0.36 0.60000 4.53917
0.38 0.60000 4.69855
0.4 0.60000 4.84621
0.42 0.60000 4.98117
0.44 0.60000 5.10235
0.46 0.60000 5.20850
0.48 0.60000 5.29831
0.5 0.60000 5.37038
0.52 0.60000 5.42331
0.54 0.60000 5.45570
0.56 0.60000 5.46625
0.58 0.60000 5.45372
0.6 0.60000 5.41706
0.62 0.60000 5.35539
0.64 0.60000 5.26802
0.66 0.60000 5.15455
0.68 0.60000 5.01479
0.7 0.60000 4.84885
0.72 0.60000 4.65712
0.74 0.60000 4.44024
0.76 0.60000 4.19912
0.78 0.60000 3.93492
0.8 0.60000 3.64903
0.82 0.60000 3.34301
0.84 0.60000 3.01860
0.86 0.60000 2.67767
0.88 0.60000 2.32220
0.9 0.60000 1.95423
0.92 0.60000 1.57583
0.94 0.60000 1.18912
0.96 0.60000 0.79619
0.98 0.60000 0.39912
1.0 0.60000 0.00000

0.0 0.64000 0.00000
0.02 0.64000 -0.00872
0.04 0.64000 0.02566
0.06 0.64000 0.09883
0.08 0.64000 0.20613
0.1 0.64000 0.34258
0.12 0.64000 0.50294
0.14 0.64000 0.68180
0.16 0.64000 0.87366
0.18 0.64000 1.07305
0.2 0.64000 1.27460
0.22 0.64000 1.47319
0.24 0.64000 1.66405
0.26 0.64000 1.84281
0.28 0.64000 2.00565
0.3 0.64000 2.14934
0.32 0.64000 2.27130
0.34 0.64000 2.36964
0.36 0.64000 2.44322
0.38 0.64000 2.49156
0.4 0.64000 2.51492
0.42 0.64000 2.51418
0.44 0.64000 2.49082
0.46 0.64000 2.44682
0.48 0.64000 2.38459
0.5 0.64000 2.30684
0.52 0.64000 2.21650
0.54 0.64000 2.11657
0.56 0.64000 2.01005
0.58 0.64000 1.89977
0.6 0.64000 1.78836
0.62 0.64000 1.67811
0.64 0.64000 1.57093
0.66 0.64000 1.46825
0.68 0.64000 1.37105
0.7 0.64000 1.27978
0.72 0.64000 1.19442
0.74 0.64000 1.11448
0.76 0.64000 1.03905
0.78 0.64000 0.96689
0.8 0.64000 0.89650
0.82 0.64000 0.82624
0.84 0.64000 0.75441
0.86 0.64000 0.67939
0.88 0.64000 0.59977
0.9 0.64000 0.51444
0.92 0.64000 0.42276
0.94 0.64000 0.32460
0.96 0.64000 0.22047
0.98 0.64000 0.11160
1.0 0.64000 0.00000

0.0 0.68000 0.00000
0.02 0.68000 -0.33346
0.04 0.68000 -0.59456
0.06 0.68000 -0.78802
0.08 0.68000 -0.91963
0.1 0.68000 -0.99609
0.12 0.68000 -1.02491
0.14 0.68000 -1.01420
0.16 0.68000 -0.97248
0.18 0.68000 -0.90847
0.2 0.68000 -0.83083
0.22 0.68000 -0.74797
0.24 0.68000 -0.66779
0.26 0.68000 -0.59751
0.28 0.68000 -0.54343
0.3 0.68000 -0.51081
0.32 0.68000 -0.50371
0.34 0.68000 -0.52491
0.36 0.68000 -0.57590
0.38 0.68000 -0.65678
0.4 0.68000 -0.76640
0.42 0.68000 -0.90237
0.44 0.68000 -1.06120
0.46 0.68000 -1.23843
0.48 0.68000 -1.42887
0.5 0.68000 -1.62671
0.52 0.68000 -1.82584
0.54 0.68000 -2.01998
0.56 0.68000 -2.20300
0.58 0.68000 -2.36906
0.6 0.68000 -2.51286
0.62 0.68000 -2.62981
0.64 0.68000 -2.71615
0.66 0.68000 -2.76912
0.68 0.68000 -2.78700
0.7 0.68000 -2.76913
0.72 0.68000 -2.71594
0.74 0.68000 -2.62887
0.76 0.68000 -2.51029
0.78 0.68000 -2.36337
0.8 0.68000 -2.19192
0.82 0.68000 -2.00016
0.84 0.68000 -1.79258
0.86 0.68000 -1.57366
0.88 0.68000 -1.34766
0.9 0.68000 -1.11840
0.92 0.68000 -0.88902
0.94 0.68000 -0.66182
0.96 0.68000 -0.43806
0.98 0.68000 -0.21785
1.0 0.68000 0.00000

0.0 0.72000 0.00000
0.02 0.72000 -0.53036
0.04 0.72000 -0.98672
0.06 0.72000 -1.37244
0.08 0.72000 -1.69222
0.1 0.72000 -1.95193
0.12 0.72000 -2.15847
0.14 0.72000 -2.31957
0.16 0.72000 -2.44350
0.18 0.72000 -2.53889
0.2 0.72000 -2.61442
0.22 0.72000 -2.67856
0.24 0.72000 -2.73934
0.26 0.72000 -2.80404
0.28 0.72000 -2.87906
0.3 0.72000 -2.96967
0.32 0.72000 -3.07987
0.34 0.72000 -3.21229
0.36 0.72000 -3.36813
0.38 0.72000 -3.54716
0.4 0.72000 -3.74773
0.42 0.72000 -3.96686
0.44 0.72000 -4.20037
0.46 0.72000 -4.44307
0.48 0.72000 -4.68893
0.5 0.72000 -4.93129
0.52 0.72000 -5.16315
0.54 0.72000 -5.37740
0.56 0.72000 -5.56708
0.58 0.72000 -5.72560
0.6 0.72000 -5.84700
0.62 0.72000 -5.92613
0.64 0.72000 -5.95884
0.66 0.72000 -5.94210
0.68 0.72000 -5.87406
0.7 0.72000 -5.75415
0.72 0.72000 -5.58302
0.74 0.72000 -5.36251
0.76 0.72000 -5.09556
0.78 0.72000 -4.78604
0.8 0.72000 -4.43861
0.82 0.72000 -4.05848
0.84 0.72000 -3.65119
0.86 0.72000 -3.22238
0.88 0.72000 -2.77752
0.9 0.72000 -2.32170
0.92 0.72000 -1.85933
0.94 0.72000 -1.39402
0.96 0.72000 -0.92832
0.98 0.72000 -0.46361
1.0 0.72000 0.00000

0.0 0.76000 0.00000
0.02 0.76000 -0.52435
0.04 0.76000 -1.00133
0.06 0.76000 -1.43165
0.08 0.76000 -1.81714
0.1 0.76000 -2.16058
0.12 0.76000 -2.46564
0.14 0.76000 -2.73671
0.16 0.76000 -2.97866
0.18 0.76000 -3.19674
0.2 0.76000 -3.39631
0.22 0.76000 -3.58270
0.24 0.76000 -3.76096
0.26 0.76000 -3.93571
0.28 0.76000 -4.11096
0.3 0.76000 -4.28998
0.32 0.76000 -4.47520
0.34 0.76000 -4.66808
0.36 0.76000 -4.86912
0.38 0.76000 -5.07778
0.4 0.76000 -5.29257
0.42 0.76000 -5.51106
0.44 0.76000 -5.73000
0.46 0.76000 -5.94541
0.48 0.76000 -6.15275
0.5 0.76000 -6.34704
0.52 0.76000 -6.52309
0.54 0.76000 -6.67564
0.56 0.76000 -6.79958
0.58 0.76000 -6.89008
0.6 0.76000 -6.94280
0.62 0.76000 -6.95401
0.64 0.76000 -6.92072
0.66 0.76000 -6.84080
0.68 0.76000 -6.71301
0.7 0.76000 -6.53704
0.72 0.76000 -6.31354
0.74 0.76000 -6.04404
0.76 0.76000 -5.73091
0.78 0.76000 -5.37727
0.8 0.76000 -4.98683
0.82 0.76000 -4.56379
0.84 0.76000 -4.11264
0.86 0.76000 -3.63802
0.88 0.76000 -3.14453
0.9 0.76000 -2.63656
0.92 0.76000 -2.11814
0.94 0.76000 -1.59277
0.96 0.76000 -1.06333
0.98 0.76000 -0.53196
1.0 0.76000 0.00000

0.0 0.80000 0.00000
0.02 0.80000 -0.31783
0.04 0.80000 -0.63301
0.06 0.80000 -0.94335
0.08 0.80000 -1.24708
0.1 0.80000 -1.54285
0.12 0.80000 -1.82970
0.14 0.80000 -2.10699
0.16 0.80000 -2.37434
0.18 0.80000 -2.63161
0.2 0.80000 -2.87882
0.22 0.80000 -3.11608
0.24 0.80000 -3.34357
0.26 0.80000 -3.56144
0.28 0.80000 -3.76983
0.3 0.80000 -3.96876
0.32 0.80000 -4.15813
0.34 0.80000 -4.33768
0.36 0.80000 -4.50701
0.38 0.80000 -4.66551
0.4 0.80000 -4.81241
0.42 0.80000 -4.94675
0.44 0.80000 -5.06744
0.46 0.80000 -5.17324
0.48 0.80000 -5.26284
0.5 0.80000 -5.33484
0.52 0.80000 -5.38784
0.54 0.80000 -5.42045
0.56 0.80000 -5.43134
0.58 0.80000 -5.41930
0.6 0.80000 -5.38327
0.62 0.80000 -5.32234
0.64 0.80000 -5.23587
0.66 0.80000 -5.12340
0.68 0.80000 -4.98478
0.7 0.80000 -4.82010
0.72 0.80000 -4.62974
0.74 0.80000 -4.41433
0.76 0.80000 -4.17479
0.78 0.80000 -3.91227
0.8 0.80000 -3.62814
0.82 0.80000 -3.32396
0.84 0.80000 -3.00147
0.86 0.80000 -2.66254
0.88 0.80000 -2.30912
0.9 0.80000 -1.94324
0.92 0.80000 -1.56700
0.94 0.80000 -1.18246
0.96 0.80000 -0.79173
0.98 0.80000 -0.39689
1.0 0.80000 0.00000

0.0 0.84000 0.00000
0.02 0.84000 0.01025
0.04 0.84000 -0.02260
0.06 0.84000 -0.09426
0.08 0.84000 -0.20006
0.1 0.84000 -0.33504
0.12 0.84000 -0.49396
0.14 0.84000 -0.67142
0.16 0.84000 -0.86191
0.18 0.84000 -1.05998
0.2 0.84000 -1.26026
0.22 0.84000 -1.45765
0.24 0.84000 -1.64736
0.26 0.84000 -1.82503
0.28 0.84000 -1.98686
0.3 0.84000 -2.12961
0.32 0.84000 -2.25071
0.34 0.84000 -2.34827
0.36 0.84000 -2.42115
0.38 0.84000 -2.46889
0.4 0.84000 -2.49173
0.42 0.84000 -2.49056
0.44 0.84000 -2.46686
0.46 0.84000 -2.42262
0.48 0.84000 -2.36025
0.5 0.84000 -2.28245
0.52 0.84000 -2.19216
0.54 0.84000 -2.09238
0.56 0.84000 -1.98609
0.58 0.84000 -1.87615
0.6 0.84000 -1.76516
0.62 0.84000 -1.65544
0.64 0.84000 -1.54886
0.66 0.84000 -1.44688
0.68 0.84000 -1.35046
0.7 0.84000 -1.26005
0.72 0.84000 -1.17563
0.74 0.84000 -1.09670
0.76 0.84000 -1.02235
0.78 0.84000 -0.95135
0.8 0.84000 -0.88217
0.82 0.84000 -0.81317
0.84 0.84000 -0.74266
0.86 0.84000 -0.66900
0.88 0.84000 -0.59079
0.9 0.84000 -0.50691
0.92 0.84000 -0.41670
0.94 0.84000 -0.32003
0.96 0.84000 -0.21741
0.98 0.84000 -0.11007
1.0 0.84000 0.00000

0.0 0.88000 0.00000
0.02 0.88000 0.33451
0.04 0.88000 0.59666
0.06 0.88000 0.79116
0.08 0.88000 0.92379
0.1 0.88000 1.00126
0.12 0.88000 1.03107
0.14 0.88000 1.02133
0.16 0.88000 0.98055
0.18 0.88000 0.91744
0.2 0.88000 0.84066
0.22 0.88000 0.75863
0.24 0.88000 0.67925
0.26 0.88000 0.60971
0.28 0.88000 0.55633
0.3 0.88000 0.52435
0.32 0.88000 0.51784
0.34 0.88000 0.53958
0.36 0.88000 0.59104
0.38 0.88000 0.67234
0.4 0.88000 0.78232
0.42 0.88000 0.91858
0.44 0.88000 1.07764
0.46 0.88000 1.25504
0.48 0.88000 1.44557
0.5 0.88000 1.64345
0.52 0.88000 1.84254
0.54 0.88000 2.03659
0.56 0.88000 2.21944
0.58 0.88000 2.38527
0.6 0.88000 2.52878
0.62 0.88000 2.64537
0.64 0.88000 2.73129
0.66 0.88000 2.78379
0.68 0.88000 2.80113
0.7 0.88000 2.78267
0.72 0.88000 2.72883
0.74 0.88000 2.64107
0.76 0.88000 2.52175
0.78 0.88000 2.37404
0.8 0.88000 2.20175
0.82 0.88000 2.00913
0.84 0.88000 1.80064
0.86 0.88000 1.58079
0.88 0.88000 1.35383
0.9 0.88000 1.12357
0.92 0.88000 0.89318
0.94 0.88000 0.66496
0.96 0.88000 0.44016
0.98 0.88000 0.21890
1.0 0.88000 0.00000

0.0 0.92000 0.00000
0.02 0.92000 0.53108
0.04 0.92000 0.98816
0.06 0.92000 1.37459
0.08 0.92000 1.69507
0.1 0.92000 1.95548
0.12 0.92000 2.16270
0.14 0.92000 2.32446
0.16 0.92000 2.44903
0.18 0.92000 2.54504
0.2 0.92000 2.62117
0.22 0.92000 2.68588
0.24 0.92000 2.74720
0.26 0.92000 2.81241
0.28 0.92000 2.88791
0.3 0.92000 2.97896
0.32 0.92000 3.08956
0.34 0.92000 3.22235
0.36 0.92000 3.37852
0.38 0.92000 3.55784
0.4 0.92000 3.75865
0.42 0.92000 3.97798
0.44 0.92000 4.21165
0.46 0.92000 4.45447
0.48 0.92000 4.70039
0.5 0.92000 4.94277
0.52 0.92000 5.17461
0.54 0.92000 5.38880
0.56 0.92000 5.57836
0.58 0.92000 5.73672
0.6 0.92000 5.85792
0.62 0.92000 5.93681
0.64 0.92000 5.96924
0.66 0.92000 5.95216
0.68 0.92000 5.88376
0.7 0.92000 5.76344
0.72 0.92000 5.59187
0.74 0.92000 5.37088
0.76 0.92000 5.10342
0.78 0.92000 4.79336
0.8 0.92000 4.44536
0.82 0.92000 4.06463
0.84 0.92000 3.65672
0.86 0.92000 3.22727
0.88 0.92000 2.78175
0.9 0.92000 2.32525
0.92 0.92000 1.86219
0.94 0.92000 1.39617
0.96 0.92000 0.92976
0.98 0.92000 0.46433
1.0 0.92000 0.00000

0.0 0.96000 0.00000
0.02 0.96000 0.52484
0.04 0.96000 1.00232
0.06 0.96000 1.43313
0.08 0.96000 1.81910
0.1 0.96000 2.16301
0.12 0.96000 2.46855
0.14 0.96000 2.74006
0.16 0.96000 2.98245
0.18 0.96000 3.20096
0.2 0.96000 3.40095
0.22 0.96000 3.58773
0.24 0.96000 3.76636
0.26 0.96000 3.94145
0.28 0.96000 4.11703
0.3 0.96000 4.29636
0.32 0.96000 4.48186
0.34 0.96000 4.67499
0.36 0.96000 4.87625
0.38 0.96000 5.08510
0.4 0.96000 5.30006
0.42 0.96000 5.51870
0.44 0.96000 5.73774
0.46 0.96000 5.95323
0.48 0.96000 6.16061
0.5 0.96000 6.35492
0.52 0.96000 6.53095
0.54 0.96000 6.68346
0.56 0.96000 6.80732
0.58 0.96000 6.89771
0.6 0.96000 6.95029
0.62 0.96000 6.96133
0.64 0.96000 6.92785
0.66 0.96000 6.84771
0.68 0.96000 6.71966
0.7 0.96000 6.54342
0.72 0.96000 6.31961
0.74 0.96000 6.04979
0.76 0.96000 5.73631
0.78 0.96000 5.38229
0.8 0.96000 4.99146
0.82 0.96000 4.56801
0.84 0.96000 4.11644
0.86 0.96000 3.64138
0.88 0.96000 3.14744
0.9 0.96000 2.63900
0.92 0.96000 2.12010
0.94 0.96000 1.59425
0.96 0.96000 1.06432
0.98 0.96000 0.53245
1.0 0.96000 0.00000

0.0 1.00000 0.00000
0.02 1.00000 0.31817
0.04 1.00000 0.63369
0.06 1.00000 0.94436
0.08 1.00000 1.24842
0.1 1.00000 1.54452
0.12 1.00000 1.83169
0.14 1.00000 2.10929
0.16 1.00000 2.37694
0.18 1.00000 2.63451
0.2 1.00000 2.88200
0.22 1.00000 3.11953
0.24 1.00000 3.34727
0.26 1.00000 3.56539
0.28 1.00000 3.77400
0.3 1.00000 3.97313
0.32 1.00000 4.16269
0.34 1.00000 4.34242
0.36 1.00000 4.51190
0.38 1.00000 4.67054
0.4 1.00000 4.81755
0.42 1.00000 4.95199
0.44 1.00000 5.07275
0.46 1.00000 5.17861
0.48 1.00000 5.26824
0.5 1.00000 5.34025
0.52 1.00000 5.39324
0.54 1.00000 5.42581
0.56 1.00000 5.43665
0.58 1.00000 5.42454
0.6 1.00000 5.38841
0.62 1.00000 5.32737
0.64 1.00000 5.24076
0.66 1.00000 5.12814
0.68 1.00000 4.98935
0.7 1.00000 4.82448
0.72 1.00000 4.63390
0.74 1.00000 4.41827
0.76 1.00000 4.17849
0.78 1.00000 3.91572
0.8 1.00000 3.63132
0.82 1.00000 3.32686
0.84 1.00000 3.00408
0.86 1.00000 2.66484
0.88 1.00000 2.31111
0.9 1.00000 1.94492
0.92 1.00000 1.56834
0.94 1.00000 1.18347
0.96 1.00000 0.79241
0.98 1.00000 0.39723
1.0 1.00000 0.00000

0.0 1.04000 0.00000
0.02 1.04000 -0.01001
0.04 1.04000 0.02307
0.06 1.04000 0.09495
0.08 1.04000 0.20099
0.1 1.04000 0.33619
0.12 1.04000 0.49533
0.14 1.04000 0.67300
0.16 1.04000 0.86370
0.18 1.04000 1.06197
0.2 1.04000 1.26245
0.22 1.04000 1.46002
0.24 1.04000 1.64990
0.26 1.04000 1.82774
0.28 1.04000 1.98972
0.3 1.04000 2.13261
0.32 1.04000 2.25384
0.34 1.04000 2.35153
0.36 1.04000 2.42451
0.38 1.04000 2.47234
0.4 1.04000 2.49525
0.42 1.04000 2.49415
0.44 1.04000 2.47051
0.46 1.04000 2.42630
0.48 1.04000 2.36395
0.5 1.04000 2.28616
0.52 1.04000 2.19586
0.54 1.04000 2.09606
0.56 1.04000 1.98974
0.58 1.04000 1.87974
0.6 1.04000 1.76869
0.62 1.04000 1.65889
0.64 1.04000 1.55222
0.66 1.04000 1.45013
0.68 1.04000 1.35359
0.7 1.04000 1.26305
0.72 1.04000 1.17849
0.74 1.04000 1.09941
0.76 1.04000 1.02490
0.78 1.04000 0.95371
0.8 1.04000 0.88435
0.82 1.04000 0.81516
0.84 1.04000 0.74445
0.86 1.04000 0.67058
0.88 1.04000 0.59215
0.9 1.04000 0.50806
0.92 1.04000 0.41762
0.94 1.04000 0.32073
0.96 1.04000 0.21788
0.98 1.04000 0.11031
1.0 1.04000 0.00000

0.0 1.08000 0.00000
0.02 1.08000 -0.33435
0.04 1.08000 -0.59634
0.06 1.08000 -0.79068
0.08 1.08000 -0.92316
0.1 1.08000 -1.00047
0.12 1.08000 -1.03013
0.14 1.08000 -1.02024
0.16 1.08000 -0.97932
0.18 1.08000 -0.91607
0.2 1.08000 -0.83917
0.22 1.08000 -0.75701
0.24 1.08000 -0.67750
0.26 1.08000 -0.60785
0.28 1.08000 -0.55437
0.3 1.08000 -0.52229
0.32 1.08000 -0.51569
0.34 1.08000 -0.53735
0.36 1.08000 -0.58874
0.38 1.08000 -0.66997
0.4 1.08000 -0.77990
0.42 1.08000 -0.91612
0.44 1.08000 -1.07513
0.46 1.08000 -1.25251
0.48 1.08000 -1.44303
0.5 1.08000 -1.64090
0.52 1.08000 -1.84000
0.54 1.08000 -2.03406
0.56 1.08000 -2.21694
0.58 1.08000 -2.38280
0.6 1.08000 -2.52636
0.62 1.08000 -2.64300
0.64 1.08000 -2.72899
0.66 1.08000 -2.78156
0.68 1.08000 -2.79898
0.7 1.08000 -2.78061
0.72 1.08000 -2.72687
0.74 1.08000 -2.63921
0.76 1.08000 -2.52000
0.78 1.08000 -2.37242
0.8 1.08000 -2.20026
0.82 1.08000 -2.00776
0.84 1.08000 -1.79942
0.86 1.08000 -1.57970
0.88 1.08000 -1.35289
0.9 1.08000 -1.12278
0.92 1.08000 -0.89255
0.94 1.08000 -0.66448
0.96 1.08000 -0.43984
0.98 1.08000 -0.21874
1.0 1.08000 0.00000

0.0 1.12000 0.00000
0.02 1.12000 -0.53097
0.04 1.12000 -0.98794
0.06 1.12000 -1.37427
0.08 1.12000 -1.69464
0.1 1.12000 -1.95494
0.12 1.12000 -2.16206
0.14 1.12000 -2.32371
0.16 1.12000 -2.44819
0.18 1.12000 -2.54411
0.2 1.12000 -2.62014
0.22 1.12000 -2.68477
0.24 1.12000 -2.74600
0.26 1.12000 -2.81114
0.28 1.12000 -2.88657
0.3 1.12000 -2.97755
0.32 1.12000 -3.08809
0.34 1.12000 -3.22082
0.36 1.12000 -3.37694
0.38 1.12000 -3.55621
0.4 1.12000 -3.75699
0.42 1.12000 -3.97629
0.44 1.12000 -4.20994
0.46 1.12000 -4.45273
0.48 1.12000 -4.69864
0.5 1.12000 -4.94102
0.52 1.12000 -5.17287
0.54 1.12000 -5.38706
0.56 1.12000 -5.57664
0.58 1.12000 -5.73503
0.6 1.12000 -5.85626
0.62 1.12000 -5.93518
0.64 1.12000 -5.96765
0.66 1.12000 -5.95063
0.68 1.12000 -5.88228
0.7 1.12000 -5.76203
0.72 1.12000 -5.59052
0.74 1.12000 -5.36961
0.76 1.12000 -5.10223
0.78 1.12000 -4.79225
0.8 1.12000 -4.44434
0.82 1.12000 -4.06370
0.84 1.12000 -3.65588
0.86 1.12000 -3.22652
0.88 1.12000 -2.78111
0.9 1.12000 -2.32471
0.92 1.12000 -1.86175
0.94 1.12000 -1.39585
0.96 1.12000 -0.92954
0.98 1.12000 -0.46422
1.0 1.12000 0.00000

0.0 1.16000 0.00000
0.02 1.16000 -0.52477
0.04 1.16000 -1.00217
0.06 1.16000 -1.43291
0.08 1.16000 -1.81880
0.1 1.16000 -2.16264
0.12 1.16000 -2.46810
0.14 1.16000 -2.73955
0.16 1.16000 -2.98188
0.18 1.16000 -3.20032
0.2 1.16000 -3.40024
0.22 1.16000 -3.58696
0.24 1.16000 -3.76553
0.26 1.16000 -3.94058
0.28 1.16000 -4.11610
0.3 1.16000 -4.29539
0.32 1.16000 -4.48084
0.34 1.16000 -4.67394
0.36 1.16000 -4.87516
0.38 1.16000 -5.08399
0.4 1.16000 -5.29892
0.42 1.16000 -5.51753
0.44 1.16000 -5.73657
0.46 1.16000 -5.95204
0.48 1.16000 -6.15942
0.5 1.16000 -6.35372
0.52 1.16000 -6.52976
0.54 1.16000 -6.68227
0.56 1.16000 -6.80614
0.58 1.16000 -6.89655
0.6 1.16000 -6.94915
0.62 1.16000 -6.96022
0.64 1.16000 -6.92677
0.66 1.16000 -6.84666
0.68 1.16000 -6.71865
0.7 1.16000 -6.54245
0.72 1.16000 -6.31869
0.74 1.16000 -6.04891
0.76 1.16000 -5.73549
0.78 1.16000 -5.38153
0.8 1.16000 -4.99076
0.82 1.16000 -4.56737
0.84 1.16000 -4.11586
0.86 1.16000 -3.64087
0.88 1.16000 -3.14699
0.9 1.16000 -2.63863
0.92 1.16000 -2.11980
0.94 1.16000 -1.59402
0.96 1.16000 -1.06417
0.98 1.16000 -0.53238
1.0 1.16000 0.00000

0.0 1.20000 0.00000
0.02 1.20000 -0.31811
0.04 1.20000 -0.63359
0.06 1.20000 -0.94421
0.08 1.20000 -1.24822
0.1 1.20000 -1.54427
0.12 1.20000 -1.83139
0.14 1.20000 -2.10894
0.16 1.20000 -2.37655
0.18 1.20000 -2.63407
0.2 1.20000 -2.88151
0.22 1.20000 -3.11900
0.24 1.20000 -3.34671
0.26 1.20000 -3.56479
0.28 1.20000 -3.77337
0.3 1.20000 -3.97247
0.32 1.20000 -4.16200
0.34 1.20000 -4.34170
0.36 1.20000 -4.51116
0.38 1.20000 -4.66977
0.4 1.20000 -4.81677
0.42 1.20000 -4.95119
0.44 1.20000 -5.07194
0.46 1.20000 -5.17779
0.48 1.20000 -5.26742
0.5 1.20000 -5.33943
0.52 1.20000 -5.39242
0.54 1.20000 -5.42500
0.56 1.20000 -5.43584
0.58 1.20000 -5.42374
0.6 1.20000 -5.38763
0.62 1.20000 -5.32661
0.64 1.20000 -5.24002
0.66 1.20000 -5.12742
0.68 1.20000 -4.98865
0.7 1.20000 -4.82381
0.72 1.20000 -4.63327
0.74 1.20000 -4.41767
0.76 1.20000 -4.17793
0.78 1.20000 -3.91519
0.8 1.20000 -3.63083
0.82 1.20000 -3.32642
0.84 1.20000 -3.00368
0.86 1.20000 -2.66449
0.88 1.20000 -2.31080
0.9 1.20000 -1.94466
0.92 1.20000 -1.56814
0.94 1.20000 -1.18332
0.96 1.20000 -0.79231
0.98 1.20000 -0.39718
1.0 1.20000 0.00000

0.0 1.24000 0.00000
0.02 1.24000 0.01005
0.04 1.24000 -0.02300
0.06 1.24000 -0.09485
0.08 1.24000 -0.20085
0.1 1.24000 -0.33602
0.12 1.24000 -0.49512
0.14 1.24000 -0.67276
0.16 1.24000 -0.86343
0.18 1.24000 -1.06167
0.2 1.24000 -1.26211
0.22 1.24000 -1.45966
0.24 1.24000 -1.64951
0.26 1.24000 -1.82733
0.28 1.24000 -1.98929
0.3 1.24000 -2.13215
0.32 1.24000 -2.25336
0.34 1.24000 -2.35103
0.36 1.24000 -2.42400
0.38 1.24000 -2.47181
0.4 1.24000 -2.49472
0.42 1.24000 -2.49360
0.44 1.24000 -2.46995
0.46 1.24000 -2.42574
0.48 1.24000 -2.36339
0.5 1.24000 -2.28560
0.52 1.24000 -2.19530
0.54 1.24000 -2.09550
0.56 1.24000 -1.98918
0.58 1.24000 -1.87919
0.6 1.24000 -1.76816
0.62 1.24000 -1.65836
0.64 1.24000 -1.55171
0.66 1.24000 -1.44964
0.68 1.24000 -1.35311
0.7 1.24000 -1.26260
0.72 1.24000 -1.17805
0.74 1.24000 -1.09899
0.76 1.24000 -1.02451
0.78 1.24000 -0.95335
0.8 1.24000 -0.88402
0.82 1.24000 -0.81486
0.84 1.24000 -0.74417
0.86 1.24000 -0.67034
0.88 1.24000 -0.59195
0.9 1.24000 -0.50788
0.92 1.24000 -0.41748
0.94 1.24000 -0.32062
0.96 1.24000 -0.21781
0.98 1.24000 -0.11027
1.0 1.24000 0.00000

0.0 1.28000 0.00000
0.02 1.28000 0.33438
0.04 1.28000 0.59639
0.06 1.28000 0.79075
0.08 1.28000 0.92325
0.1 1.28000 1.00059
0.12 1.28000 1.03028
0.14 1.28000 1.02041
0.16 1.28000 0.97951
0.18 1.28000 0.91628
0.2 1.28000 0.83940
0.22 1.28000 0.75726
0.24 1.28000 0.67777
0.26 1.28000 0.60814
0.28 1.28000 0.55466
0.3 1.28000 0.52260
0.32 1.28000 0.51601
0.34 1.28000 0.53769
0.36 1.28000 0.58909
0.38 1.28000 0.67034
0.4 1.28000 0.78027
0.42 1.28000 0.91649
0.44 1.28000 1.07552
0.46 1.28000 1.25290
0.48 1.28000 1.44342
0.5 1.28000 1.64129
0.52 1.28000 1.84039
0.54 1.28000 2.03445
0.56 1.28000 2.21732
0.58 1.28000 2.38318
0.6 1.28000 2.52673
0.62 1.28000 2.64336
0.64 1.28000 2.72934
0.66 1.28000 2.78190
0.68 1.28000 2.79931
0.7 1.28000 2.78092
0.72 1.28000 2.72717
0.74 1.28000 2.63949
0.76 1.28000 2.52027
0.78 1.28000 2.37266
0.8 1.28000 2.20048
0.82 1.28000 2.00797
0.84 1.28000 1.79960
0.86 1.28000 1.57987
0.88 1.28000 1.35303
0.9 1.28000 1.12290
0.92 1.28000 0.89265
0.94 1.28000 0.66455
0.96 1.28000 0.43989
0.98 1.28000 0.21876
1.0 1.28000 0.00000

0.0 1.32000 0.00000
0.02 1.32000 0.53099
0.04 1.32000 0.98797
0.06 1.32000 1.37432
0.08 1.32000 1.69471
0.1 1.32000 1.95502
0.12 1.32000 2.16216
0.14 1.32000 2.32383
0.16 1.32000 2.44832
0.18 1.32000 2.54425
0.2 1.32000 2.62030
0.22 1.32000 2.68494
0.24 1.32000 2.74618
0.26 1.32000 2.81133
0.28 1.32000 2.88677
0.3 1.32000 2.97776
0.32 1.32000 3.08831
0.34 1.32000 3.22105
0.36 1.32000 3.37718
0.38 1.32000 3.55646
0.4 1.32000 3.75724
0.42 1.32000 3.97654
0.44 1.32000 4.21020
0.46 1.32000 4.45300
0.48 1.32000 4.69891
0.5 1.32000 4.94129
0.52 1.32000 5.17313
0.54 1.32000 5.38733
0.56 1.32000 5.57691
0.58 1.32000 5.73529
0.6 1.32000 5.85651
0.62 1.32000 5.93543
0.64 1.32000 5.96789
0.66 1.32000 5.95086
0.68 1.32000 5.88251
0.7 1.32000 5.76224
0.72 1.32000 5.59073
0.74 1.32000 5.36980
0.76 1.32000 5.10241
0.78 1.32000 4.79242
0.8 1.32000 4.44449
0.82 1.32000 4.06384
0.84 1.32000 3.65601
0.86 1.32000 3.22664
0.88 1.32000 2.78120
0.9 1.32000 2.32479
0.92 1.32000 1.86182
0.94 1.32000 1.39590
0.96 1.32000 0.92957
0.98 1.32000 0.46424
1.0 1.32000 0.00000

0.0 1.36000 0.00000
0.02 1.36000 0.52478
0.04 1.36000 1.00219
0.06 1.36000 1.43294
0.08 1.36000 1.81884
0.1 1.36000 2.16270
0.12 1.36000 2.46817
0.14 1.36000 2.73963
0.16 1.36000 2.98197
0.18 1.36000 3.20041
0.2 1.36000 3.40035
0.22 1.36000 3.58708
0.24 1.36000 3.76566
0.26 1.36000 3.94071
0.28 1.36000 4.11624
0.3 1.36000 4.29554
0.32 1.36000 4.48100
0.34 1.36000 4.67410
0.36 1.36000 4.87533
0.38 1.36000 5.08416
0.4 1.36000 5.29909
0.42 1.36000 5.51771
0.44 1.36000 5.73675
0.46 1.36000 5.95222
0.48 1.36000 6.15960
0.5 1.36000 6.35390
0.52 1.36000 6.52994
0.54 1.36000 6.68245
0.56 1.36000 6.80632
0.58 1.36000 6.89673
0.6 1.36000 6.94932
0.62 1.36000 6.96039
0.64 1.36000 6.92693
0.66 1.36000 6.84682
0.68 1.36000 6.71881
0.7 1.36000 6.54260
0.72 1.36000 6.31883
0.74 1.36000 6.04904
0.76 1.36000 5.73561
0.78 1.36000 5.38165
0.8 1.36000 4.99087
0.82 1.36000 4.56747
0.84 1.36000 4.11595
0.86 1.36000 3.64095
0.88 1.36000 3.14706
0.9 1.36000 2.63869
0.92 1.36000 2.11985
0.94 1.36000 1.59406
0.96 1.36000 1.06419
0.98 1.36000 0.53239
1.0 1.36000 0.00000

0.0 1.40000 0.00000
0.02 1.40000 0.31812
0.04 1.40000 0.63360
0.06 1.40000 0.94423
0.08 1.40000 1.24825
0.1 1.40000 1.54431
0.12 1.40000 1.83143
0.14 1.40000 2.10899
0.16 1.40000 2.37661
0.18 1.40000 2.63414
0.2 1.40000 2.88159
0.22 1.40000 3.11908
0.24 1.40000 3.34679
0.26 1.40000 3.56488
0.28 1.40000 3.77346
0.3 1.40000 3.97257
0.32 1.40000 4.16210
0.34 1.40000 4.34181
0.36 1.40000 4.51127
0.38 1.40000 4.66989
0.4 1.40000 4.81689
0.42 1.40000 4.95131
0.44 1.40000 5.07206
0.46 1.40000 5.17792
0.48 1.40000 5.26754
0.5 1.40000 5.33955
0.52 1.40000 5.39254
0.54 1.40000 5.42512
0.56 1.40000 5.43597
0.58 1.40000 5.42386
0.6 1.40000 5.38775
0.62 1.40000 5.32672
0.64 1.40000 5.24013
0.66 1.40000 5.12753
0.68 1.40000 4.98876
0.7 1.40000 4.82391
0.72 1.40000 4.63337
0.74 1.40000 4.41777
0.76 1.40000 4.17802
0.78 1.40000 3.91527
0.8 1.40000 3.63091
0.82 1.40000 3.32649
0.84 1.40000 3.00374
0.86 1.40000 2.66454
0.88 1.40000 2.31085
0.9 1.40000 1.94470
0.92 1.40000 1.56817
0.94 1.40000 1.18334
0.96 1.40000 0.79232
0.98 1.40000 0.39719
1.0 1.40000 0.00000

0.0 1.44000 0.00000
0.02 1.44000 -0.01004
0.04 1.44000 0.02301
0.06 1.44000 0.09486
0.08 1.44000 0.20087
0.1 1.44000 0.33604
0.12 1.44000 0.49515
0.14 1.44000 0.67279
0.16 1.44000 0.86347
0.18 1.44000 1.06171
0.2 1.44000 1.26216
0.22 1.44000 1.45971
0.24 1.44000 1.64957
0.26 1.44000 1.82739
0.28 1.44000 1.98935
0.3 1.44000 2.13222
0.32 1.44000 2.25343
0.34 1.44000 2.35111
0.36 1.44000 2.42407
0.38 1.44000 2.47189
0.4 1.44000 2.49480
0.42 1.44000 2.49369
0.44 1.44000 2.47003
0.46 1.44000 2.42583
0.48 1.44000 2.36347
0.5 1.44000 2.28568
0.52 1.44000 2.19539
0.54 1.44000 2.09558
0.56 1.44000 1.98926
0.58 1.44000 1.87928
0.6 1.44000 1.76824
0.62 1.44000 1.65844
0.64 1.44000 1.55178
0.66 1.44000 1.44971
0.68 1.44000 1.35319
0.7 1.44000 1.26267
0.72 1.44000 1.17812
0.74 1.44000 1.09906
0.76 1.44000 1.02457
0.78 1.44000 0.95341
0.8 1.44000 0.88407
0.82 1.44000 0.81491
0.84 1.44000 0.74422
0.86 1.44000 0.67038
0.88 1.44000 0.59198
0.9 1.44000 0.50791
0.92 1.44000 0.41750
0.94 1.44000 0.32064
0.96 1.44000 0.21782
0.98 1.44000 0.11028
1.0 1.44000 0.00000

0.0 1.48000 0.00000
0.02 1.48000 -0.33437
0.04 1.48000 -0.59638
0.06 1.48000 -0.79074
0.08 1.48000 -0.92324
0.1 1.48000 -1.00058
0.12 1.48000 -1.03026
0.14 1.48000 -1.02038
0.16 1.48000 -0.97948
0.18 1.48000 -0.91625
0.2 1.48000 -0.83936
0.22 1.48000 -0.75722
0.24 1.48000 -0.67773
0.26 1.48000 -0.60809
0.28 1.48000 -0.55462
0.3 1.48000 -0.52255
0.32 1.48000 -0.51596
0.34 1.48000 -0.53764
0.36 1.48000 -0.58903
0.38 1.48000 -0.67028
0.4 1.48000 -0.78021
0.42 1.48000 -0.91643
0.44 1.48000 -1.07546
0.46 1.48000 -1.25284
0.48 1.48000 -1.44336
0.5 1.48000 -1.64123
0.52 1.48000 -1.84033
0.54 1.48000 -2.03439
0.56 1.48000 -2.21726
0.58 1.48000 -2.38312
0.6 1.48000 -2.52667
0.62 1.48000 -2.64330
0.64 1.48000 -2.72929
0.66 1.48000 -2.78185
0.68 1.48000 -2.79926
0.7 1.48000 -2.78087
0.72 1.48000 -2.72712
0.74 1.48000 -2.63945
0.76 1.48000 -2.52023
0.78 1.48000 -2.37263
0.8 1.48000 -2.20045
0.82 1.48000 -2.00794
0.84 1.48000 -1.79957
0.86 1.48000 -1.57984
0.88 1.48000 -1.35301
0.9 1.48000 -1.12289
0.92 1.48000 -0.89263
0.94 1.48000 -0.66454
0.96 1.48000 -0.43988
0.98 1.48000 -0.21876
1.0 1.48000 0.00000

0.0 1.52000 0.00000
0.02 1.52000 -0.53098
0.04 1.52000 -0.98797
0.06 1.52000 -1.37431
0.08 1.52000 -1.69470
0.1 1.52000 -1.95501
0.12 1.52000 -2.16214
0.14 1.52000 -2.32381
0.16 1.52000 -2.44830
0.18 1.52000 -2.54423
0.2 1.52000 -2.62028
0.22 1.52000 -2.68491
0.24 1.52000 -2.74616
0.26 1.52000 -2.81130
0.28 1.52000 -2.88674
0.3 1.52000 -2.97773
0.32 1.52000 -3.08828
0.34 1.52000 -3.22102
0.36 1.52000 -3.37715
0.38 1.52000 -3.55642
0.4 1.52000 -3.75720
0.42 1.52000 -3.97650
0.44 1.52000 -4.21016
0.46 1.52000 -4.45296
0.48 1.52000 -4.69887
0.5 1.52000 -4.94125
0.52 1.52000 -5.17309
0.54 1.52000 -5.38729
0.56 1.52000 -5.57687
0.58 1.52000 -5.73525
0.6 1.52000 -5.85647
0.62 1.52000 -5.93539
0.64 1.52000 -5.96786
0.66 1.52000 -5.95083
0.68 1.52000 -5.88247
0.7 1.52000 -5.76221
0.72 1.52000 -5.59069
0.74 1.52000 -5.36977
0.76 1.52000 -5.10238
0.78 1.52000 -4.79239
0.8 1.52000 -4.44447
0.82 1.52000 -4.06382
0.84 1.52000 -3.65599
0.86 1.52000 -3.22662
0.88 1.52000 -2.78119
0.9 1.52000 -2.32477
0.92 1.52000 -1.86181
0.94 1.52000 -1.39589
0.96 1.52000 -0.92957
0.98 1.52000 -0.46423
1.0 1.52000 0.00000

0.0 1.56000 0.00000
0.02 1.56000 -0.52478
0.04 1.56000 -1.00218
0.06 1.56000 -1.43294
0.08 1.56000 -1.81884
0.1 1.56000 -2.16269
0.12 1.56000 -2.46816
0.14 1.56000 -2.73962
0.16 1.56000 -2.98195
0.18 1.56000 -3.20040
0.2 1.56000 -3.40033
0.22 1.56000 -3.58706
0.24 1.56000 -3.76564
0.26 1.56000 -3.94069
0.28 1.56000 -4.11622
0.3 1.56000 -4.29551
0.32 1.56000 -4.48097
0.34 1.56000 -4.67407
0.36 1.56000 -4.87530
0.38 1.56000 -5.08413
0.4 1.56000 -5.29907
0.42 1.56000 -5.51768
0.44 1.56000 -5.73672
0.46 1.56000 -5.95220
0.48 1.56000 -6.15957
0.5 1.56000 -6.35387
0.52 1.56000 -6.52991
0.54 1.56000 -6.68242
0.56 1.56000 -6.80629
0.58 1.56000 -6.89670
0.6 1.56000 -6.94930
0.62 1.56000 -6.96036
0.64 1.56000 -6.92691
0.66 1.56000 -6.84679
0.68 1.56000 -6.71878
0.7 1.56000 -6.54258
0.72 1.56000 -6.31881
0.74 1.56000 -6.04902
0.76 1.56000 -5.73559
0.78 1.56000 -5.38163
0.8 1.56000 -4.99085
0.82 1.56000 -4.56745
0.84 1.56000 -4.11594
0.86 1.56000 -3.64093
0.88 1.56000 -3.14705
0.9 1.56000 -2.63868
0.92 1.56000 -2.11984
0.94 1.56000 -1.59405
0.96 1.56000 -1.06419
0.98 1.56000 -0.53239
1.0 1.56000 0.00000

0.0 1.60000 0.00000
0.02 1.60000 -0.31812
0.04 1.60000 -0.63360
0.06 1.60000 -0.94423
0.08 1.60000 -1.24824
0.1 1.60000 -1.54430
0.12 1.60000 -1.83143
0.14 1.60000 -2.10898
0.16 1.60000 -2.37660
0.18 1.60000 -2.63413
0.2 1.60000 -2.88158
0.22 1.60000 -3.11907
0.24 1.60000 -3.34678
0.26 1.60000 -3.56486
0.28 1.60000 -3.77345
0.3 1.60000 -3.97255
0.32 1.60000 -4.16209
0.34 1.60000 -4.34179
0.36 1.60000 -4.51126
0.38 1.60000 -4.66987
0.4 1.60000 -4.81687
0.42 1.60000 -4.95129
0.44 1.60000 -5.07205
0.46 1.60000 -5.17790
0.48 1.60000 -5.26752
0.5 1.60000 -5.33953
0.52 1.60000 -5.39252
0.54 1.60000 -5.42510
0.56 1.60000 -5.43595
0.58 1.60000 -5.42385
0.6 1.60000 -5.38773
0.62 1.60000 -5.32671
0.64 1.60000 -5.24011
0.66 1.60000 -5.12752
0.68 1.60000 -4.98874
0.7 1.60000 -4.82390
0.72 1.60000 -4.63335
0.74 1.60000 -4.41775
0.76 1.60000 -4.17800
0.78 1.60000 -3.91526
0.8 1.60000 -3.63090
0.82 1.60000 -3.32648
0.84 1.60000 -3.00374
0.86 1.60000 -2.66454
0.88 1.60000 -2.31084
0.9 1.60000 -1.94469
0.92 1.60000 -1.56816
0.94 1.60000 -1.18334
0.96 1.60000 -0.79232
0.98 1.60000 -0.39719
1.0 1.60000 0.00000

0.0 1.64000 0.00000
0.02 1.64000 0.01005
0.04 1.64000 -0.02300
0.06 1.64000 -0.09486
0.08 1.64000 -0.20086
0.1 1.64000 -0.33604
0.12 1.64000 -0.49515
0.14 1.64000 -0.67279
0.16 1.64000 -0.86347
0.18 1.64000 -1.06170
0.2 1.64000 -1.26216
0.22 1.64000 -1.45970
0.24 1.64000 -1.64956
0.26 1.64000 -1.82738
0.28 1.64000 -1.98934
0.3 1.64000 -2.13221
0.32 1.64000 -2.25342
0.34 1.64000 -2.35109
0.36 1.64000 -2.42406
0.38 1.64000 -2.47188
0.4 1.64000 -2.49479
0.42 1.64000 -2.49367
0.44 1.64000 -2.47002
0.46 1.64000 -2.42582
0.48 1.64000 -2.36346
0.5 1.64000 -2.28567
0.52 1.64000 -2.19537
0.54 1.64000 -2.09557
0.56 1.64000 -1.98925
0.58 1.64000 -1.87926
0.6 1.64000 -1.76823
0.62 1.64000 -1.65843
0.64 1.64000 -1.55177
0.66 1.64000 -1.44970
0.68 1.64000 -1.35317
0.7 1.64000 -1.26266
0.72 1.64000 -1.17811
0.74 1.64000 -1.09905
0.76 1.64000 -1.02456
0.78 1.64000 -0.95340
0.8 1.64000 -0.88406
0.82 1.64000 -0.81490
0.84 1.64000 -0.74421
0.86 1.64000 -0.67037
0.88 1.64000 -0.59197
0.9 1.64000 -0.50790
0.92 1.64000 -0.41750
0.94 1.64000 -0.32063
0.96 1.64000 -0.21782
0.98 1.64000 -0.11027
1.0 1.64000 0.00000

0.0 1.68000 0.00000
0.02 1.68000 0.33437
0.04 1.68000 0.59638
0.06 1.68000 0.79074
0.08 1.68000 0.92324
0.1 1.68000 1.00058
0.12 1.68000 1.03026
0.14 1.68000 1.02039
0.16 1.68000 0.97948
0.18 1.68000 0.91625
0.2 1.68000 0.83937
0.22 1.68000 0.75723
0.24 1.68000 0.67774
0.26 1.68000 0.60810
0.28 1.68000 0.55463
0.3 1.68000 0.52256
0.32 1.68000 0.51597
0.34 1.68000 0.53764
0.36 1.68000 0.58904
0.38 1.68000 0.67029
0.4 1.68000 0.78022
0.42 1.68000 0.91644
0.44 1.68000 1.07547
0.46 1.68000 1.25285
0.48 1.68000 1.44337
0.5 1.68000 1.64124
0.52 1.68000 1.84034
0.54 1.68000 2.03440
0.56 1.68000 2.21727
0.58 1.68000 2.38313
0.6 1.68000 2.52668
0.62 1.68000 2.64331
0.64 1.68000 2.72929
0.66 1.68000 2.78185
0.68 1.68000 2.79926
0.7 1.68000 2.78088
0.72 1.68000 2.72713
0.74 1.68000 2.63946
0.76 1.68000 2.52023
0.78 1.68000 2.37263
0.8 1.68000 2.20045
0.82 1.68000 2.00794
0.84 1.68000 1.79958
0.86 1.68000 1.57985
0.88 1.68000 1.35301
0.9 1.68000 1.12289
0.92 1.68000 0.89263
0.94 1.68000 0.66454
0.96 1.68000 0.43989
0.98 1.68000 0.21876
1.0 1.68000 0.00000

0.0 1.72000 0.00000
0.02 1.72000 0.53098
0.04 1.72000 0.98797
0.06 1.72000 1.37431
0.08 1.72000 1.69470
0.1 1.72000 1.95501
0.12 1.72000 2.16214
0.14 1.72000 2.32381
0.16 1.72000 2.44830
0.18 1.72000 2.54423
0.2 1.72000 2.62028
0.22 1.72000 2.68492
0.24 1.72000 2.74616
0.26 1.72000 2.81131
0.28 1.72000 2.88675
0.3 1.72000 2.97774
0.32 1.72000 3.08828
0.34 1.72000 3.22102
0.36 1.72000 3.37715
0.38 1.72000 3.55643
0.4 1.72000 3.75721
0.42 1.72000 3.97651
0.44 1.72000 4.21016
0.46 1.72000 4.45296
0.48 1.72000 4.69888
0.5 1.72000 4.94125
0.52 1.72000 5.17310
0.54 1.72000 5.38729
0.56 1.72000 5.57687
0.58 1.72000 5.73525
0.6 1.72000 5.85648
0.62 1.72000 5.93540
0.64 1.72000 5.96786
0.66 1.72000 5.95083
0.68 1.72000 5.88248
0.7 1.72000 5.76221
0.72 1.72000 5.59070
0.74 1.72000 5.36978
0.76 1.72000 5.10238
0.78 1.72000 4.79240
0.8 1.72000 4.44447
0.82 1.72000 4.06382
0.84 1.72000 3.65599
0.86 1.72000 3.22662
0.88 1.72000 2.78119
0.9 1.72000 2.32478
0.92 1.72000 1.86181
0.94 1.72000 1.39589
0.96 1.72000 0.92957
0.98 1.72000 0.46423
1.0 1.72000 0.00000

0.0 1.76000 0.00000
0.02 1.76000 0.52478
0.04 1.76000 1.00218
0.06 1.76000 1.43294
0.08 1.76000 1.81884
0.1 1.76000 2.16269
0.12 1.76000 2.46816
0.14 1.76000 2.73962
0.16 1.76000 2.98195
0.18 1.76000 3.20040
0.2 1.76000 3.40034
0.22 1.76000 3.58706
0.24 1.76000 3.76564
0.26 1.76000 3.94069
0.28 1.76000 4.11623
0.3 1.76000 4.29552
0.32 1.76000 4.48098
0.34 1.76000 4.67408
0.36 1.76000 4.87531
0.38 1.76000 5.08414
0.4 1.76000 5.29907
0.42 1.76000 5.51769
0.44 1.76000 5.73672
0.46 1.76000 5.95220
0.48 1.76000 6.15957
0.5 1.76000 6.35388
0.52 1.76000 6.52991
0.54 1.76000 6.68243
0.56 1.76000 6.80630
0.58 1.76000 6.89670
0.6 1.76000 6.94930
0.62 1.76000 6.96037
0.64 1.76000 6.92691
0.66 1.76000 6.84680
0.68 1.76000 6.71879
0.7 1.76000 6.54258
0.72 1.76000 6.31881
0.74 1.76000 6.04903
0.76 1.76000 5.73560
0.78 1.76000 5.38163
0.8 1.76000 4.99085
0.82 1.76000 4.56746
0.84 1.76000 4.11594
0.86 1.76000 3.64094
0.88 1.76000 3.14705
0.9 1.76000 2.63868
0.92 1.76000 2.11984
0.94 1.76000 1.59405
0.96 1.76000 1.06419
0.98 1.76000 0.53239
1.0 1.76000 0.00000

0.0 1.80000 0.00000
0.02 1.80000 0.31812
0.04 1.80000 0.63360
0.06 1.80000 0.94423
0.08 1.80000 1.24824
0.1 1.80000 1.54430
0.12 1.80000 1.83143
0.14 1.80000 2.10898
0.16 1.80000 2.37660
0.18 1.80000 2.63413
0.2 1.80000 2.88158
0.22 1.80000 3.11907
0.24 1.80000 3.34678
0.26 1.80000 3.56487
0.28 1.80000 3.77345
0.3 1.80000 3.97256
0.32 1.80000 4.16209
0.34 1.80000 4.34180
0.36 1.80000 4.51126
0.38 1.80000 4.66988
0.4 1.80000 4.81687
0.42 1.80000 4.95130
0.44 1.80000 5.07205
0.46 1.80000 5.17790
0.48 1.80000 5.26753
0.5 1.80000 5.33954
0.52 1.80000 5.39252
0.54 1.80000 5.42510
0.56 1.80000 5.43595
0.58 1.80000 5.42385
0.6 1.80000 5.38773
0.62 1.80000 5.32671
0.64 1.80000 5.24012
0.66 1.80000 5.12752
0.68 1.80000 4.98875
0.7 1.80000 4.82390
0.72 1.80000 4.63335
0.74 1.80000 4.41775
0.76 1.80000 4.17801
0.78 1.80000 3.91526
0.8 1.80000 3.63090
0.82 1.80000 3.32648
0.84 1.80000 3.00374
0.86 1.80000 2.66454
0.88 1.80000 2.31084
0.9 1.80000 1.94470
0.92 1.80000 1.56816
0.94 1.80000 1.18334
0.96 1.80000 0.79232
0.98 1.80000 0.39719
1.0 1.80000 0.00000

0.0 1.84000 0.00000
0.02 1.84000 -0.01005
0.04 1.84000 0.02300
0.06 1.84000 0.09486
0.08 1.84000 0.20086
0.1 1.84000 0.33604
0.12 1.84000 0.49515
0.14 1.84000 0.67279
0.16 1.84000 0.86347
0.18 1.84000 1.06171
0.2 1.84000 1.26216
0.22 1.84000 1.45970
0.24 1.84000 1.64956
0.26 1.84000 1.82738
0.28 1.84000 1.98934
0.3 1.84000 2.13221
0.32 1.84000 2.25343
0.34 1.84000 2.35110
0.36 1.84000 2.42406
0.38 1.84000 2.47188
0.4 1.84000 2.49479
0.42 1.84000 2.49368
0.44 1.84000 2.47002
0.46 1.84000 2.42582
0.48 1.84000 2.36346
0.5 1.84000 2.28567
0.52 1.84000 2.19537
0.54 1.84000 2.09557
0.56 1.84000 1.98925
0.58 1.84000 1.87927
0.6 1.84000 1.76823
0.62 1.84000 1.65843
0.64 1.84000 1.55177
0.66 1.84000 1.44970
0.68 1.84000 1.35318
0.7 1.84000 1.26266
0.72 1.84000 1.17811
0.74 1.84000 1.09905
0.76 1.84000 1.02456
0.78 1.84000 0.95340
0.8 1.84000 0.88406
0.82 1.84000 0.81490
0.84 1.84000 0.74421
0.86 1.84000 0.67038
0.88 1.84000 0.59197
0.9 1.84000 0.50790
0.92 1.84000 0.41750
0.94 1.84000 0.32063
0.96 1.84000 0.21782
0.98 1.84000 0.11027
1.0 1.84000 0.00000

0.0 1.88000 0.00000
0.02 1.88000 -0.33437
0.04 1.88000 -0.59638
0.06 1.88000 -0.79074
0.08 1.88000 -0.92324
0.1 1.88000 -1.00058
0.12 1.88000 -1.03026
0.14 1.88000 -1.02039
0.16 1.88000 -0.97948
0.18 1.88000 -0.91625
0.2 1.88000 -0.83937
0.22 1.88000 -0.75722
0.24 1.88000 -0.67774
0.26 1.88000 -0.60810
0.28 1.88000 -0.55462
0.3 1.88000 -0.52256
0.32 1.88000 -0.51597
0.34 1.88000 -0.53764
0.36 1.88000 -0.58904
0.38 1.88000 -0.67029
0.4 1.88000 -0.78022
0.42 1.88000 -0.91644
0.44 1.88000 -1.07547
0.46 1.88000 -1.25285
0.48 1.88000 -1.44336
0.5 1.88000 -1.64124
0.52 1.88000 -1.84033
0.54 1.88000 -2.03439
0.56 1.88000 -2.21727
0.58 1.88000 -2.38313
0.6 1.88000 -2.52668
0.62 1.88000 -2.64331
0.64 1.88000 -2.72929
0.66 1.88000 -2.78185
0.68 1.88000 -2.79926
0.7 1.88000 -2.78088
0.72 1.88000 -2.72713
0.74 1.88000 -2.63946
0.76 1.88000 -2.52023
0.78 1.88000 -2.37263
0.8 1.88000 -2.20045
0.82 1.88000 -2.00794
0.84 1.88000 -1.79958
0.86 1.88000 -1.57985
0.88 1.88000 -1.35301
0.9 1.88000 -1.12289
0.92 1.88000 -0.89263
0.94 1.88000 -0.66454
0.96 1.88000 -0.43988
0.98 1.88000 -0.21876
1.0 1.88000 0.00000

0.0 1.92000 0.00000
0.02 1.92000 -0.53098
0.04 1.92000 -0.98797
0.06 1.92000 -1.37431
0.08 1.92000 -1.69470
0.1 1.92000 -1.95501
0.12 1.92000 -2.16214
0.14 1.92000 -2.32381
0.16 1.92000 -2.44830
0.18 1.92000 -2.54423
0.2 1.92000 -2.62028
0.22 1.92000 -2.68492
0.24 1.92000 -2.74616
0.26 1.92000 -2.81131
0.28 1.92000 -2.88674
0.3 1.92000 -2.97773
0.32 1.92000 -3.08828
0.34 1.92000 -3.22102
0.36 1.92000 -3.37715
0.38 1.92000 -3.55643
0.4 1.92000 -3.75721
0.42 1.92000 -3.97651
0.44 1.92000 -4.21016
0.46 1.92000 -4.45296
0.48 1.92000 -4.69887
0.5 1.92000 -4.94125
0.52 1.92000 -5.17310
0.54 1.92000 -5.38729
0.56 1.92000 -5.57687
0.58 1.92000 -5.73525
0.6 1.92000 -5.85648
0.62 1.92000 -5.93540
0.64 1.92000 -5.96786
0.66 1.92000 -5.95083
0.68 1.92000 -5.88248
0.7 1.92000 -5.76221
0.72 1.92000 -5.59070
0.74 1.92000 -5.36978
0.76 1.92000 -5.10238
0.78 1.92000 -4.79240
0.8 1.92000 -4.44447
0.82 1.92000 -4.06382
0.84 1.92000 -3.65599
0.86 1.92000 -3.22662
0.88 1.92000 -2.78119
0.9 1.92000 -2.32478
0.92 1.92000 -1.86181
0.94 1.92000 -1.39589
0.96 1.92000 -0.92957
0.98 1.92000 -0.46423
1.0 1.92000 0.00000

0.0 1.96000 0.00000
0.02 1.96000 -0.52478
0.04 1.96000 -1.00218
0.06 1.96000 -1.43294
0.08 1.96000 -1.81884
0.1 1.96000 -2.16269
0.12 1.96000 -2.46816
0.14 1.96000 -2.73962
0.16 1.96000 -2.98195
0.18 1.96000 -3.20040
0.2 1.96000 -3.40034
0.22 1.96000 -3.58706
0.24 1.96000 -3.76564
0.26 1.96000 -3.94069
0.28 1.96000 -4.11623
0.3 1.96000 -4.29552
0.32 1.96000 -4.48098
0.34 1.96000 -4.67408
0.36 1.96000 -4.87530
0.38 1.96000 -5.08414
0.4 1.96000 -5.29907
0.42 1.96000 -5.51769
0.44 1.96000 -5.73672
0.46 1.96000 -5.95220
0.48 1.96000 -6.15957
0.5 1.96000 -6.35388
0.52 1.96000 -6.52991
0.54 1.96000 -6.68243
0.56 1.96000 -6.80630
0.58 1.96000 -6.89670
0.6 1.96000 -6.94930
0.62 1.96000 -6.96037
0.64 1.96000 -6.92691
0.66 1.96000 -6.84680
0.68 1.96000 -6.71879
0.7 1.96000 -6.54258
0.72 1.96000 -6.31881
0.74 1.96000 -6.04903
0.76 1.96000 -5.73560
0.78 1.96000 -5.38163
0.8 1.96000 -4.99085
0.82 1.96000 -4.56746
0.84 1.96000 -4.11594
0.86 1.96000 -3.64094
0.88 1.96000 -3.14705
0.9 1.96000 -2.63868
0.92 1.96000 -2.11984
0.94 1.96000 -1.59405
0.96 1.96000 -1.06419
0.98 1.96000 -0.53239
1.0 1.96000 0.00000

0.0 2.00000 0.00000
0.02 2.00000 -0.31812
0.04 2.00000 -0.63360
0.06 2.00000 -0.94423
0.08 2.00000 -1.24824
0.1 2.00000 -1.54430
0.12 2.00000 -1.83143
0.14 2.00000 -2.10898
0.16 2.00000 -2.37660
0.18 2.00000 -2.63413
0.2 2.00000 -2.88158
0.22 2.00000 -3.11907
0.24 2.00000 -3.34678
0.26 2.00000 -3.56487
0.28 2.00000 -3.77345
0.3 2.00000 -3.97256
0.32 2.00000 -4.16209
0.34 2.00000 -4.34180
0.36 2.00000 -4.51126
0.38 2.00000 -4.66988
0.4 2.00000 -4.81687
0.42 2.00000 -4.95129
0.44 2.00000 -5.07205
0.46 2.00000 -5.17790
0.48 2.00000 -5.26753
0.5 2.00000 -5.33954
0.52 2.00000 -5.39252
0.54 2.00000 -5.42510
0.56 2.00000 -5.43595
0.58 2.00000 -5.42385
0.6 2.00000 -5.38773
0.62 2.00000 -5.32671
0.64 2.00000 -5.24012
0.66 2.00000 -5.12752
0.68 2.00000 -4.98875
0.7 2.00000 -4.82390
0.72 2.00000 -4.63335
0.74 2.00000 -4.41775
0.76 2.00000 -4.17801
0.78 2.00000 -3.91526
0.8 2.00000 -3.63090
0.82 2.00000 -3.32648
0.84 2.00000 -3.00374
0.86 2.00000 -2.66454
0.88 2.00000 -2.31084
0.9 2.00000 -1.94469
0.92 2.00000 -1.56816
0.94 2.00000 -1.18334
0.96 2.00000 -0.79232
0.98 2.00000 -0.39719
1.0 2.00000 0.00000

