0.0 0.00000 0.00000
0.02 0.00000 0.00000
0.04 0.00000 0.00000
0.06 0.00000 0.00000
0.08 0.00000 0.00000
0.1 0.00000 0.00000
0.12 0.00000 0.00000
0.14 0.00000 0.00000
0.16 0.00000 0.00000
0.18 0.00000 0.00000
0.2 0.00000 0.00000
0.22 0.00000 0.00000
0.24 0.00000 0.00000
0.26 0.00000 0.00000
0.28 0.00000 0.00000
0.3 0.00000 0.00000
0.32 0.00000 0.00000
0.34 0.00000 0.00000
0.36 0.00000 0.00000
0.38 0.00000 0.00000
0.4 0.00000 0.00000
0.42 0.00000 0.00000
0.44 0.00000 0.00000
0.46 0.00000 0.00000
0.48 0.00000 0.00000
0.5 0.00000 0.00000
0.52 0.00000 0.00000
0.54 0.00000 0.00000
0.56 0.00000 0.00000
0.58 0.00000 0.00000
0.6 0.00000 10.00000
0.62 0.00000 10.00000
0.64 0.00000 10.00000
0.66 0.00000 10.00000
0.68 0.00000 10.00000
0.7 0.00000 10.00000
0.72 0.00000 10.00000
0.74 0.00000 10.00000
0.76 0.00000 10.00000
0.78 0.00000 10.00000
0.8 0.00000 10.00000
0.82 0.00000 0.00000
0.84 0.00000 0.00000
0.86 0.00000 0.00000
0.88 0.00000 0.00000
0.9 0.00000 0.00000
0.92 0.00000 0.00000
0.94 0.00000 0.00000
0.96 0.00000 0.00000
0.98 0.00000 0.00000
1.0 0.00000 0.00000

0.0 0.08000 0.00000
0.02 0.08000 0.55856
0.04 0.08000 1.04424
0.06 0.08000 1.46126
0.08 0.08000 1.81486
0.1 0.08000 2.11124
0.12 0.08000 2.35735
0.14 0.08000 2.56075
0.16 0.08000 2.72939
0.18 0.08000 2.87141
0.2 0.08000 2.99487
0.22 0.08000 3.10757
0.24 0.08000 3.21676
0.26 0.08000 3.32900
0.28 0.08000 3.44991
0.3 0.08000 3.58405
0.32 0.08000 3.73478
0.34 0.08000 3.90415
0.36 0.08000 4.09289
0.38 0.08000 4.30039
0.4 0.08000 4.52472
0.42 0.08000 4.76276
0.44 0.08000 5.01027
0.46 0.08000 5.26210
0.48 0.08000 5.51234
0.5 0.08000 5.75456
0.52 0.08000 5.98200
0.54 0.08000 6.18786
0.56 0.08000 6.36549
0.58 0.08000 6.50864
0.6 0.08000 6.61168
0.62 0.08000 6.66976
0.64 0.08000 6.67901
0.66 0.08000 6.63662
0.68 0.08000 6.54094
0.7 0.08000 6.39154
0.72 0.08000 6.18917
0.74 0.08000 5.93572
0.76 0.08000 5.63415
0.78 0.08000 5.28834
0.8 0.08000 4.90292
0.82 0.08000 4.48307
0.84 0.08000 4.03433
0.86 0.08000 3.56236
0.88 0.08000 3.07268
0.9 0.08000 2.57046
0.92 0.08000 2.06027
0.94 0.08000 1.54589
0.96 0.08000 1.03014
0.98 0.08000 0.51470
1.0 0.08000 0.00000

0.0 0.16000 0.00000
0.02 0.16000 0.64411
0.04 0.16000 1.24042
0.06 0.16000 1.78918
0.08 0.16000 2.29178
0.1 0.16000 2.75058
0.12 0.16000 3.16881
0.14 0.16000 3.55042
0.16 0.16000 3.89989
0.18 0.16000 4.22206
0.2 0.16000 4.52189
0.22 0.16000 4.80431
0.24 0.16000 5.07401
0.26 0.16000 5.33526
0.28 0.16000 5.59172
0.3 0.16000 5.84635
0.32 0.16000 6.10125
0.34 0.16000 6.35762
0.36 0.16000 6.61567
0.38 0.16000 6.87463
0.4 0.16000 7.13280
0.42 0.16000 7.38755
0.44 0.16000 7.63546
0.46 0.16000 7.87241
0.48 0.16000 8.09373
0.5 0.16000 8.29438
0.52 0.16000 8.46911
0.54 0.16000 8.61263
0.56 0.16000 8.71984
0.58 0.16000 8.78594
0.6 0.16000 8.80666
0.62 0.16000 8.77838
0.64 0.16000 8.69825
0.66 0.16000 8.56428
0.68 0.16000 8.37544
0.7 0.16000 8.13165
0.72 0.16000 7.83380
0.74 0.16000 7.48372
0.76 0.16000 7.08409
0.78 0.16000 6.63837
0.8 0.16000 6.15064
0.82 0.16000 5.62548
0.84 0.16000 5.06782
0.86 0.16000 4.48271
0.88 0.16000 3.87522
0.9 0.16000 3.25019
0.92 0.16000 2.61215
0.94 0.16000 1.96510
0.96 0.16000 1.31242
0.98 0.16000 0.65676
1.0 0.16000 0.00000

0.0 0.24000 0.00000
0.02 0.24000 0.04716
0.04 0.24000 0.13719
0.06 0.24000 0.26558
0.08 0.24000 0.42746
0.1 0.24000 0.61761
0.12 0.24000 0.83060
0.14 0.24000 1.06081
0.16 0.24000 1.30254
0.18 0.24000 1.55011
0.2 0.24000 1.79798
0.22 0.24000 2.04084
0.24 0.24000 2.27374
0.26 0.24000 2.49216
0.28 0.24000 2.69210
0.3 0.24000 2.87021
0.32 0.24000 3.02375
0.34 0.24000 3.15073
0.36 0.24000 3.24987
0.38 0.24000 3.32060
0.4 0.24000 3.36309
0.42 0.24000 3.37815
0.44 0.24000 3.36718
0.46 0.24000 3.33212
0.48 0.24000 3.27534
0.5 0.24000 3.19953
0.52 0.24000 3.10760
0.54 0.24000 3.00257
0.56 0.24000 2.88744
0.58 0.24000 2.76509
0.6 0.24000 2.63818
0.62 0.24000 2.50907
0.64 0.24000 2.37974
0.66 0.24000 2.25170
0.68 0.24000 2.12604
0.7 0.24000 2.00332
0.72 0.24000 1.88363
0.74 0.24000 1.76662
0.76 0.24000 1.65154
0.78 0.24000 1.53729
0.8 0.24000 1.42255
0.82 0.24000 1.30584
0.84 0.24000 1.18565
0.86 0.24000 1.06056
0.88 0.24000 0.92935
0.9 0.24000 0.79113
0.92 0.24000 0.64544
0.94 0.24000 0.49239
0.96 0.24000 0.33270
0.98 0.24000 0.16783
1.0 0.24000 0.00000

0.0 0.32000 0.00000
0.02 0.32000 -0.50397
0.04 0.32000 -0.93405
0.06 0.32000 -1.29370
0.08 0.32000 -1.58772
0.1 0.32000 -1.82208
0.12 0.32000 -2.00378
0.14 0.32000 -2.14065
0.16 0.32000 -2.24106
0.18 0.32000 -2.31372
0.2 0.32000 -2.36741
0.22 0.32000 -2.41069
0.24 0.32000 -2.45165
0.26 0.32000 -2.49769
0.28 0.32000 -2.55524
0.3 0.32000 -2.62966
0.32 0.32000 -2.72501
0.34 0.32000 -2.84398
0.36 0.32000 -2.98782
0.38 0.32000 -3.15636
0.4 0.32000 -3.34797
0.42 0.32000 -3.55972
0.44 0.32000 -3.78746
0.46 0.32000 -4.02602
0.48 0.32000 -4.26938
0.5 0.32000 -4.51089
0.52 0.32000 -4.74357
0.54 0.32000 -4.96030
0.56 0.32000 -5.15410
0.58 0.32000 -5.31837
0.6 0.32000 -5.44712
0.62 0.32000 -5.53519
0.64 0.32000 -5.57839
0.66 0.32000 -5.57362
0.68 0.32000 -5.51902
0.7 0.32000 -5.41395
0.72 0.32000 -5.25900
0.74 0.32000 -5.05596
0.76 0.32000 -4.80768
0.78 0.32000 -4.51798
0.8 0.32000 -4.19142
0.82 0.32000 -3.83313
0.84 0.32000 -3.44858
0.86 0.32000 -3.04331
0.88 0.32000 -2.62270
0.9 0.32000 -2.19173
0.92 0.32000 -1.75474
0.94 0.32000 -1.31521
0.96 0.32000 -0.87560
0.98 0.32000 -0.43720
1.0 0.32000 0.00000

0.0 0.40000 0.00000
0.02 0.40000 -0.30540
0.04 0.40000 -0.60820
0.06 0.40000 -0.90626
0.08 0.40000 -1.19785
0.1 0.40000 -1.48168
0.12 0.40000 -1.75683
0.14 0.40000 -2.02270
0.16 0.40000 -2.27897
0.18 0.40000 -2.52554
0.2 0.40000 -2.76246
0.22 0.40000 -2.98989
0.24 0.40000 -3.20805
0.26 0.40000 -3.41713
0.28 0.40000 -3.61730
0.3 0.40000 -3.80860
0.32 0.40000 -3.99098
0.34 0.40000 -4.16420
0.36 0.40000 -4.32788
0.38 0.40000 -4.48144
0.4 0.40000 -4.62413
0.42 0.40000 -4.75500
0.44 0.40000 -4.87297
0.46 0.40000 -4.97683
0.48 0.40000 -5.06526
0.5 0.40000 -5.13687
0.52 0.40000 -5.19026
0.54 0.40000 -5.22403
0.56 0.40000 -5.23687
0.58 0.40000 -5.22754
0.6 0.40000 -5.19498
0.62 0.40000 -5.13827
0.64 0.40000 -5.05673
0.66 0.40000 -4.94991
0.68 0.40000 -4.81762
0.7 0.40000 -4.65993
0.72 0.40000 -4.47719
0.74 0.40000 -4.27001
0.76 0.40000 -4.03926
0.78 0.40000 -3.78607
0.8 0.40000 -3.51177
0.82 0.40000 -3.21788
0.84 0.40000 -2.90609
0.86 0.40000 -2.57824
0.88 0.40000 -2.23623
0.9 0.40000 -1.88206
0.92 0.40000 -1.51776
0.94 0.40000 -1.14536
0.96 0.40000 -0.76692
0.98 0.40000 -0.38446
1.0 0.40000 0.00000

0.0 0.48000 0.00000
0.02 0.48000 0.34037
0.04 0.48000 0.60834
0.06 0.48000 0.80863
0.08 0.48000 0.94697
0.1 0.48000 1.03007
0.12 0.48000 1.06539
0.14 0.48000 1.06102
0.16 0.48000 1.02546
0.18 0.48000 0.96739
0.2 0.48000 0.89546
0.22 0.48000 0.81806
0.24 0.48000 0.74307
0.26 0.48000 0.67767
0.28 0.48000 0.62816
0.3 0.48000 0.59977
0.32 0.48000 0.59655
0.34 0.48000 0.62128
0.36 0.48000 0.67540
0.38 0.48000 0.75903
0.4 0.48000 0.87099
0.42 0.48000 1.00888
0.44 0.48000 1.16922
0.46 0.48000 1.34753
0.48 0.48000 1.53862
0.5 0.48000 1.73668
0.52 0.48000 1.93559
0.54 0.48000 2.12908
0.56 0.48000 2.31102
0.58 0.48000 2.47557
0.6 0.48000 2.61745
0.62 0.48000 2.73205
0.64 0.48000 2.81565
0.66 0.48000 2.86549
0.68 0.48000 2.87985
0.7 0.48000 2.85809
0.72 0.48000 2.80067
0.74 0.48000 2.70903
0.76 0.48000 2.58557
0.78 0.48000 2.43347
0.8 0.48000 2.25655
0.82 0.48000 2.05908
0.84 0.48000 1.84556
0.86 0.48000 1.62048
0.88 0.48000 1.38815
0.9 0.48000 1.15238
0.92 0.48000 0.91637
0.94 0.48000 0.68243
0.96 0.48000 0.45185
0.98 0.48000 0.22475
1.0 0.48000 0.00000

0.0 0.56000 0.00000
0.02 0.56000 0.52760
0.04 0.56000 1.00782
0.06 0.56000 1.44136
0.08 0.56000 1.83002
0.1 0.56000 2.17658
0.12 0.56000 2.48471
0.14 0.56000 2.75876
0.16 0.56000 3.00361
0.18 0.56000 3.22449
0.2 0.56000 3.42675
0.22 0.56000 3.61571
0.24 0.56000 3.79641
0.26 0.56000 3.97346
0.28 0.56000 4.15086
0.3 0.56000 4.33188
0.32 0.56000 4.51893
0.34 0.56000 4.71346
0.36 0.56000 4.91597
0.38 0.56000 5.12593
0.4 0.56000 5.34182
0.42 0.56000 5.56122
0.44 0.56000 5.78087
0.46 0.56000 5.99679
0.48 0.56000 6.20443
0.5 0.56000 6.39882
0.52 0.56000 6.57477
0.54 0.56000 6.72702
0.56 0.56000 6.85045
0.58 0.56000 6.94024
0.6 0.56000 6.99205
0.62 0.56000 7.00216
0.64 0.56000 6.96758
0.66 0.56000 6.88618
0.68 0.56000 6.75674
0.7 0.56000 6.57894
0.72 0.56000 6.35344
0.74 0.56000 6.08179
0.76 0.56000 5.76636
0.78 0.56000 5.41028
0.8 0.56000 5.01727
0.82 0.56000 4.59154
0.84 0.56000 4.13759
0.86 0.56000 3.66007
0.88 0.56000 3.16360
0.9 0.56000 2.65257
0.92 0.56000 2.13102
0.94 0.56000 1.60247
0.96 0.56000 1.06982
0.98 0.56000 0.53521
1.0 0.56000 0.00000

0.0 0.64000 0.00000
0.02 0.64000 -0.00872
0.04 0.64000 0.02566
0.06 0.64000 0.09883
0.08 0.64000 0.20613
0.1 0.64000 0.34258
0.12 0.64000 0.50294
0.14 0.64000 0.68180
0.16 0.64000 0.87366
0.18 0.64000 1.07305
0.2 0.64000 1.27460
0.22 0.64000 1.47319
0.24 0.64000 1.66405
0.26 0.64000 1.84281
0.28 0.64000 2.00565
0.3 0.64000 2.14934
0.32 0.64000 2.27130
0.34 0.64000 2.36964
0.36 0.64000 2.44322
0.38 0.64000 2.49156
0.4 0.64000 2.51492
0.42 0.64000 2.51418
0.44 0.64000 2.49082
0.46 0.64000 2.44682
0.48 0.64000 2.38459
0.5 0.64000 2.30684
0.52 0.64000 2.21650
0.54 0.64000 2.11657
0.56 0.64000 2.01005
0.58 0.64000 1.89977
0.6 0.64000 1.78836
0.62 0.64000 1.67811
0.64 0.64000 1.57093
0.66 0.64000 1.46825
0.68 0.64000 1.37105
0.7 0.64000 1.27978
0.72 0.64000 1.19442
0.74 0.64000 1.11448
0.76 0.64000 1.03905
0.78 0.64000 0.96689
0.8 0.64000 0.89650
0.82 0.64000 0.82624
0.84 0.64000 0.75441
0.86 0.64000 0.67939
0.88 0.64000 0.59977
0.9 0.64000 0.51444
0.92 0.64000 0.42276
0.94 0.64000 0.32460
0.96 0.64000 0.22047
0.98 0.64000 0.11160
1.0 0.64000 0.00000

0.0 0.72000 0.00000
0.02 0.72000 -0.53036
0.04 0.72000 -0.98672
0.06 0.72000 -1.37244
0.08 0.72000 -1.69222
0.1 0.72000 -1.95193
0.12 0.72000 -2.15847
0.14 0.72000 -2.31957
0.16 0.72000 -2.44350
0.18 0.72000 -2.53889
0.2 0.72000 -2.61442
0.22 0.72000 -2.67856
0.24 0.72000 -2.73934
0.26 0.72000 -2.80404
0.28 0.72000 -2.87906
0.3 0.72000 -2.96967
0.32 0.72000 -3.07987
0.34 0.72000 -3.21229
0.36 0.72000 -3.36813
0.38 0.72000 -3.54716
0.4 0.72000 -3.74773
0.42 0.72000 -3.96686
0.44 0.72000 -4.20037
0.46 0.72000 -4.44307
0.48 0.72000 -4.68893
0.5 0.72000 -4.93129
0.52 0.72000 -5.16315
0.54 0.72000 -5.37740
0.56 0.72000 -5.56708
0.58 0.72000 -5.72560
0.6 0.72000 -5.84700
0.62 0.72000 -5.92613
0.64 0.72000 -5.95884
0.66 0.72000 -5.94210
0.68 0.72000 -5.87406
0.7 0.72000 -5.75415
0.72 0.72000 -5.58302
0.74 0.72000 -5.36251
0.76 0.72000 -5.09556
0.78 0.72000 -4.78604
0.8 0.72000 -4.43861
0.82 0.72000 -4.05848
0.84 0.72000 -3.65119
0.86 0.72000 -3.22238
0.88 0.72000 -2.77752
0.9 0.72000 -2.32170
0.92 0.72000 -1.85933
0.94 0.72000 -1.39402
0.96 0.72000 -0.92832
0.98 0.72000 -0.46361
1.0 0.72000 0.00000

0.0 0.80000 0.00000
0.02 0.80000 -0.31783
0.04 0.80000 -0.63301
0.06 0.80000 -0.94335
0.08 0.80000 -1.24708
0.1 0.80000 -1.54285
0.12 0.80000 -1.82970
0.14 0.80000 -2.10699
0.16 0.80000 -2.37434
0.18 0.80000 -2.63161
0.2 0.80000 -2.87882
0.22 0.80000 -3.11608
0.24 0.80000 -3.34357
0.26 0.80000 -3.56144
0.28 0.80000 -3.76983
0.3 0.80000 -3.96876
0.32 0.80000 -4.15813
0.34 0.80000 -4.33768
0.36 0.80000 -4.50701
0.38 0.80000 -4.66551
0.4 0.80000 -4.81241
0.42 0.80000 -4.94675
0.44 0.80000 -5.06744
0.46 0.80000 -5.17324
0.48 0.80000 -5.26284
0.5 0.80000 -5.33484
0.52 0.80000 -5.38784
0.54 0.80000 -5.42045
0.56 0.80000 -5.43134
0.58 0.80000 -5.41930
0.6 0.80000 -5.38327
0.62 0.80000 -5.32234
0.64 0.80000 -5.23587
0.66 0.80000 -5.12340
0.68 0.80000 -4.98478
0.7 0.80000 -4.82010
0.72 0.80000 -4.62974
0.74 0.80000 -4.41433
0.76 0.80000 -4.17479
0.78 0.80000 -3.91227
0.8 0.80000 -3.62814
0.82 0.80000 -3.32396
0.84 0.80000 -3.00147
0.86 0.80000 -2.66254
0.88 0.80000 -2.30912
0.9 0.80000 -1.94324
0.92 0.80000 -1.56700
0.94 0.80000 -1.18246
0.96 0.80000 -0.79173
0.98 0.80000 -0.39689
1.0 0.80000 0.00000

0.0 0.88000 0.00000
0.02 0.88000 0.33451
0.04 0.88000 0.59666
0.06 0.88000 0.79116
0.08 0.88000 0.92379
0.1 0.88000 1.00126
0.12 0.88000 1.03107
0.14 0.88000 1.02133
0.16 0.88000 0.98055
0.18 0.88000 0.91744
0.2 0.88000 0.84066
0.22 0.88000 0.75863
0.24 0.88000 0.67925
0.26 0.88000 0.60971
0.28 0.88000 0.55633
0.3 0.88000 0.52435
0.32 0.88000 0.51784
0.34 0.88000 0.53958
0.36 0.88000 0.59104
0.38 0.88000 0.67234
0.4 0.88000 0.78232
0.42 0.88000 0.91858
0.44 0.88000 1.07764
0.46 0.88000 1.25504
0.48 0.88000 1.44557
0.5 0.88000 1.64345
0.52 0.88000 1.84254
0.54 0.88000 2.03659
0.56 0.88000 2.21944
0.58 0.88000 2.38527
0.6 0.88000 2.52878
0.62 0.88000 2.64537
0.64 0.88000 2.73129
0.66 0.88000 2.78379
0.68 0.88000 2.80113
0.7 0.88000 2.78267
0.72 0.88000 2.72883
0.74 0.88000 2.64107
0.76 0.88000 2.52175
0.78 0.88000 2.37404
0.8 0.88000 2.20175
0.82 0.88000 2.00913
0.84 0.88000 1.80064
0.86 0.88000 1.58079
0.88 0.88000 1.35383
0.9 0.88000 1.12357
0.92 0.88000 0.89318
0.94 0.88000 0.66496
0.96 0.88000 0.44016
0.98 0.88000 0.21890
1.0 0.88000 0.00000

0.0 0.96000 0.00000
0.02 0.96000 0.52484
0.04 0.96000 1.00232
0.06 0.96000 1.43313
0.08 0.96000 1.81910
0.1 0.96000 2.16301
0.12 0.96000 2.46855
0.14 0.96000 2.74006
0.16 0.96000 2.98245
0.18 0.96000 3.20096
0.2 0.96000 3.40095
0.22 0.96000 3.58773
0.24 0.96000 3.76636
0.26 0.96000 3.94145
0.28 0.96000 4.11703
0.3 0.96000 4.29636
0.32 0.96000 4.48186
0.34 0.96000 4.67499
0.36 0.96000 4.87625
0.38 0.96000 5.08510
0.4 0.96000 5.30006
0.42 0.96000 5.51870
0.44 0.96000 5.73774
0.46 0.96000 5.95323
0.48 0.96000 6.16061
0.5 0.96000 6.35492
0.52 0.96000 6.53095
0.54 0.96000 6.68346
0.56 0.96000 6.80732
0.58 0.96000 6.89771
0.6 0.96000 6.95029
0.62 0.96000 6.96133
0.64 0.96000 6.92785
0.66 0.96000 6.84771
0.68 0.96000 6.71966
0.7 0.96000 6.54342
0.72 0.96000 6.31961
0.74 0.96000 6.04979
0.76 0.96000 5.73631
0.78 0.96000 5.38229
0.8 0.96000 4.99146
0.82 0.96000 4.56801
0.84 0.96000 4.11644
0.86 0.96000 3.64138
0.88 0.96000 3.14744
0.9 0.96000 2.63900
0.92 0.96000 2.12010
0.94 0.96000 1.59425
0.96 0.96000 1.06432
0.98 0.96000 0.53245
1.0 0.96000 0.00000

0.0 1.04000 0.00000
0.02 1.04000 -0.01001
0.04 1.04000 0.02307
0.06 1.04000 0.09495
0.08 1.04000 0.20099
0.1 1.04000 0.33619
0.12 1.04000 0.49533
0.14 1.04000 0.67300
0.16 1.04000 0.86370
0.18 1.04000 1.06197
0.2 1.04000 1.26245
0.22 1.04000 1.46002
0.24 1.04000 1.64990
0.26 1.04000 1.82774
0.28 1.04000 1.98972
0.3 1.04000 2.13261
0.32 1.04000 2.25384
0.34 1.04000 2.35153
0.36 1.04000 2.42451
0.38 1.04000 2.47234
0.4 1.04000 2.49525
0.42 1.04000 2.49415
0.44 1.04000 2.47051
0.46 1.04000 2.42630
0.48 1.04000 2.36395
0.5 1.04000 2.28616
0.52 1.04000 2.19586
0.54 1.04000 2.09606
0.56 1.04000 1.98974
0.58 1.04000 1.87974
0.6 1.04000 1.76869
0.62 1.04000 1.65889
0.64 1.04000 1.55222
0.66 1.04000 1.45013
0.68 1.04000 1.35359
0.7 1.04000 1.26305
0.72 1.04000 1.17849
0.74 1.04000 1.09941
0.76 1.04000 1.02490
0.78 1.04000 0.95371
0.8 1.04000 0.88435
0.82 1.04000 0.81516
0.84 1.04000 0.74445
0.86 1.04000 0.67058
0.88 1.04000 0.59215
0.9 1.04000 0.50806
0.92 1.04000 0.41762
0.94 1.04000 0.32073
0.96 1.04000 0.21788
0.98 1.04000 0.11031
1.0 1.04000 0.00000

0.0 1.12000 0.00000
0.02 1.12000 -0.53097
0.04 1.12000 -0.98794
0.06 1.12000 -1.37427
0.08 1.12000 -1.69464
0.1 1.12000 -1.95494
0.12 1.12000 -2.16206
0.14 1.12000 -2.32371
0.16 1.12000 -2.44819
0.18 1.12000 -2.54411
0.2 1.12000 -2.62014
0.22 1.12000 -2.68477
0.24 1.12000 -2.74600
0.26 1.12000 -2.81114
0.28 1.12000 -2.88657
0.3 1.12000 -2.97755
0.32 1.12000 -3.08809
0.34 1.12000 -3.22082
0.36 1.12000 -3.37694
0.38 1.12000 -3.55621
0.4 1.12000 -3.75699
0.42 1.12000 -3.97629
0.44 1.12000 -4.20994
0.46 1.12000 -4.45273
0.48 1.12000 -4.69864
0.5 1.12000 -4.94102
0.52 1.12000 -5.17287
0.54 1.12000 -5.38706
0.56 1.12000 -5.57664
0.58 1.12000 -5.73503
0.6 1.12000 -5.85626
0.62 1.12000 -5.93518
0.64 1.12000 -5.96765
0.66 1.12000 -5.95063
0.68 1.12000 -5.88228
0.7 1.12000 -5.76203
0.72 1.12000 -5.59052
0.74 1.12000 -5.36961
0.76 1.12000 -5.10223
0.78 1.12000 -4.79225
0.8 1.12000 -4.44434
0.82 1.12000 -4.06370
0.84 1.12000 -3.65588
0.86 1.12000 -3.22652
0.88 1.12000 -2.78111
0.9 1.12000 -2.32471
0.92 1.12000 -1.86175
0.94 1.12000 -1.39585
0.96 1.12000 -0.92954
0.98 1.12000 -0.46422
1.0 1.12000 0.00000

0.0 1.20000 0.00000
0.02 1.20000 -0.31811
0.04 1.20000 -0.63359
0.06 1.20000 -0.94421
0.08 1.20000 -1.24822
0.1 1.20000 -1.54427
0.12 1.20000 -1.83139
0.14 1.20000 -2.10894
0.16 1.20000 -2.37655
0.18 1.20000 -2.63407
0.2 1.20000 -2.88151
0.22 1.20000 -3.11900
0.24 1.20000 -3.34671
0.26 1.20000 -3.56479
0.28 1.20000 -3.77337
0.3 1.20000 -3.97247
0.32 1.20000 -4.16200
0.34 1.20000 -4.34170
0.36 1.20000 -4.51116
0.38 1.20000 -4.66977
0.4 1.20000 -4.81677
0.42 1.20000 -4.95119
0.44 1.20000 -5.07194
0.46 1.20000 -5.17779
0.48 1.20000 -5.26742
0.5 1.20000 -5.33943
0.52 1.20000 -5.39242
0.54 1.20000 -5.42500
0.56 1.20000 -5.43584
0.58 1.20000 -5.42374
0.6 1.20000 -5.38763
0.62 1.20000 -5.32661
0.64 1.20000 -5.24002
0.66 1.20000 -5.12742
0.68 1.20000 -4.98865
0.7 1.20000 -4.82381
0.72 1.20000 -4.63327
0.74 1.20000 -4.41767
0.76 1.20000 -4.17793
0.78 1.20000 -3.91519
0.8 1.20000 -3.63083
0.82 1.20000 -3.32642
0.84 1.20000 -3.00368
0.86 1.20000 -2.66449
0.88 1.20000 -2.31080
0.9 1.20000 -1.94466
0.92 1.20000 -1.56814
0.94 1.20000 -1.18332
0.96 1.20000 -0.79231
0.98 1.20000 -0.39718
1.0 1.20000 0.00000

0.0 1.28000 0.00000
0.02 1.28000 0.33438
0.04 1.28000 0.59639
0.06 1.28000 0.79075
0.08 1.28000 0.92325
0.1 1.28000 1.00059
0.12 1.28000 1.03028
0.14 1.28000 1.02041
0.16 1.28000 0.97951
0.18 1.28000 0.91628
0.2 1.28000 0.83940
0.22 1.28000 0.75726
0.24 1.28000 0.67777
0.26 1.28000 0.60814
0.28 1.28000 0.55466
0.3 1.28000 0.52260
0.32 1.28000 0.51601
0.34 1.28000 0.53769
0.36 1.28000 0.58909
0.38 1.28000 0.67034
0.4 1.28000 0.78027
0.42 1.28000 0.91649
0.44 1.28000 1.07552
0.46 1.28000 1.25290
0.48 1.28000 1.44342
0.5 1.28000 1.64129
0.52 1.28000 1.84039
0.54 1.28000 2.03445
0.56 1.28000 2.21732
0.58 1.28000 2.38318
0.6 1.28000 2.52673
0.62 1.28000 2.64336
0.64 1.28000 2.72934
0.66 1.28000 2.78190
0.68 1.28000 2.79931
0.7 1.28000 2.78092
0.72 1.28000 2.72717
0.74 1.28000 2.63949
0.76 1.28000 2.52027
0.78 1.28000 2.37266
0.8 1.28000 2.20048
0.82 1.28000 2.00797
0.84 1.28000 1.79960
0.86 1.28000 1.57987
0.88 1.28000 1.35303
0.9 1.28000 1.12290
0.92 1.28000 0.89265
0.94 1.28000 0.66455
0.96 1.28000 0.43989
0.98 1.28000 0.21876
1.0 1.28000 0.00000

0.0 1.36000 0.00000
0.02 1.36000 0.52478
0.04 1.36000 1.00219
0.06 1.36000 1.43294
0.08 1.36000 1.81884
0.1 1.36000 2.16270
0.12 1.36000 2.46817
0.14 1.36000 2.73963
0.16 1.36000 2.98197
0.18 1.36000 3.20041
0.2 1.36000 3.40035
0.22 1.36000 3.58708
0.24 1.36000 3.76566
0.26 1.36000 3.94071
0.28 1.36000 4.11624
0.3 1.36000 4.29554
0.32 1.36000 4.48100
0.34 1.36000 4.67410
0.36 1.36000 4.87533
0.38 1.36000 5.08416
0.4 1.36000 5.29909
0.42 1.36000 5.51771
0.44 1.36000 5.73675
0.46 1.36000 5.95222
0.48 1.36000 6.15960
0.5 1.36000 6.35390
0.52 1.36000 6.52994
0.54 1.36000 6.68245
0.56 1.36000 6.80632
0.58 1.36000 6.89673
0.6 1.36000 6.94932
0.62 1.36000 6.96039
0.64 1.36000 6.92693
0.66 1.36000 6.84682
0.68 1.36000 6.71881
0.7 1.36000 6.54260
0.72 1.36000 6.31883
0.74 1.36000 6.04904
0.76 1.36000 5.73561
0.78 1.36000 5.38165
0.8 1.36000 4.99087
0.82 1.36000 4.56747
0.84 1.36000 4.11595
0.86 1.36000 3.64095
0.88 1.36000 3.14706
0.9 1.36000 2.63869
0.92 1.36000 2.11985
0.94 1.36000 1.59406
0.96 1.36000 1.06419
0.98 1.36000 0.53239
1.0 1.36000 0.00000

0.0 1.44000 0.00000
0.02 1.44000 -0.01004
0.04 1.44000 0.02301
0.06 1.44000 0.09486
0.08 1.44000 0.20087
0.1 1.44000 0.33604
0.12 1.44000 0.49515
0.14 1.44000 0.67279
0.16 1.44000 0.86347
0.18 1.44000 1.06171
0.2 1.44000 1.26216
0.22 1.44000 1.45971
0.24 1.44000 1.64957
0.26 1.44000 1.82739
0.28 1.44000 1.98935
0.3 1.44000 2.13222
0.32 1.44000 2.25343
0.34 1.44000 2.35111
0.36 1.44000 2.42407
0.38 1.44000 2.47189
0.4 1.44000 2.49480
0.42 1.44000 2.49369
0.44 1.44000 2.47003
0.46 1.44000 2.42583
0.48 1.44000 2.36347
0.5 1.44000 2.28568
0.52 1.44000 2.19539
0.54 1.44000 2.09558
0.56 1.44000 1.98926
0.58 1.44000 1.87928
0.6 1.44000 1.76824
0.62 1.44000 1.65844
0.64 1.44000 1.55178
0.66 1.44000 1.44971
0.68 1.44000 1.35319
0.7 1.44000 1.26267
0.72 1.44000 1.17812
0.74 1.44000 1.09906
0.76 1.44000 1.02457
0.78 1.44000 0.95341
0.8 1.44000 0.88407
0.82 1.44000 0.81491
0.84 1.44000 0.74422
0.86 1.44000 0.67038
0.88 1.44000 0.59198
0.9 1.44000 0.50791
0.92 1.44000 0.41750
0.94 1.44000 0.32064
0.96 1.44000 0.21782
0.98 1.44000 0.11028
1.0 1.44000 0.00000

0.0 1.52000 0.00000
0.02 1.52000 -0.53098
0.04 1.52000 -0.98797
0.06 1.52000 -1.37431
0.08 1.52000 -1.69470
0.1 1.52000 -1.95501
0.12 1.52000 -2.16214
0.14 1.52000 -2.32381
0.16 1.52000 -2.44830
0.18 1.52000 -2.54423
0.2 1.52000 -2.62028
0.22 1.52000 -2.68491
0.24 1.52000 -2.74616
0.26 1.52000 -2.81130
0.28 1.52000 -2.88674
0.3 1.52000 -2.97773
0.32 1.52000 -3.08828
0.34 1.52000 -3.22102
0.36 1.52000 -3.37715
0.38 1.52000 -3.55642
0.4 1.52000 -3.75720
0.42 1.52000 -3.97650
0.44 1.52000 -4.21016
0.46 1.52000 -4.45296
0.48 1.52000 -4.69887
0.5 1.52000 -4.94125
0.52 1.52000 -5.17309
0.54 1.52000 -5.38729
0.56 1.52000 -5.57687
0.58 1.52000 -5.73525
0.6 1.52000 -5.85647
0.62 1.52000 -5.93539
0.64 1.52000 -5.96786
0.66 1.52000 -5.95083
0.68 1.52000 -5.88247
0.7 1.52000 -5.76221
0.72 1.52000 -5.59069
0.74 1.52000 -5.36977
0.76 1.52000 -5.10238
0.78 1.52000 -4.79239
0.8 1.52000 -4.44447
0.82 1.52000 -4.06382
0.84 1.52000 -3.65599
0.86 1.52000 -3.22662
0.88 1.52000 -2.78119
0.9 1.52000 -2.32477
0.92 1.52000 -1.86181
0.94 1.52000 -1.39589
0.96 1.52000 -0.92957
0.98 1.52000 -0.46423
1.0 1.52000 0.00000

0.0 1.60000 0.00000
0.02 1.60000 -0.31812
0.04 1.60000 -0.63360
0.06 1.60000 -0.94423
0.08 1.60000 -1.24824
0.1 1.60000 -1.54430
0.12 1.60000 -1.83143
0.14 1.60000 -2.10898
0.16 1.60000 -2.37660
0.18 1.60000 -2.63413
0.2 1.60000 -2.88158
0.22 1.60000 -3.11907
0.24 1.60000 -3.34678
0.26 1.60000 -3.56486
0.28 1.60000 -3.77345
0.3 1.60000 -3.97255
0.32 1.60000 -4.16209
0.34 1.60000 -4.34179
0.36 1.60000 -4.51126
0.38 1.60000 -4.66987
0.4 1.60000 -4.81687
0.42 1.60000 -4.95129
0.44 1.60000 -5.07205
0.46 1.60000 -5.17790
0.48 1.60000 -5.26752
0.5 1.60000 -5.33953
0.52 1.60000 -5.39252
0.54 1.60000 -5.42510
0.56 1.60000 -5.43595
0.58 1.60000 -5.42385
0.6 1.60000 -5.38773
0.62 1.60000 -5.32671
0.64 1.60000 -5.24011
0.66 1.60000 -5.12752
0.68 1.60000 -4.98874
0.7 1.60000 -4.82390
0.72 1.60000 -4.63335
0.74 1.60000 -4.41775
0.76 1.60000 -4.17800
0.78 1.60000 -3.91526
0.8 1.60000 -3.63090
0.82 1.60000 -3.32648
0.84 1.60000 -3.00374
0.86 1.60000 -2.66454
0.88 1.60000 -2.31084
0.9 1.60000 -1.94469
0.92 1.60000 -1.56816
0.94 1.60000 -1.18334
0.96 1.60000 -0.79232
0.98 1.60000 -0.39719
1.0 1.60000 0.00000

0.0 1.68000 0.00000
0.02 1.68000 0.33437
0.04 1.68000 0.59638
0.06 1.68000 0.79074
0.08 1.68000 0.92324
0.1 1.68000 1.00058
0.12 1.68000 1.03026
0.14 1.68000 1.02039
0.16 1.68000 0.97948
0.18 1.68000 0.91625
0.2 1.68000 0.83937
0.22 1.68000 0.75723
0.24 1.68000 0.67774
0.26 1.68000 0.60810
0.28 1.68000 0.55463
0.3 1.68000 0.52256
0.32 1.68000 0.51597
0.34 1.68000 0.53764
0.36 1.68000 0.58904
0.38 1.68000 0.67029
0.4 1.68000 0.78022
0.42 1.68000 0.91644
0.44 1.68000 1.07547
0.46 1.68000 1.25285
0.48 1.68000 1.44337
0.5 1.68000 1.64124
0.52 1.68000 1.84034
0.54 1.68000 2.03440
0.56 1.68000 2.21727
0.58 1.68000 2.38313
0.6 1.68000 2.52668
0.62 1.68000 2.64331
0.64 1.68000 2.72929
0.66 1.68000 2.78185
0.68 1.68000 2.79926
0.7 1.68000 2.78088
0.72 1.68000 2.72713
0.74 1.68000 2.63946
0.76 1.68000 2.52023
0.78 1.68000 2.37263
0.8 1.68000 2.20045
0.82 1.68000 2.00794
0.84 1.68000 1.79958
0.86 1.68000 1.57985
0.88 1.68000 1.35301
0.9 1.68000 1.12289
0.92 1.68000 0.89263
0.94 1.68000 0.66454
0.96 1.68000 0.43989
0.98 1.68000 0.21876
1.0 1.68000 0.00000

0.0 1.76000 0.00000
0.02 1.76000 0.52478
0.04 1.76000 1.00218
0.06 1.76000 1.43294
0.08 1.76000 1.81884
0.1 1.76000 2.16269
0.12 1.76000 2.46816
0.14 1.76000 2.73962
0.16 1.76000 2.98195
0.18 1.76000 3.20040
0.2 1.76000 3.40034
0.22 1.76000 3.58706
0.24 1.76000 3.76564
0.26 1.76000 3.94069
0.28 1.76000 4.11623
0.3 1.76000 4.29552
0.32 1.76000 4.48098
0.34 1.76000 4.67408
0.36 1.76000 4.87531
0.38 1.76000 5.08414
0.4 1.76000 5.29907
0.42 1.76000 5.51769
0.44 1.76000 5.73672
0.46 1.76000 5.95220
0.48 1.76000 6.15957
0.5 1.76000 6.35388
0.52 1.76000 6.52991
0.54 1.76000 6.68243
0.56 1.76000 6.80630
0.58 1.76000 6.89670
0.6 1.76000 6.94930
0.62 1.76000 6.96037
0.64 1.76000 6.92691
0.66 1.76000 6.84680
0.68 1.76000 6.71879
0.7 1.76000 6.54258
0.72 1.76000 6.31881
0.74 1.76000 6.04903
0.76 1.76000 5.73560
0.78 1.76000 5.38163
0.8 1.76000 4.99085
0.82 1.76000 4.56746
0.84 1.76000 4.11594
0.86 1.76000 3.64094
0.88 1.76000 3.14705
0.9 1.76000 2.63868
0.92 1.76000 2.11984
0.94 1.76000 1.59405
0.96 1.76000 1.06419
0.98 1.76000 0.53239
1.0 1.76000 0.00000

0.0 1.84000 0.00000
0.02 1.84000 -0.01005
0.04 1.84000 0.02300
0.06 1.84000 0.09486
0.08 1.84000 0.20086
0.1 1.84000 0.33604
0.12 1.84000 0.49515
0.14 1.84000 0.67279
0.16 1.84000 0.86347
0.18 1.84000 1.06171
0.2 1.84000 1.26216
0.22 1.84000 1.45970
0.24 1.84000 1.64956
0.26 1.84000 1.82738
0.28 1.84000 1.98934
0.3 1.84000 2.13221
0.32 1.84000 2.25343
0.34 1.84000 2.35110
0.36 1.84000 2.42406
0.38 1.84000 2.47188
0.4 1.84000 2.49479
0.42 1.84000 2.49368
0.44 1.84000 2.47002
0.46 1.84000 2.42582
0.48 1.84000 2.36346
0.5 1.84000 2.28567
0.52 1.84000 2.19537
0.54 1.84000 2.09557
0.56 1.84000 1.98925
0.58 1.84000 1.87927
0.6 1.84000 1.76823
0.62 1.84000 1.65843
0.64 1.84000 1.55177
0.66 1.84000 1.44970
0.68 1.84000 1.35318
0.7 1.84000 1.26266
0.72 1.84000 1.17811
0.74 1.84000 1.09905
0.76 1.84000 1.02456
0.78 1.84000 0.95340
0.8 1.84000 0.88406
0.82 1.84000 0.81490
0.84 1.84000 0.74421
0.86 1.84000 0.67038
0.88 1.84000 0.59197
0.9 1.84000 0.50790
0.92 1.84000 0.41750
0.94 1.84000 0.32063
0.96 1.84000 0.21782
0.98 1.84000 0.11027
1.0 1.84000 0.00000

0.0 1.92000 0.00000
0.02 1.92000 -0.53098
0.04 1.92000 -0.98797
0.06 1.92000 -1.37431
0.08 1.92000 -1.69470
0.1 1.92000 -1.95501
0.12 1.92000 -2.16214
0.14 1.92000 -2.32381
0.16 1.92000 -2.44830
0.18 1.92000 -2.54423
0.2 1.92000 -2.62028
0.22 1.92000 -2.68492
0.24 1.92000 -2.74616
0.26 1.92000 -2.81131
0.28 1.92000 -2.88674
0.3 1.92000 -2.97773
0.32 1.92000 -3.08828
0.34 1.92000 -3.22102
0.36 1.92000 -3.37715
0.38 1.92000 -3.55643
0.4 1.92000 -3.75721
0.42 1.92000 -3.97651
0.44 1.92000 -4.21016
0.46 1.92000 -4.45296
0.48 1.92000 -4.69887
0.5 1.92000 -4.94125
0.52 1.92000 -5.17310
0.54 1.92000 -5.38729
0.56 1.92000 -5.57687
0.58 1.92000 -5.73525
0.6 1.92000 -5.85648
0.62 1.92000 -5.93540
0.64 1.92000 -5.96786
0.66 1.92000 -5.95083
0.68 1.92000 -5.88248
0.7 1.92000 -5.76221
0.72 1.92000 -5.59070
0.74 1.92000 -5.36978
0.76 1.92000 -5.10238
0.78 1.92000 -4.79240
0.8 1.92000 -4.44447
0.82 1.92000 -4.06382
0.84 1.92000 -3.65599
0.86 1.92000 -3.22662
0.88 1.92000 -2.78119
0.9 1.92000 -2.32478
0.92 1.92000 -1.86181
0.94 1.92000 -1.39589
0.96 1.92000 -0.92957
0.98 1.92000 -0.46423
1.0 1.92000 0.00000

0.0 2.00000 0.00000
0.02 2.00000 -0.31812
0.04 2.00000 -0.63360
0.06 2.00000 -0.94423
0.08 2.00000 -1.24824
0.1 2.00000 -1.54430
0.12 2.00000 -1.83143
0.14 2.00000 -2.10898
0.16 2.00000 -2.37660
0.18 2.00000 -2.63413
0.2 2.00000 -2.88158
0.22 2.00000 -3.11907
0.24 2.00000 -3.34678
0.26 2.00000 -3.56487
0.28 2.00000 -3.77345
0.3 2.00000 -3.97256
0.32 2.00000 -4.16209
0.34 2.00000 -4.34180
0.36 2.00000 -4.51126
0.38 2.00000 -4.66988
0.4 2.00000 -4.81687
0.42 2.00000 -4.95129
0.44 2.00000 -5.07205
0.46 2.00000 -5.17790
0.48 2.00000 -5.26753
0.5 2.00000 -5.33954
0.52 2.00000 -5.39252
0.54 2.00000 -5.42510
0.56 2.00000 -5.43595
0.58 2.00000 -5.42385
0.6 2.00000 -5.38773
0.62 2.00000 -5.32671
0.64 2.00000 -5.24012
0.66 2.00000 -5.12752
0.68 2.00000 -4.98875
0.7 2.00000 -4.82390
0.72 2.00000 -4.63335
0.74 2.00000 -4.41775
0.76 2.00000 -4.17801
0.78 2.00000 -3.91526
0.8 2.00000 -3.63090
0.82 2.00000 -3.32648
0.84 2.00000 -3.00374
0.86 2.00000 -2.66454
0.88 2.00000 -2.31084
0.9 2.00000 -1.94469
0.92 2.00000 -1.56816
0.94 2.00000 -1.18334
0.96 2.00000 -0.79232
0.98 2.00000 -0.39719
1.0 2.00000 0.00000

0.0 2.08000 0.00000
0.02 2.08000 0.33437
0.04 2.08000 0.59638
0.06 2.08000 0.79074
0.08 2.08000 0.92324
0.1 2.08000 1.00058
0.12 2.08000 1.03026
0.14 2.08000 1.02039
0.16 2.08000 0.97948
0.18 2.08000 0.91625
0.2 2.08000 0.83937
0.22 2.08000 0.75722
0.24 2.08000 0.67774
0.26 2.08000 0.60810
0.28 2.08000 0.55462
0.3 2.08000 0.52256
0.32 2.08000 0.51597
0.34 2.08000 0.53764
0.36 2.08000 0.58904
0.38 2.08000 0.67029
0.4 2.08000 0.78022
0.42 2.08000 0.91644
0.44 2.08000 1.07547
0.46 2.08000 1.25285
0.48 2.08000 1.44336
0.5 2.08000 1.64124
0.52 2.08000 1.84033
0.54 2.08000 2.03439
0.56 2.08000 2.21727
0.58 2.08000 2.38313
0.6 2.08000 2.52668
0.62 2.08000 2.64331
0.64 2.08000 2.72929
0.66 2.08000 2.78185
0.68 2.08000 2.79926
0.7 2.08000 2.78088
0.72 2.08000 2.72713
0.74 2.08000 2.63946
0.76 2.08000 2.52023
0.78 2.08000 2.37263
0.8 2.08000 2.20045
0.82 2.08000 2.00794
0.84 2.08000 1.79958
0.86 2.08000 1.57985
0.88 2.08000 1.35301
0.9 2.08000 1.12289
0.92 2.08000 0.89263
0.94 2.08000 0.66454
0.96 2.08000 0.43988
0.98 2.08000 0.21876
1.0 2.08000 0.00000

0.0 2.16000 0.00000
0.02 2.16000 0.52478
0.04 2.16000 1.00218
0.06 2.16000 1.43294
0.08 2.16000 1.81884
0.1 2.16000 2.16269
0.12 2.16000 2.46816
0.14 2.16000 2.73962
0.16 2.16000 2.98195
0.18 2.16000 3.20040
0.2 2.16000 3.40034
0.22 2.16000 3.58706
0.24 2.16000 3.76564
0.26 2.16000 3.94069
0.28 2.16000 4.11623
0.3 2.16000 4.29552
0.32 2.16000 4.48098
0.34 2.16000 4.67408
0.36 2.16000 4.87530
0.38 2.16000 5.08414
0.4 2.16000 5.29907
0.42 2.16000 5.51769
0.44 2.16000 5.73672
0.46 2.16000 5.95220
0.48 2.16000 6.15957
0.5 2.16000 6.35388
0.52 2.16000 6.52991
0.54 2.16000 6.68243
0.56 2.16000 6.80630
0.58 2.16000 6.89670
0.6 2.16000 6.94930
0.62 2.16000 6.96037
0.64 2.16000 6.92691
0.66 2.16000 6.84680
0.68 2.16000 6.71879
0.7 2.16000 6.54258
0.72 2.16000 6.31881
0.74 2.16000 6.04903
0.76 2.16000 5.73560
0.78 2.16000 5.38163
0.8 2.16000 4.99085
0.82 2.16000 4.56746
0.84 2.16000 4.11594
0.86 2.16000 3.64094
0.88 2.16000 3.14705
0.9 2.16000 2.63868
0.92 2.16000 2.11984
0.94 2.16000 1.59405
0.96 2.16000 1.06419
0.98 2.16000 0.53239
1.0 2.16000 0.00000

0.0 2.24000 0.00000
0.02 2.24000 -0.01005
0.04 2.24000 0.02300
0.06 2.24000 0.09486
0.08 2.24000 0.20086
0.1 2.24000 0.33604
0.12 2.24000 0.49515
0.14 2.24000 0.67279
0.16 2.24000 0.86347
0.18 2.24000 1.06171
0.2 2.24000 1.26216
0.22 2.24000 1.45970
0.24 2.24000 1.64956
0.26 2.24000 1.82738
0.28 2.24000 1.98934
0.3 2.24000 2.13221
0.32 2.24000 2.25342
0.34 2.24000 2.35110
0.36 2.24000 2.42406
0.38 2.24000 2.47188
0.4 2.24000 2.49479
0.42 2.24000 2.49368
0.44 2.24000 2.47002
0.46 2.24000 2.42582
0.48 2.24000 2.36346
0.5 2.24000 2.28567
0.52 2.24000 2.19537
0.54 2.24000 2.09557
0.56 2.24000 1.98925
0.58 2.24000 1.87927
0.6 2.24000 1.76823
0.62 2.24000 1.65843
0.64 2.24000 1.55177
0.66 2.24000 1.44970
0.68 2.24000 1.35318
0.7 2.24000 1.26266
0.72 2.24000 1.17811
0.74 2.24000 1.09905
0.76 2.24000 1.02456
0.78 2.24000 0.95340
0.8 2.24000 0.88406
0.82 2.24000 0.81490
0.84 2.24000 0.74421
0.86 2.24000 0.67038
0.88 2.24000 0.59197
0.9 2.24000 0.50790
0.92 2.24000 0.41750
0.94 2.24000 0.32063
0.96 2.24000 0.21782
0.98 2.24000 0.11027
1.0 2.24000 0.00000

0.0 2.32000 0.00000
0.02 2.32000 -0.53098
0.04 2.32000 -0.98797
0.06 2.32000 -1.37431
0.08 2.32000 -1.69470
0.1 2.32000 -1.95501
0.12 2.32000 -2.16214
0.14 2.32000 -2.32381
0.16 2.32000 -2.44830
0.18 2.32000 -2.54423
0.2 2.32000 -2.62028
0.22 2.32000 -2.68492
0.24 2.32000 -2.74616
0.26 2.32000 -2.81131
0.28 2.32000 -2.88674
0.3 2.32000 -2.97774
0.32 2.32000 -3.08828
0.34 2.32000 -3.22102
0.36 2.32000 -3.37715
0.38 2.32000 -3.55643
0.4 2.32000 -3.75721
0.42 2.32000 -3.97651
0.44 2.32000 -4.21016
0.46 2.32000 -4.45296
0.48 2.32000 -4.69887
0.5 2.32000 -4.94125
0.52 2.32000 -5.17310
0.54 2.32000 -5.38729
0.56 2.32000 -5.57687
0.58 2.32000 -5.73525
0.6 2.32000 -5.85648
0.62 2.32000 -5.93540
0.64 2.32000 -5.96786
0.66 2.32000 -5.95083
0.68 2.32000 -5.88248
0.7 2.32000 -5.76221
0.72 2.32000 -5.59070
0.74 2.32000 -5.36978
0.76 2.32000 -5.10238
0.78 2.32000 -4.79240
0.8 2.32000 -4.44447
0.82 2.32000 -4.06382
0.84 2.32000 -3.65599
0.86 2.32000 -3.22662
0.88 2.32000 -2.78119
0.9 2.32000 -2.32478
0.92 2.32000 -1.86181
0.94 2.32000 -1.39589
0.96 2.32000 -0.92957
0.98 2.32000 -0.46423
1.0 2.32000 0.00000

0.0 2.40000 0.00000
0.02 2.40000 -0.31812
0.04 2.40000 -0.63360
0.06 2.40000 -0.94423
0.08 2.40000 -1.24824
0.1 2.40000 -1.54430
0.12 2.40000 -1.83143
0.14 2.40000 -2.10898
0.16 2.40000 -2.37660
0.18 2.40000 -2.63413
0.2 2.40000 -2.88158
0.22 2.40000 -3.11907
0.24 2.40000 -3.34678
0.26 2.40000 -3.56487
0.28 2.40000 -3.77345
0.3 2.40000 -3.97256
0.32 2.40000 -4.16209
0.34 2.40000 -4.34180
0.36 2.40000 -4.51126
0.38 2.40000 -4.66988
0.4 2.40000 -4.81687
0.42 2.40000 -4.95129
0.44 2.40000 -5.07205
0.46 2.40000 -5.17790
0.48 2.40000 -5.26753
0.5 2.40000 -5.33954
0.52 2.40000 -5.39252
0.54 2.40000 -5.42510
0.56 2.40000 -5.43595
0.58 2.40000 -5.42385
0.6 2.40000 -5.38773
0.62 2.40000 -5.32671
0.64 2.40000 -5.24012
0.66 2.40000 -5.12752
0.68 2.40000 -4.98875
0.7 2.40000 -4.82390
0.72 2.40000 -4.63335
0.74 2.40000 -4.41775
0.76 2.40000 -4.17801
0.78 2.40000 -3.91526
0.8 2.40000 -3.63090
0.82 2.40000 -3.32648
0.84 2.40000 -3.00374
0.86 2.40000 -2.66454
0.88 2.40000 -2.31084
0.9 2.40000 -1.94469
0.92 2.40000 -1.56816
0.94 2.40000 -1.18334
0.96 2.40000 -0.79232
0.98 2.40000 -0.39719
1.0 2.40000 0.00000

0.0 2.48000 0.00000
0.02 2.48000 0.33437
0.04 2.48000 0.59638
0.06 2.48000 0.79074
0.08 2.48000 0.92324
0.1 2.48000 1.00058
0.12 2.48000 1.03026
0.14 2.48000 1.02039
0.16 2.48000 0.97948
0.18 2.48000 0.91625
0.2 2.48000 0.83937
0.22 2.48000 0.75722
0.24 2.48000 0.67774
0.26 2.48000 0.60810
0.28 2.48000 0.55462
0.3 2.48000 0.52256
0.32 2.48000 0.51597
0.34 2.48000 0.53764
0.36 2.48000 0.58904
0.38 2.48000 0.67029
0.4 2.48000 0.78022
0.42 2.48000 0.91644
0.44 2.48000 1.07547
0.46 2.48000 1.25285
0.48 2.48000 1.44336
0.5 2.48000 1.64124
0.52 2.48000 1.84033
0.54 2.48000 2.03439
0.56 2.48000 2.21727
0.58 2.48000 2.38313
0.6 2.48000 2.52668
0.62 2.48000 2.64331
0.64 2.48000 2.72929
0.66 2.48000 2.78185
0.68 2.48000 2.79926
0.7 2.48000 2.78088
0.72 2.48000 2.72713
0.74 2.48000 2.63946
0.76 2.48000 2.52023
0.78 2.48000 2.37263
0.8 2.48000 2.20045
0.82 2.48000 2.00794
0.84 2.48000 1.79958
0.86 2.48000 1.57985
0.88 2.48000 1.35301
0.9 2.48000 1.12289
0.92 2.48000 0.89263
0.94 2.48000 0.66454
0.96 2.48000 0.43988
0.98 2.48000 0.21876
1.0 2.48000 0.00000

0.0 2.56000 0.00000
0.02 2.56000 0.52478
0.04 2.56000 1.00218
0.06 2.56000 1.43294
0.08 2.56000 1.81884
0.1 2.56000 2.16269
0.12 2.56000 2.46816
0.14 2.56000 2.73962
0.16 2.56000 2.98195
0.18 2.56000 3.20040
0.2 2.56000 3.40034
0.22 2.56000 3.58706
0.24 2.56000 3.76564
0.26 2.56000 3.94069
0.28 2.56000 4.11623
0.3 2.56000 4.29552
0.32 2.56000 4.48098
0.34 2.56000 4.67408
0.36 2.56000 4.87530
0.38 2.56000 5.08414
0.4 2.56000 5.29907
0.42 2.56000 5.51769
0.44 2.56000 5.73672
0.46 2.56000 5.95220
0.48 2.56000 6.15957
0.5 2.56000 6.35388
0.52 2.56000 6.52991
0.54 2.56000 6.68243
0.56 2.56000 6.80630
0.58 2.56000 6.89670
0.6 2.56000 6.94930
0.62 2.56000 6.96037
0.64 2.56000 6.92691
0.66 2.56000 6.84680
0.68 2.56000 6.71879
0.7 2.56000 6.54258
0.72 2.56000 6.31881
0.74 2.56000 6.04903
0.76 2.56000 5.73560
0.78 2.56000 5.38163
0.8 2.56000 4.99085
0.82 2.56000 4.56746
0.84 2.56000 4.11594
0.86 2.56000 3.64094
0.88 2.56000 3.14705
0.9 2.56000 2.63868
0.92 2.56000 2.11984
0.94 2.56000 1.59405
0.96 2.56000 1.06419
0.98 2.56000 0.53239
1.0 2.56000 0.00000

0.0 2.64000 0.00000
0.02 2.64000 -0.01005
0.04 2.64000 0.02300
0.06 2.64000 0.09486
0.08 2.64000 0.20086
0.1 2.64000 0.33604
0.12 2.64000 0.49515
0.14 2.64000 0.67279
0.16 2.64000 0.86347
0.18 2.64000 1.06171
0.2 2.64000 1.26216
0.22 2.64000 1.45970
0.24 2.64000 1.64956
0.26 2.64000 1.82738
0.28 2.64000 1.98934
0.3 2.64000 2.13221
0.32 2.64000 2.25342
0.34 2.64000 2.35110
0.36 2.64000 2.42406
0.38 2.64000 2.47188
0.4 2.64000 2.49479
0.42 2.64000 2.49368
0.44 2.64000 2.47002
0.46 2.64000 2.42582
0.48 2.64000 2.36346
0.5 2.64000 2.28567
0.52 2.64000 2.19537
0.54 2.64000 2.09557
0.56 2.64000 1.98925
0.58 2.64000 1.87927
0.6 2.64000 1.76823
0.62 2.64000 1.65843
0.64 2.64000 1.55177
0.66 2.64000 1.44970
0.68 2.64000 1.35318
0.7 2.64000 1.26266
0.72 2.64000 1.17811
0.74 2.64000 1.09905
0.76 2.64000 1.02456
0.78 2.64000 0.95340
0.8 2.64000 0.88406
0.82 2.64000 0.81490
0.84 2.64000 0.74421
0.86 2.64000 0.67038
0.88 2.64000 0.59197
0.9 2.64000 0.50790
0.92 2.64000 0.41750
0.94 2.64000 0.32063
0.96 2.64000 0.21782
0.98 2.64000 0.11027
1.0 2.64000 0.00000

0.0 2.72000 0.00000
0.02 2.72000 -0.53098
0.04 2.72000 -0.98797
0.06 2.72000 -1.37431
0.08 2.72000 -1.69470
0.1 2.72000 -1.95501
0.12 2.72000 -2.16214
0.14 2.72000 -2.32381
0.16 2.72000 -2.44830
0.18 2.72000 -2.54423
0.2 2.72000 -2.62028
0.22 2.72000 -2.68492
0.24 2.72000 -2.74616
0.26 2.72000 -2.81131
0.28 2.72000 -2.88674
0.3 2.72000 -2.97774
0.32 2.72000 -3.08828
0.34 2.72000 -3.22102
0.36 2.72000 -3.37715
0.38 2.72000 -3.55643
0.4 2.72000 -3.75721
0.42 2.72000 -3.97651
0.44 2.72000 -4.21016
0.46 2.72000 -4.45296
0.48 2.72000 -4.69887
0.5 2.72000 -4.94125
0.52 2.72000 -5.17310
0.54 2.72000 -5.38729
0.56 2.72000 -5.57687
0.58 2.72000 -5.73525
0.6 2.72000 -5.85648
0.62 2.72000 -5.93540
0.64 2.72000 -5.96786
0.66 2.72000 -5.95083
0.68 2.72000 -5.88248
0.7 2.72000 -5.76221
0.72 2.72000 -5.59070
0.74 2.72000 -5.36978
0.76 2.72000 -5.10238
0.78 2.72000 -4.79240
0.8 2.72000 -4.44447
0.82 2.72000 -4.06382
0.84 2.72000 -3.65599
0.86 2.72000 -3.22662
0.88 2.72000 -2.78119
0.9 2.72000 -2.32478
0.92 2.72000 -1.86181
0.94 2.72000 -1.39589
0.96 2.72000 -0.92957
0.98 2.72000 -0.46423
1.0 2.72000 0.00000

0.0 2.80000 0.00000
0.02 2.80000 -0.31812
0.04 2.80000 -0.63360
0.06 2.80000 -0.94423
0.08 2.80000 -1.24824
0.1 2.80000 -1.54430
0.12 2.80000 -1.83143
0.14 2.80000 -2.10898
0.16 2.80000 -2.37660
0.18 2.80000 -2.63413
0.2 2.80000 -2.88158
0.22 2.80000 -3.11907
0.24 2.80000 -3.34678
0.26 2.80000 -3.56487
0.28 2.80000 -3.77345
0.3 2.80000 -3.97256
0.32 2.80000 -4.16209
0.34 2.80000 -4.34180
0.36 2.80000 -4.51126
0.38 2.80000 -4.66988
0.4 2.80000 -4.81687
0.42 2.80000 -4.95129
0.44 2.80000 -5.07205
0.46 2.80000 -5.17790
0.48 2.80000 -5.26753
0.5 2.80000 -5.33954
0.52 2.80000 -5.39252
0.54 2.80000 -5.42510
0.56 2.80000 -5.43595
0.58 2.80000 -5.42385
0.6 2.80000 -5.38773
0.62 2.80000 -5.32671
0.64 2.80000 -5.24012
0.66 2.80000 -5.12752
0.68 2.80000 -4.98875
0.7 2.80000 -4.82390
0.72 2.80000 -4.63335
0.74 2.80000 -4.41775
0.76 2.80000 -4.17801
0.78 2.80000 -3.91526
0.8 2.80000 -3.63090
0.82 2.80000 -3.32648
0.84 2.80000 -3.00374
0.86 2.80000 -2.66454
0.88 2.80000 -2.31084
0.9 2.80000 -1.94469
0.92 2.80000 -1.56816
0.94 2.80000 -1.18334
0.96 2.80000 -0.79232
0.98 2.80000 -0.39719
1.0 2.80000 0.00000

0.0 2.88000 0.00000
0.02 2.88000 0.33437
0.04 2.88000 0.59638
0.06 2.88000 0.79074
0.08 2.88000 0.92324
0.1 2.88000 1.00058
0.12 2.88000 1.03026
0.14 2.88000 1.02039
0.16 2.88000 0.97948
0.18 2.88000 0.91625
0.2 2.88000 0.83937
0.22 2.88000 0.75722
0.24 2.88000 0.67774
0.26 2.88000 0.60810
0.28 2.88000 0.55462
0.3 2.88000 0.52256
0.32 2.88000 0.51597
0.34 2.88000 0.53764
0.36 2.88000 0.58904
0.38 2.88000 0.67029
0.4 2.88000 0.78022
0.42 2.88000 0.91644
0.44 2.88000 1.07547
0.46 2.88000 1.25285
0.48 2.88000 1.44336
0.5 2.88000 1.64124
0.52 2.88000 1.84033
0.54 2.88000 2.03439
0.56 2.88000 2.21727
0.58 2.88000 2.38313
0.6 2.88000 2.52668
0.62 2.88000 2.64331
0.64 2.88000 2.72929
0.66 2.88000 2.78185
0.68 2.88000 2.79926
0.7 2.88000 2.78088
0.72 2.88000 2.72713
0.74 2.88000 2.63946
0.76 2.88000 2.52023
0.78 2.88000 2.37263
0.8 2.88000 2.20045
0.82 2.88000 2.00794
0.84 2.88000 1.79958
0.86 2.88000 1.57985
0.88 2.88000 1.35301
0.9 2.88000 1.12289
0.92 2.88000 0.89263
0.94 2.88000 0.66454
0.96 2.88000 0.43988
0.98 2.88000 0.21876
1.0 2.88000 0.00000

0.0 2.96000 0.00000
0.02 2.96000 0.52478
0.04 2.96000 1.00218
0.06 2.96000 1.43294
0.08 2.96000 1.81884
0.1 2.96000 2.16269
0.12 2.96000 2.46816
0.14 2.96000 2.73962
0.16 2.96000 2.98195
0.18 2.96000 3.20040
0.2 2.96000 3.40034
0.22 2.96000 3.58706
0.24 2.96000 3.76564
0.26 2.96000 3.94069
0.28 2.96000 4.11623
0.3 2.96000 4.29552
0.32 2.96000 4.48098
0.34 2.96000 4.67408
0.36 2.96000 4.87530
0.38 2.96000 5.08414
0.4 2.96000 5.29907
0.42 2.96000 5.51769
0.44 2.96000 5.73672
0.46 2.96000 5.95220
0.48 2.96000 6.15957
0.5 2.96000 6.35388
0.52 2.96000 6.52991
0.54 2.96000 6.68243
0.56 2.96000 6.80630
0.58 2.96000 6.89670
0.6 2.96000 6.94930
0.62 2.96000 6.96037
0.64 2.96000 6.92691
0.66 2.96000 6.84680
0.68 2.96000 6.71879
0.7 2.96000 6.54258
0.72 2.96000 6.31881
0.74 2.96000 6.04903
0.76 2.96000 5.73560
0.78 2.96000 5.38163
0.8 2.96000 4.99085
0.82 2.96000 4.56746
0.84 2.96000 4.11594
0.86 2.96000 3.64094
0.88 2.96000 3.14705
0.9 2.96000 2.63868
0.92 2.96000 2.11984
0.94 2.96000 1.59405
0.96 2.96000 1.06419
0.98 2.96000 0.53239
1.0 2.96000 0.00000

0.0 3.04000 0.00000
0.02 3.04000 -0.01005
0.04 3.04000 0.02300
0.06 3.04000 0.09486
0.08 3.04000 0.20086
0.1 3.04000 0.33604
0.12 3.04000 0.49515
0.14 3.04000 0.67279
0.16 3.04000 0.86347
0.18 3.04000 1.06171
0.2 3.04000 1.26216
0.22 3.04000 1.45970
0.24 3.04000 1.64956
0.26 3.04000 1.82738
0.28 3.04000 1.98934
0.3 3.04000 2.13221
0.32 3.04000 2.25342
0.34 3.04000 2.35110
0.36 3.04000 2.42406
0.38 3.04000 2.47188
0.4 3.04000 2.49479
0.42 3.04000 2.49368
0.44 3.04000 2.47002
0.46 3.04000 2.42582
0.48 3.04000 2.36346
0.5 3.04000 2.28567
0.52 3.04000 2.19537
0.54 3.04000 2.09557
0.56 3.04000 1.98925
0.58 3.04000 1.87927
0.6 3.04000 1.76823
0.62 3.04000 1.65843
0.64 3.04000 1.55177
0.66 3.04000 1.44970
0.68 3.04000 1.35318
0.7 3.04000 1.26266
0.72 3.04000 1.17811
0.74 3.04000 1.09905
0.76 3.04000 1.02456
0.78 3.04000 0.95340
0.8 3.04000 0.88406
0.82 3.04000 0.81490
0.84 3.04000 0.74421
0.86 3.04000 0.67038
0.88 3.04000 0.59197
0.9 3.04000 0.50790
0.92 3.04000 0.41750
0.94 3.04000 0.32063
0.96 3.04000 0.21782
0.98 3.04000 0.11027
1.0 3.04000 0.00000

0.0 3.12000 0.00000
0.02 3.12000 -0.53098
0.04 3.12000 -0.98797
0.06 3.12000 -1.37431
0.08 3.12000 -1.69470
0.1 3.12000 -1.95501
0.12 3.12000 -2.16214
0.14 3.12000 -2.32381
0.16 3.12000 -2.44830
0.18 3.12000 -2.54423
0.2 3.12000 -2.62028
0.22 3.12000 -2.68492
0.24 3.12000 -2.74616
0.26 3.12000 -2.81131
0.28 3.12000 -2.88674
0.3 3.12000 -2.97774
0.32 3.12000 -3.08828
0.34 3.12000 -3.22102
0.36 3.12000 -3.37715
0.38 3.12000 -3.55643
0.4 3.12000 -3.75721
0.42 3.12000 -3.97651
0.44 3.12000 -4.21016
0.46 3.12000 -4.45296
0.48 3.12000 -4.69887
0.5 3.12000 -4.94125
0.52 3.12000 -5.17310
0.54 3.12000 -5.38729
0.56 3.12000 -5.57687
0.58 3.12000 -5.73525
0.6 3.12000 -5.85648
0.62 3.12000 -5.93540
0.64 3.12000 -5.96786
0.66 3.12000 -5.95083
0.68 3.12000 -5.88248
0.7 3.12000 -5.76221
0.72 3.12000 -5.59070
0.74 3.12000 -5.36978
0.76 3.12000 -5.10238
0.78 3.12000 -4.79240
0.8 3.12000 -4.44447
0.82 3.12000 -4.06382
0.84 3.12000 -3.65599
0.86 3.12000 -3.22662
0.88 3.12000 -2.78119
0.9 3.12000 -2.32478
0.92 3.12000 -1.86181
0.94 3.12000 -1.39589
0.96 3.12000 -0.92957
0.98 3.12000 -0.46423
1.0 3.12000 0.00000

0.0 3.20000 0.00000
0.02 3.20000 -0.31812
0.04 3.20000 -0.63360
0.06 3.20000 -0.94423
0.08 3.20000 -1.24824
0.1 3.20000 -1.54430
0.12 3.20000 -1.83143
0.14 3.20000 -2.10898
0.16 3.20000 -2.37660
0.18 3.20000 -2.63413
0.2 3.20000 -2.88158
0.22 3.20000 -3.11907
0.24 3.20000 -3.34678
0.26 3.20000 -3.56487
0.28 3.20000 -3.77345
0.3 3.20000 -3.97256
0.32 3.20000 -4.16209
0.34 3.20000 -4.34180
0.36 3.20000 -4.51126
0.38 3.20000 -4.66988
0.4 3.20000 -4.81687
0.42 3.20000 -4.95129
0.44 3.20000 -5.07205
0.46 3.20000 -5.17790
0.48 3.20000 -5.26753
0.5 3.20000 -5.33954
0.52 3.20000 -5.39252
0.54 3.20000 -5.42510
0.56 3.20000 -5.43595
0.58 3.20000 -5.42385
0.6 3.20000 -5.38773
0.62 3.20000 -5.32671
0.64 3.20000 -5.24012
0.66 3.20000 -5.12752
0.68 3.20000 -4.98875
0.7 3.20000 -4.82390
0.72 3.20000 -4.63335
0.74 3.20000 -4.41775
0.76 3.20000 -4.17801
0.78 3.20000 -3.91526
0.8 3.20000 -3.63090
0.82 3.20000 -3.32648
0.84 3.20000 -3.00374
0.86 3.20000 -2.66454
0.88 3.20000 -2.31084
0.9 3.20000 -1.94469
0.92 3.20000 -1.56816
0.94 3.20000 -1.18334
0.96 3.20000 -0.79232
0.98 3.20000 -0.39719
1.0 3.20000 0.00000

0.0 3.28000 0.00000
0.02 3.28000 0.33437
0.04 3.28000 0.59638
0.06 3.28000 0.79074
0.08 3.28000 0.92324
0.1 3.28000 1.00058
0.12 3.28000 1.03026
0.14 3.28000 1.02039
0.16 3.28000 0.97948
0.18 3.28000 0.91625
0.2 3.28000 0.83937
0.22 3.28000 0.75722
0.24 3.28000 0.67774
0.26 3.28000 0.60810
0.28 3.28000 0.55462
0.3 3.28000 0.52256
0.32 3.28000 0.51597
0.34 3.28000 0.53764
0.36 3.28000 0.58904
0.38 3.28000 0.67029
0.4 3.28000 0.78022
0.42 3.28000 0.91644
0.44 3.28000 1.07547
0.46 3.28000 1.25285
0.48 3.28000 1.44336
0.5 3.28000 1.64124
0.52 3.28000 1.84033
0.54 3.28000 2.03439
0.56 3.28000 2.21727
0.58 3.28000 2.38313
0.6 3.28000 2.52668
0.62 3.28000 2.64331
0.64 3.28000 2.72929
0.66 3.28000 2.78185
0.68 3.28000 2.79926
0.7 3.28000 2.78088
0.72 3.28000 2.72713
0.74 3.28000 2.63946
0.76 3.28000 2.52023
0.78 3.28000 2.37263
0.8 3.28000 2.20045
0.82 3.28000 2.00794
0.84 3.28000 1.79958
0.86 3.28000 1.57985
0.88 3.28000 1.35301
0.9 3.28000 1.12289
0.92 3.28000 0.89263
0.94 3.28000 0.66454
0.96 3.28000 0.43988
0.98 3.28000 0.21876
1.0 3.28000 0.00000

0.0 3.36000 0.00000
0.02 3.36000 0.52478
0.04 3.36000 1.00218
0.06 3.36000 1.43294
0.08 3.36000 1.81884
0.1 3.36000 2.16269
0.12 3.36000 2.46816
0.14 3.36000 2.73962
0.16 3.36000 2.98195
0.18 3.36000 3.20040
0.2 3.36000 3.40034
0.22 3.36000 3.58706
0.24 3.36000 3.76564
0.26 3.36000 3.94069
0.28 3.36000 4.11623
0.3 3.36000 4.29552
0.32 3.36000 4.48098
0.34 3.36000 4.67408
0.36 3.36000 4.87530
0.38 3.36000 5.08414
0.4 3.36000 5.29907
0.42 3.36000 5.51769
0.44 3.36000 5.73672
0.46 3.36000 5.95220
0.48 3.36000 6.15957
0.5 3.36000 6.35388
0.52 3.36000 6.52991
0.54 3.36000 6.68243
0.56 3.36000 6.80630
0.58 3.36000 6.89670
0.6 3.36000 6.94930
0.62 3.36000 6.96037
0.64 3.36000 6.92691
0.66 3.36000 6.84680
0.68 3.36000 6.71879
0.7 3.36000 6.54258
0.72 3.36000 6.31881
0.74 3.36000 6.04903
0.76 3.36000 5.73560
0.78 3.36000 5.38163
0.8 3.36000 4.99085
0.82 3.36000 4.56746
0.84 3.36000 4.11594
0.86 3.36000 3.64094
0.88 3.36000 3.14705
0.9 3.36000 2.63868
0.92 3.36000 2.11984
0.94 3.36000 1.59405
0.96 3.36000 1.06419
0.98 3.36000 0.53239
1.0 3.36000 0.00000

0.0 3.44000 0.00000
0.02 3.44000 -0.01005
0.04 3.44000 0.02300
0.06 3.44000 0.09486
0.08 3.44000 0.20086
0.1 3.44000 0.33604
0.12 3.44000 0.49515
0.14 3.44000 0.67279
0.16 3.44000 0.86347
0.18 3.44000 1.06171
0.2 3.44000 1.26216
0.22 3.44000 1.45970
0.24 3.44000 1.64956
0.26 3.44000 1.82738
0.28 3.44000 1.98934
0.3 3.44000 2.13221
0.32 3.44000 2.25342
0.34 3.44000 2.35110
0.36 3.44000 2.42406
0.38 3.44000 2.47188
0.4 3.44000 2.49479
0.42 3.44000 2.49368
0.44 3.44000 2.47002
0.46 3.44000 2.42582
0.48 3.44000 2.36346
0.5 3.44000 2.28567
0.52 3.44000 2.19537
0.54 3.44000 2.09557
0.56 3.44000 1.98925
0.58 3.44000 1.87927
0.6 3.44000 1.76823
0.62 3.44000 1.65843
0.64 3.44000 1.55177
0.66 3.44000 1.44970
0.68 3.44000 1.35318
0.7 3.44000 1.26266
0.72 3.44000 1.17811
0.74 3.44000 1.09905
0.76 3.44000 1.02456
0.78 3.44000 0.95340
0.8 3.44000 0.88406
0.82 3.44000 0.81490
0.84 3.44000 0.74421
0.86 3.44000 0.67038
0.88 3.44000 0.59197
0.9 3.44000 0.50790
0.92 3.44000 0.41750
0.94 3.44000 0.32063
0.96 3.44000 0.21782
0.98 3.44000 0.11027
1.0 3.44000 0.00000

0.0 3.52000 0.00000
0.02 3.52000 -0.53098
0.04 3.52000 -0.98797
0.06 3.52000 -1.37431
0.08 3.52000 -1.69470
0.1 3.52000 -1.95501
0.12 3.52000 -2.16214
0.14 3.52000 -2.32381
0.16 3.52000 -2.44830
0.18 3.52000 -2.54423
0.2 3.52000 -2.62028
0.22 3.52000 -2.68492
0.24 3.52000 -2.74616
0.26 3.52000 -2.81131
0.28 3.52000 -2.88674
0.3 3.52000 -2.97774
0.32 3.52000 -3.08828
0.34 3.52000 -3.22102
0.36 3.52000 -3.37715
0.38 3.52000 -3.55643
0.4 3.52000 -3.75721
0.42 3.52000 -3.97651
0.44 3.52000 -4.21016
0.46 3.52000 -4.45296
0.48 3.52000 -4.69887
0.5 3.52000 -4.94125
0.52 3.52000 -5.17310
0.54 3.52000 -5.38729
0.56 3.52000 -5.57687
0.58 3.52000 -5.73525
0.6 3.52000 -5.85648
0.62 3.52000 -5.93540
0.64 3.52000 -5.96786
0.66 3.52000 -5.95083
0.68 3.52000 -5.88248
0.7 3.52000 -5.76221
0.72 3.52000 -5.59070
0.74 3.52000 -5.36978
0.76 3.52000 -5.10238
0.78 3.52000 -4.79240
0.8 3.52000 -4.44447
0.82 3.52000 -4.06382
0.84 3.52000 -3.65599
0.86 3.52000 -3.22662
0.88 3.52000 -2.78119
0.9 3.52000 -2.32478
0.92 3.52000 -1.86181
0.94 3.52000 -1.39589
0.96 3.52000 -0.92957
0.98 3.52000 -0.46423
1.0 3.52000 0.00000

0.0 3.60000 0.00000
0.02 3.60000 -0.31812
0.04 3.60000 -0.63360
0.06 3.60000 -0.94423
0.08 3.60000 -1.24824
0.1 3.60000 -1.54430
0.12 3.60000 -1.83143
0.14 3.60000 -2.10898
0.16 3.60000 -2.37660
0.18 3.60000 -2.63413
0.2 3.60000 -2.88158
0.22 3.60000 -3.11907
0.24 3.60000 -3.34678
0.26 3.60000 -3.56487
0.28 3.60000 -3.77345
0.3 3.60000 -3.97256
0.32 3.60000 -4.16209
0.34 3.60000 -4.34180
0.36 3.60000 -4.51126
0.38 3.60000 -4.66988
0.4 3.60000 -4.81687
0.42 3.60000 -4.95129
0.44 3.60000 -5.07205
0.46 3.60000 -5.17790
0.48 3.60000 -5.26753
0.5 3.60000 -5.33954
0.52 3.60000 -5.39252
0.54 3.60000 -5.42510
0.56 3.60000 -5.43595
0.58 3.60000 -5.42385
0.6 3.60000 -5.38773
0.62 3.60000 -5.32671
0.64 3.60000 -5.24012
0.66 3.60000 -5.12752
0.68 3.60000 -4.98875
0.7 3.60000 -4.82390
0.72 3.60000 -4.63335
0.74 3.60000 -4.41775
0.76 3.60000 -4.17801
0.78 3.60000 -3.91526
0.8 3.60000 -3.63090
0.82 3.60000 -3.32648
0.84 3.60000 -3.00374
0.86 3.60000 -2.66454
0.88 3.60000 -2.31084
0.9 3.60000 -1.94469
0.92 3.60000 -1.56816
0.94 3.60000 -1.18334
0.96 3.60000 -0.79232
0.98 3.60000 -0.39719
1.0 3.60000 0.00000

0.0 3.68000 0.00000
0.02 3.68000 0.33437
0.04 3.68000 0.59638
0.06 3.68000 0.79074
0.08 3.68000 0.92324
0.1 3.68000 1.00058
0.12 3.68000 1.03026
0.14 3.68000 1.02039
0.16 3.68000 0.97948
0.18 3.68000 0.91625
0.2 3.68000 0.83937
0.22 3.68000 0.75722
0.24 3.68000 0.67774
0.26 3.68000 0.60810
0.28 3.68000 0.55462
0.3 3.68000 0.52256
0.32 3.68000 0.51597
0.34 3.68000 0.53764
0.36 3.68000 0.58904
0.38 3.68000 0.67029
0.4 3.68000 0.78022
0.42 3.68000 0.91644
0.44 3.68000 1.07547
0.46 3.68000 1.25285
0.48 3.68000 1.44336
0.5 3.68000 1.64124
0.52 3.68000 1.84033
0.54 3.68000 2.03439
0.56 3.68000 2.21727
0.58 3.68000 2.38313
0.6 3.68000 2.52668
0.62 3.68000 2.64331
0.64 3.68000 2.72929
0.66 3.68000 2.78185
0.68 3.68000 2.79926
0.7 3.68000 2.78088
0.72 3.68000 2.72713
0.74 3.68000 2.63946
0.76 3.68000 2.52023
0.78 3.68000 2.37263
0.8 3.68000 2.20045
0.82 3.68000 2.00794
0.84 3.68000 1.79958
0.86 3.68000 1.57985
0.88 3.68000 1.35301
0.9 3.68000 1.12289
0.92 3.68000 0.89263
0.94 3.68000 0.66454
0.96 3.68000 0.43988
0.98 3.68000 0.21876
1.0 3.68000 0.00000

0.0 3.76000 0.00000
0.02 3.76000 0.52478
0.04 3.76000 1.00218
0.06 3.76000 1.43294
0.08 3.76000 1.81884
0.1 3.76000 2.16269
0.12 3.76000 2.46816
0.14 3.76000 2.73962
0.16 3.76000 2.98195
0.18 3.76000 3.20040
0.2 3.76000 3.40034
0.22 3.76000 3.58706
0.24 3.76000 3.76564
0.26 3.76000 3.94069
0.28 3.76000 4.11623
0.3 3.76000 4.29552
0.32 3.76000 4.48098
0.34 3.76000 4.67408
0.36 3.76000 4.87530
0.38 3.76000 5.08414
0.4 3.76000 5.29907
0.42 3.76000 5.51769
0.44 3.76000 5.73672
0.46 3.76000 5.95220
0.48 3.76000 6.15957
0.5 3.76000 6.35388
0.52 3.76000 6.52991
0.54 3.76000 6.68243
0.56 3.76000 6.80630
0.58 3.76000 6.89670
0.6 3.76000 6.94930
0.62 3.76000 6.96037
0.64 3.76000 6.92691
0.66 3.76000 6.84680
0.68 3.76000 6.71879
0.7 3.76000 6.54258
0.72 3.76000 6.31881
0.74 3.76000 6.04903
0.76 3.76000 5.73560
0.78 3.76000 5.38163
0.8 3.76000 4.99085
0.82 3.76000 4.56746
0.84 3.76000 4.11594
0.86 3.76000 3.64094
0.88 3.76000 3.14705
0.9 3.76000 2.63868
0.92 3.76000 2.11984
0.94 3.76000 1.59405
0.96 3.76000 1.06419
0.98 3.76000 0.53239
1.0 3.76000 0.00000

0.0 3.84000 0.00000
0.02 3.84000 -0.01005
0.04 3.84000 0.02300
0.06 3.84000 0.09486
0.08 3.84000 0.20086
0.1 3.84000 0.33604
0.12 3.84000 0.49515
0.14 3.84000 0.67279
0.16 3.84000 0.86347
0.18 3.84000 1.06171
0.2 3.84000 1.26216
0.22 3.84000 1.45970
0.24 3.84000 1.64956
0.26 3.84000 1.82738
0.28 3.84000 1.98934
0.3 3.84000 2.13221
0.32 3.84000 2.25342
0.34 3.84000 2.35110
0.36 3.84000 2.42406
0.38 3.84000 2.47188
0.4 3.84000 2.49479
0.42 3.84000 2.49368
0.44 3.84000 2.47002
0.46 3.84000 2.42582
0.48 3.84000 2.36346
0.5 3.84000 2.28567
0.52 3.84000 2.19537
0.54 3.84000 2.09557
0.56 3.84000 1.98925
0.58 3.84000 1.87927
0.6 3.84000 1.76823
0.62 3.84000 1.65843
0.64 3.84000 1.55177
0.66 3.84000 1.44970
0.68 3.84000 1.35318
0.7 3.84000 1.26266
0.72 3.84000 1.17811
0.74 3.84000 1.09905
0.76 3.84000 1.02456
0.78 3.84000 0.95340
0.8 3.84000 0.88406
0.82 3.84000 0.81490
0.84 3.84000 0.74421
0.86 3.84000 0.67038
0.88 3.84000 0.59197
0.9 3.84000 0.50790
0.92 3.84000 0.41750
0.94 3.84000 0.32063
0.96 3.84000 0.21782
0.98 3.84000 0.11027
1.0 3.84000 0.00000

0.0 3.92000 0.00000
0.02 3.92000 -0.53098
0.04 3.92000 -0.98797
0.06 3.92000 -1.37431
0.08 3.92000 -1.69470
0.1 3.92000 -1.95501
0.12 3.92000 -2.16214
0.14 3.92000 -2.32381
0.16 3.92000 -2.44830
0.18 3.92000 -2.54423
0.2 3.92000 -2.62028
0.22 3.92000 -2.68492
0.24 3.92000 -2.74616
0.26 3.92000 -2.81131
0.28 3.92000 -2.88674
0.3 3.92000 -2.97774
0.32 3.92000 -3.08828
0.34 3.92000 -3.22102
0.36 3.92000 -3.37715
0.38 3.92000 -3.55643
0.4 3.92000 -3.75721
0.42 3.92000 -3.97651
0.44 3.92000 -4.21016
0.46 3.92000 -4.45296
0.48 3.92000 -4.69887
0.5 3.92000 -4.94125
0.52 3.92000 -5.17310
0.54 3.92000 -5.38729
0.56 3.92000 -5.57687
0.58 3.92000 -5.73525
0.6 3.92000 -5.85648
0.62 3.92000 -5.93540
0.64 3.92000 -5.96786
0.66 3.92000 -5.95083
0.68 3.92000 -5.88248
0.7 3.92000 -5.76221
0.72 3.92000 -5.59070
0.74 3.92000 -5.36978
0.76 3.92000 -5.10238
0.78 3.92000 -4.79240
0.8 3.92000 -4.44447
0.82 3.92000 -4.06382
0.84 3.92000 -3.65599
0.86 3.92000 -3.22662
0.88 3.92000 -2.78119
0.9 3.92000 -2.32478
0.92 3.92000 -1.86181
0.94 3.92000 -1.39589
0.96 3.92000 -0.92957
0.98 3.92000 -0.46423
1.0 3.92000 0.00000

0.0 4.00000 0.00000
0.02 4.00000 -0.31812
0.04 4.00000 -0.63360
0.06 4.00000 -0.94423
0.08 4.00000 -1.24824
0.1 4.00000 -1.54430
0.12 4.00000 -1.83143
0.14 4.00000 -2.10898
0.16 4.00000 -2.37660
0.18 4.00000 -2.63413
0.2 4.00000 -2.88158
0.22 4.00000 -3.11907
0.24 4.00000 -3.34678
0.26 4.00000 -3.56487
0.28 4.00000 -3.77345
0.3 4.00000 -3.97256
0.32 4.00000 -4.16209
0.34 4.00000 -4.34180
0.36 4.00000 -4.51126
0.38 4.00000 -4.66988
0.4 4.00000 -4.81687
0.42 4.00000 -4.95129
0.44 4.00000 -5.07205
0.46 4.00000 -5.17790
0.48 4.00000 -5.26753
0.5 4.00000 -5.33954
0.52 4.00000 -5.39252
0.54 4.00000 -5.42510
0.56 4.00000 -5.43595
0.58 4.00000 -5.42385
0.6 4.00000 -5.38773
0.62 4.00000 -5.32671
0.64 4.00000 -5.24012
0.66 4.00000 -5.12752
0.68 4.00000 -4.98875
0.7 4.00000 -4.82390
0.72 4.00000 -4.63335
0.74 4.00000 -4.41775
0.76 4.00000 -4.17801
0.78 4.00000 -3.91526
0.8 4.00000 -3.63090
0.82 4.00000 -3.32648
0.84 4.00000 -3.00374
0.86 4.00000 -2.66454
0.88 4.00000 -2.31084
0.9 4.00000 -1.94469
0.92 4.00000 -1.56816
0.94 4.00000 -1.18334
0.96 4.00000 -0.79232
0.98 4.00000 -0.39719
1.0 4.00000 0.00000

