0.0 0.00000 0.00000
0.02 0.00000 0.00000
0.04 0.00000 0.00000
0.06 0.00000 0.00000
0.08 0.00000 0.00000
0.1 0.00000 0.00000
0.12 0.00000 0.00000
0.14 0.00000 0.00000
0.16 0.00000 0.00000
0.18 0.00000 0.00000
0.2 0.00000 0.00000
0.22 0.00000 0.00000
0.24 0.00000 0.00000
0.26 0.00000 0.00000
0.28 0.00000 0.00000
0.3 0.00000 0.00000
0.32 0.00000 0.00000
0.34 0.00000 0.00000
0.36 0.00000 0.00000
0.38 0.00000 0.00000
0.4 0.00000 0.00000
0.42 0.00000 0.00000
0.44 0.00000 0.00000
0.46 0.00000 0.00000
0.48 0.00000 0.00000
0.5 0.00000 0.00000
0.52 0.00000 0.00000
0.54 0.00000 0.00000
0.56 0.00000 0.00000
0.58 0.00000 0.00000
0.6 0.00000 10.00000
0.62 0.00000 10.00000
0.64 0.00000 10.00000
0.66 0.00000 10.00000
0.68 0.00000 10.00000
0.7 0.00000 10.00000
0.72 0.00000 10.00000
0.74 0.00000 10.00000
0.76 0.00000 10.00000
0.78 0.00000 10.00000
0.8 0.00000 10.00000
0.82 0.00000 0.00000
0.84 0.00000 0.00000
0.86 0.00000 0.00000
0.88 0.00000 0.00000
0.9 0.00000 0.00000
0.92 0.00000 0.00000
0.94 0.00000 0.00000
0.96 0.00000 0.00000
0.98 0.00000 0.00000
1.0 0.00000 0.00000

0.0 0.02000 0.00000
0.02 0.02000 0.11395
0.04 0.02000 0.20608
0.06 0.02000 0.27930
0.08 0.02000 0.33651
0.1 0.02000 0.38063
0.12 0.02000 0.41459
0.14 0.02000 0.44135
0.16 0.02000 0.46386
0.18 0.02000 0.48509
0.2 0.02000 0.50797
0.22 0.02000 0.53538
0.24 0.02000 0.57012
0.26 0.02000 0.61492
0.28 0.02000 0.67237
0.3 0.02000 0.74494
0.32 0.02000 0.83493
0.34 0.02000 0.94445
0.36 0.02000 1.07543
0.38 0.02000 1.22956
0.4 0.02000 1.40826
0.42 0.02000 1.61259
0.44 0.02000 1.84323
0.46 0.02000 2.10028
0.48 0.02000 2.38312
0.5 0.02000 2.69013
0.52 0.02000 3.01830
0.54 0.02000 3.36274
0.56 0.02000 3.71597
0.58 0.02000 4.06698
0.6 0.02000 4.40000
0.62 0.02000 4.69473
0.64 0.02000 4.93294
0.66 0.02000 5.10185
0.68 0.02000 5.19322
0.7 0.02000 5.20239
0.72 0.02000 5.12779
0.74 0.02000 4.97074
0.76 0.02000 4.73559
0.78 0.02000 4.43019
0.8 0.02000 4.06674
0.82 0.02000 3.66273
0.84 0.02000 3.23746
0.86 0.02000 2.80545
0.88 0.02000 2.37612
0.9 0.02000 1.95507
0.92 0.02000 1.54497
0.94 0.02000 1.14626
0.96 0.02000 0.75771
0.98 0.02000 0.37679
1.0 0.02000 0.00000

0.0 0.04000 0.00000
0.02 0.04000 0.27372
0.04 0.04000 0.50413
0.06 0.04000 0.69530
0.08 0.04000 0.85170
0.1 0.04000 0.97809
0.12 0.04000 1.07952
0.14 0.04000 1.16120
0.16 0.04000 1.22845
0.18 0.04000 1.28653
0.2 0.04000 1.34062
0.22 0.04000 1.39562
0.24 0.04000 1.45608
0.26 0.04000 1.52607
0.28 0.04000 1.60908
0.3 0.04000 1.70794
0.32 0.04000 1.82474
0.34 0.04000 1.96072
0.36 0.04000 2.11632
0.38 0.04000 2.29106
0.4 0.04000 2.48360
0.42 0.04000 2.69174
0.44 0.04000 2.91245
0.46 0.04000 3.14195
0.48 0.04000 3.37578
0.5 0.04000 3.60892
0.52 0.04000 3.83591
0.54 0.04000 4.05102
0.56 0.04000 4.24836
0.58 0.04000 4.42215
0.6 0.04000 4.56686
0.62 0.04000 4.67745
0.64 0.04000 4.74956
0.66 0.04000 4.77970
0.68 0.04000 4.76539
0.7 0.04000 4.70524
0.72 0.04000 4.59904
0.74 0.04000 4.44768
0.76 0.04000 4.25315
0.78 0.04000 4.01839
0.8 0.04000 3.74716
0.82 0.04000 3.44380
0.84 0.04000 3.11303
0.86 0.04000 2.75971
0.88 0.04000 2.38864
0.9 0.04000 2.00427
0.92 0.04000 1.61063
0.94 0.04000 1.21111
0.96 0.04000 0.80838
0.98 0.04000 0.40433
1.0 0.04000 0.00000

0.0 0.06000 0.00000
0.02 0.06000 0.42916
0.04 0.06000 0.79726
0.06 0.06000 1.10868
0.08 0.06000 1.36853
0.1 0.06000 1.58258
0.12 0.06000 1.75712
0.14 0.06000 1.89886
0.16 0.06000 2.01471
0.18 0.06000 2.11166
0.2 0.06000 2.19658
0.22 0.06000 2.27605
0.24 0.06000 2.35615
0.26 0.06000 2.44232
0.28 0.06000 2.53921
0.3 0.06000 2.65053
0.32 0.06000 2.77898
0.34 0.06000 2.92615
0.36 0.06000 3.09249
0.38 0.06000 3.27732
0.4 0.06000 3.47884
0.42 0.06000 3.69425
0.44 0.06000 3.91976
0.46 0.06000 4.15080
0.48 0.06000 4.38217
0.5 0.06000 4.60816
0.52 0.06000 4.82280
0.54 0.06000 5.02003
0.56 0.06000 5.19392
0.58 0.06000 5.33887
0.6 0.06000 5.44976
0.62 0.06000 5.52216
0.64 0.06000 5.55245
0.66 0.06000 5.53796
0.68 0.06000 5.47698
0.7 0.06000 5.36889
0.72 0.06000 5.21411
0.74 0.06000 5.01406
0.76 0.06000 4.77112
0.78 0.06000 4.48850
0.8 0.06000 4.17008
0.82 0.06000 3.82028
0.84 0.06000 3.44387
0.86 0.06000 3.04574
0.88 0.06000 2.63074
0.9 0.06000 2.20341
0.92 0.06000 1.76787
0.94 0.06000 1.32758
0.96 0.06000 0.88520
0.98 0.06000 0.44244
1.0 0.06000 0.00000

0.0 0.08000 0.00000
0.02 0.08000 0.55856
0.04 0.08000 1.04424
0.06 0.08000 1.46126
0.08 0.08000 1.81486
0.1 0.08000 2.11124
0.12 0.08000 2.35735
0.14 0.08000 2.56075
0.16 0.08000 2.72939
0.18 0.08000 2.87141
0.2 0.08000 2.99487
0.22 0.08000 3.10757
0.24 0.08000 3.21676
0.26 0.08000 3.32900
0.28 0.08000 3.44991
0.3 0.08000 3.58405
0.32 0.08000 3.73478
0.34 0.08000 3.90415
0.36 0.08000 4.09289
0.38 0.08000 4.30039
0.4 0.08000 4.52472
0.42 0.08000 4.76276
0.44 0.08000 5.01027
0.46 0.08000 5.26210
0.48 0.08000 5.51234
0.5 0.08000 5.75456
0.52 0.08000 5.98200
0.54 0.08000 6.18786
0.56 0.08000 6.36549
0.58 0.08000 6.50864
0.6 0.08000 6.61168
0.62 0.08000 6.66976
0.64 0.08000 6.67901
0.66 0.08000 6.63662
0.68 0.08000 6.54094
0.7 0.08000 6.39154
0.72 0.08000 6.18917
0.74 0.08000 5.93572
0.76 0.08000 5.63415
0.78 0.08000 5.28834
0.8 0.08000 4.90292
0.82 0.08000 4.48307
0.84 0.08000 4.03433
0.86 0.08000 3.56236
0.88 0.08000 3.07268
0.9 0.08000 2.57046
0.92 0.08000 2.06027
0.94 0.08000 1.54589
0.96 0.08000 1.03014
0.98 0.08000 0.51470
1.0 0.08000 0.00000

0.0 0.10000 0.00000
0.02 0.10000 0.65114
0.04 0.10000 1.22476
0.06 0.10000 1.72454
0.08 0.10000 2.15542
0.1 0.10000 2.52343
0.12 0.10000 2.83557
0.14 0.10000 3.09958
0.16 0.10000 3.32372
0.18 0.10000 3.51651
0.2 0.10000 3.68648
0.22 0.10000 3.84192
0.24 0.10000 3.99060
0.26 0.10000 4.13958
0.28 0.10000 4.29492
0.3 0.10000 4.46158
0.32 0.10000 4.64321
0.34 0.10000 4.84211
0.36 0.10000 5.05911
0.38 0.10000 5.29361
0.4 0.10000 5.54360
0.42 0.10000 5.80576
0.44 0.10000 6.07560
0.46 0.10000 6.34758
0.48 0.10000 6.61540
0.5 0.10000 6.87215
0.52 0.10000 7.11060
0.54 0.10000 7.32346
0.56 0.10000 7.50362
0.58 0.10000 7.64439
0.6 0.10000 7.73976
0.62 0.10000 7.78460
0.64 0.10000 7.77479
0.66 0.10000 7.70742
0.68 0.10000 7.58079
0.7 0.10000 7.39456
0.72 0.10000 7.14964
0.74 0.10000 6.84820
0.76 0.10000 6.49354
0.78 0.10000 6.08996
0.8 0.10000 5.64257
0.82 0.10000 5.15709
0.84 0.10000 4.63959
0.86 0.10000 4.09626
0.88 0.10000 3.53316
0.9 0.10000 2.95594
0.92 0.10000 2.36962
0.94 0.10000 1.77837
0.96 0.10000 1.18530
0.98 0.10000 0.59231
1.0 0.10000 0.00000

0.0 0.12000 0.00000
0.02 0.12000 0.69912
0.04 0.12000 1.32368
0.06 0.12000 1.87649
0.08 0.12000 2.36169
0.1 0.12000 2.78459
0.12 0.12000 3.15156
0.14 0.12000 3.46976
0.16 0.12000 3.74693
0.18 0.12000 3.99116
0.2 0.12000 4.21059
0.22 0.12000 4.41317
0.24 0.12000 4.60641
0.26 0.12000 4.79709
0.28 0.12000 4.99111
0.3 0.12000 5.19325
0.32 0.12000 5.40706
0.34 0.12000 5.63473
0.36 0.12000 5.87701
0.38 0.12000 6.13329
0.4 0.12000 6.40151
0.42 0.12000 6.67837
0.44 0.12000 6.95936
0.46 0.12000 7.23899
0.48 0.12000 7.51098
0.5 0.12000 7.76848
0.52 0.12000 8.00429
0.54 0.12000 8.21119
0.56 0.12000 8.38212
0.58 0.12000 8.51047
0.6 0.12000 8.59028
0.62 0.12000 8.61649
0.64 0.12000 8.58504
0.66 0.12000 8.49309
0.68 0.12000 8.33901
0.7 0.12000 8.12251
0.72 0.12000 7.84459
0.74 0.12000 7.50747
0.76 0.12000 7.11453
0.78 0.12000 6.67015
0.8 0.12000 6.17951
0.82 0.12000 5.64843
0.84 0.12000 5.08309
0.86 0.12000 4.48981
0.88 0.12000 3.87476
0.9 0.12000 3.24378
0.92 0.12000 2.60209
0.94 0.12000 1.95407
0.96 0.12000 1.30311
0.98 0.12000 0.65143
1.0 0.12000 0.00000

0.0 0.14000 0.00000
0.02 0.14000 0.69726
0.04 0.14000 1.33022
0.06 0.14000 1.90049
0.08 0.14000 2.41101
0.1 0.14000 2.86583
0.12 0.14000 3.27001
0.14 0.14000 3.62943
0.16 0.14000 3.95052
0.18 0.14000 4.24010
0.2 0.14000 4.50509
0.22 0.14000 4.75229
0.24 0.14000 4.98812
0.26 0.14000 5.21844
0.28 0.14000 5.44829
0.3 0.14000 5.68178
0.32 0.14000 5.92189
0.34 0.14000 6.17044
0.36 0.14000 6.42798
0.38 0.14000 6.69380
0.4 0.14000 6.96597
0.42 0.14000 7.24137
0.44 0.14000 7.51589
0.46 0.14000 7.78451
0.48 0.14000 8.04148
0.5 0.14000 8.28058
0.52 0.14000 8.49530
0.54 0.14000 8.67907
0.56 0.14000 8.82552
0.58 0.14000 8.92868
0.6 0.14000 8.98318
0.62 0.14000 8.98445
0.64 0.14000 8.92887
0.66 0.14000 8.81391
0.68 0.14000 8.63816
0.7 0.14000 8.40141
0.72 0.14000 8.10465
0.74 0.14000 7.74999
0.76 0.14000 7.34060
0.78 0.14000 6.88055
0.8 0.14000 6.37470
0.82 0.14000 5.82847
0.84 0.14000 5.24765
0.86 0.14000 4.63818
0.88 0.14000 4.00592
0.9 0.14000 3.35644
0.92 0.14000 2.69479
0.94 0.14000 2.02533
0.96 0.14000 1.35156
0.98 0.14000 0.67598
1.0 0.14000 0.00000

0.0 0.16000 0.00000
0.02 0.16000 0.64411
0.04 0.16000 1.24042
0.06 0.16000 1.78918
0.08 0.16000 2.29178
0.1 0.16000 2.75058
0.12 0.16000 3.16881
0.14 0.16000 3.55042
0.16 0.16000 3.89989
0.18 0.16000 4.22206
0.2 0.16000 4.52189
0.22 0.16000 4.80431
0.24 0.16000 5.07401
0.26 0.16000 5.33526
0.28 0.16000 5.59172
0.3 0.16000 5.84635
0.32 0.16000 6.10125
0.34 0.16000 6.35762
0.36 0.16000 6.61567
0.38 0.16000 6.87463
0.4 0.16000 7.13280
0.42 0.16000 7.38755
0.44 0.16000 7.63546
0.46 0.16000 7.87241
0.48 0.16000 8.09373
0.5 0.16000 8.29438
0.52 0.16000 8.46911
0.54 0.16000 8.61263
0.56 0.16000 8.71984
0.58 0.16000 8.78594
0.6 0.16000 8.80666
0.62 0.16000 8.77838
0.64 0.16000 8.69825
0.66 0.16000 8.56428
0.68 0.16000 8.37544
0.7 0.16000 8.13165
0.72 0.16000 7.83380
0.74 0.16000 7.48372
0.76 0.16000 7.08409
0.78 0.16000 6.63837
0.8 0.16000 6.15064
0.82 0.16000 5.62548
0.84 0.16000 5.06782
0.86 0.16000 4.48271
0.88 0.16000 3.87522
0.9 0.16000 3.25019
0.92 0.16000 2.61215
0.94 0.16000 1.96510
0.96 0.16000 1.31242
0.98 0.16000 0.65676
1.0 0.16000 0.00000

0.0 0.18000 0.00000
0.02 0.18000 0.54278
0.04 0.18000 1.05890
0.06 0.18000 1.54718
0.08 0.18000 2.00727
0.1 0.18000 2.43958
0.12 0.18000 2.84515
0.14 0.18000 3.22557
0.16 0.18000 3.58289
0.18 0.18000 3.91942
0.2 0.18000 4.23768
0.22 0.18000 4.54018
0.24 0.18000 4.82936
0.26 0.18000 5.10745
0.28 0.18000 5.37634
0.3 0.18000 5.63749
0.32 0.18000 5.89188
0.34 0.18000 6.13990
0.36 0.18000 6.38140
0.38 0.18000 6.61557
0.4 0.18000 6.84105
0.42 0.18000 7.05592
0.44 0.18000 7.25776
0.46 0.18000 7.44373
0.48 0.18000 7.61065
0.5 0.18000 7.75512
0.52 0.18000 7.87365
0.54 0.18000 7.96273
0.56 0.18000 8.01899
0.58 0.18000 8.03931
0.6 0.18000 8.02089
0.62 0.18000 7.96142
0.64 0.18000 7.85909
0.66 0.18000 7.71269
0.68 0.18000 7.52166
0.7 0.18000 7.28607
0.72 0.18000 7.00668
0.74 0.18000 6.68488
0.76 0.18000 6.32265
0.78 0.18000 5.92251
0.8 0.18000 5.48745
0.82 0.18000 5.02081
0.84 0.18000 4.52621
0.86 0.18000 4.00741
0.88 0.18000 3.46825
0.9 0.18000 2.91246
0.92 0.18000 2.34366
0.94 0.18000 1.76520
0.96 0.18000 1.18008
0.98 0.18000 0.59094
1.0 0.18000 0.00000

0.0 0.20000 0.00000
0.02 0.20000 0.40107
0.04 0.20000 0.79919
0.06 0.20000 1.19181
0.08 0.20000 1.57687
0.1 0.20000 1.95270
0.12 0.20000 2.31802
0.14 0.20000 2.67190
0.16 0.20000 3.01367
0.18 0.20000 3.34288
0.2 0.20000 3.65928
0.22 0.20000 3.96271
0.24 0.20000 4.25309
0.26 0.20000 4.53033
0.28 0.20000 4.79432
0.3 0.20000 5.04486
0.32 0.20000 5.28166
0.34 0.20000 5.50428
0.36 0.20000 5.71211
0.38 0.20000 5.90441
0.4 0.20000 6.08026
0.42 0.20000 6.23858
0.44 0.20000 6.37819
0.46 0.20000 6.49776
0.48 0.20000 6.59591
0.5 0.20000 6.67122
0.52 0.20000 6.72224
0.54 0.20000 6.74760
0.56 0.20000 6.74600
0.58 0.20000 6.71625
0.6 0.20000 6.65736
0.62 0.20000 6.56851
0.64 0.20000 6.44915
0.66 0.20000 6.29896
0.68 0.20000 6.11793
0.7 0.20000 5.90631
0.72 0.20000 5.66465
0.74 0.20000 5.39381
0.76 0.20000 5.09491
0.78 0.20000 4.76933
0.8 0.20000 4.41870
0.82 0.20000 4.04484
0.84 0.20000 3.64977
0.86 0.20000 3.23563
0.88 0.20000 2.80471
0.9 0.20000 2.35933
0.92 0.20000 1.90190
0.94 0.20000 1.43483
0.96 0.20000 0.96055
0.98 0.20000 0.48147
1.0 0.20000 0.00000

0.0 0.22000 0.00000
0.02 0.22000 0.23089
0.04 0.22000 0.48278
0.06 0.22000 0.75199
0.08 0.22000 1.03487
0.1 0.22000 1.32785
0.12 0.22000 1.62739
0.14 0.22000 1.93007
0.16 0.22000 2.23255
0.18 0.22000 2.53165
0.2 0.22000 2.82432
0.22 0.22000 3.10771
0.24 0.22000 3.37918
0.26 0.22000 3.63632
0.28 0.22000 3.87700
0.3 0.22000 4.09935
0.32 0.22000 4.30180
0.34 0.22000 4.48307
0.36 0.22000 4.64218
0.38 0.22000 4.77847
0.4 0.22000 4.89153
0.42 0.22000 4.98124
0.44 0.22000 5.04772
0.46 0.22000 5.09130
0.48 0.22000 5.11249
0.5 0.22000 5.11197
0.52 0.22000 5.09052
0.54 0.22000 5.04900
0.56 0.22000 4.98829
0.58 0.22000 4.90929
0.6 0.22000 4.81288
0.62 0.22000 4.69987
0.64 0.22000 4.57098
0.66 0.22000 4.42686
0.68 0.22000 4.26805
0.7 0.22000 4.09497
0.72 0.22000 3.90795
0.74 0.22000 3.70725
0.76 0.22000 3.49304
0.78 0.22000 3.26547
0.8 0.22000 3.02467
0.82 0.22000 2.77083
0.84 0.22000 2.50417
0.86 0.22000 2.22507
0.88 0.22000 1.93407
0.9 0.22000 1.63191
0.92 0.22000 1.31959
0.94 0.22000 0.99840
0.96 0.22000 0.67000
0.98 0.22000 0.33640
1.0 0.22000 0.00000

0.0 0.24000 0.00000
0.02 0.24000 0.04716
0.04 0.24000 0.13719
0.06 0.24000 0.26558
0.08 0.24000 0.42746
0.1 0.24000 0.61761
0.12 0.24000 0.83060
0.14 0.24000 1.06081
0.16 0.24000 1.30254
0.18 0.24000 1.55011
0.2 0.24000 1.79798
0.22 0.24000 2.04084
0.24 0.24000 2.27374
0.26 0.24000 2.49216
0.28 0.24000 2.69210
0.3 0.24000 2.87021
0.32 0.24000 3.02375
0.34 0.24000 3.15073
0.36 0.24000 3.24987
0.38 0.24000 3.32060
0.4 0.24000 3.36309
0.42 0.24000 3.37815
0.44 0.24000 3.36718
0.46 0.24000 3.33212
0.48 0.24000 3.27534
0.5 0.24000 3.19953
0.52 0.24000 3.10760
0.54 0.24000 3.00257
0.56 0.24000 2.88744
0.58 0.24000 2.76509
0.6 0.24000 2.63818
0.62 0.24000 2.50907
0.64 0.24000 2.37974
0.66 0.24000 2.25170
0.68 0.24000 2.12604
0.7 0.24000 2.00332
0.72 0.24000 1.88363
0.74 0.24000 1.76662
0.76 0.24000 1.65154
0.78 0.24000 1.53729
0.8 0.24000 1.42255
0.82 0.24000 1.30584
0.84 0.24000 1.18565
0.86 0.24000 1.06056
0.88 0.24000 0.92935
0.9 0.24000 0.79113
0.92 0.24000 0.64544
0.94 0.24000 0.49239
0.96 0.24000 0.33270
0.98 0.24000 0.16783
1.0 0.24000 0.00000

0.0 0.26000 0.00000
0.02 0.26000 -0.13363
0.04 0.26000 -0.20674
0.06 0.26000 -0.22426
0.08 0.26000 -0.19185
0.1 0.26000 -0.11586
0.12 0.26000 -0.00313
0.14 0.26000 0.13903
0.16 0.26000 0.30310
0.18 0.26000 0.48146
0.2 0.26000 0.66656
0.22 0.26000 0.85116
0.24 0.26000 1.02843
0.26 0.26000 1.19215
0.28 0.26000 1.33687
0.3 0.26000 1.45802
0.32 0.26000 1.55197
0.34 0.26000 1.61618
0.36 0.26000 1.64916
0.38 0.26000 1.65054
0.4 0.26000 1.62096
0.42 0.26000 1.56211
0.44 0.26000 1.47652
0.46 0.26000 1.36756
0.48 0.26000 1.23918
0.5 0.26000 1.09584
0.52 0.26000 0.94229
0.54 0.26000 0.78341
0.56 0.26000 0.62402
0.58 0.26000 0.46870
0.6 0.26000 0.32167
0.62 0.26000 0.18659
0.64 0.26000 0.06648
0.66 0.26000 -0.03635
0.68 0.26000 -0.12041
0.7 0.26000 -0.18504
0.72 0.26000 -0.23035
0.74 0.26000 -0.25726
0.76 0.26000 -0.26738
0.78 0.26000 -0.26287
0.8 0.26000 -0.24641
0.82 0.26000 -0.22093
0.84 0.26000 -0.18953
0.86 0.26000 -0.15525
0.88 0.26000 -0.12092
0.9 0.26000 -0.08896
0.92 0.26000 -0.06118
0.94 0.26000 -0.03868
0.96 0.26000 -0.02169
0.98 0.26000 -0.00941
1.0 0.26000 0.00000

0.0 0.28000 0.00000
0.02 0.28000 -0.29504
0.04 0.28000 -0.51787
0.06 0.28000 -0.67337
0.08 0.28000 -0.76746
0.1 0.28000 -0.80700
0.12 0.28000 -0.79965
0.14 0.28000 -0.75365
0.16 0.28000 -0.67767
0.18 0.28000 -0.58056
0.2 0.28000 -0.47110
0.22 0.28000 -0.35784
0.24 0.28000 -0.24881
0.26 0.28000 -0.15131
0.28 0.28000 -0.07178
0.3 0.28000 -0.01556
0.32 0.28000 0.01319
0.34 0.28000 0.01160
0.36 0.28000 -0.02188
0.38 0.28000 -0.08745
0.4 0.28000 -0.18400
0.42 0.28000 -0.30920
0.44 0.28000 -0.45958
0.46 0.28000 -0.63076
0.48 0.28000 -0.81752
0.5 0.28000 -1.01411
0.52 0.28000 -1.21440
0.54 0.28000 -1.41212
0.56 0.28000 -1.60111
0.58 0.28000 -1.77553
0.6 0.28000 -1.93003
0.62 0.28000 -2.05997
0.64 0.28000 -2.16157
0.66 0.28000 -2.23198
0.68 0.28000 -2.26943
0.7 0.28000 -2.27317
0.72 0.28000 -2.24355
0.74 0.28000 -2.18193
0.76 0.28000 -2.09057
0.78 0.28000 -1.97252
0.8 0.28000 -1.83148
0.82 0.28000 -1.67158
0.84 0.28000 -1.49715
0.86 0.28000 -1.31254
0.88 0.28000 -1.12190
0.9 0.28000 -0.92888
0.92 0.28000 -0.73650
0.94 0.28000 -0.54690
0.96 0.28000 -0.36119
0.98 0.28000 -0.17933
1.0 0.28000 0.00000

0.0 0.30000 0.00000
0.02 0.30000 -0.42235
0.04 0.30000 -0.76788
0.06 0.30000 -1.04096
0.08 0.30000 -1.24723
0.1 0.30000 -1.39342
0.12 0.30000 -1.48723
0.14 0.30000 -1.53710
0.16 0.30000 -1.55198
0.18 0.30000 -1.54109
0.2 0.30000 -1.51366
0.22 0.30000 -1.47868
0.24 0.30000 -1.44461
0.26 0.30000 -1.41917
0.28 0.30000 -1.40913
0.3 0.30000 -1.42010
0.32 0.30000 -1.45640
0.34 0.30000 -1.52096
0.36 0.30000 -1.61523
0.38 0.30000 -1.73922
0.4 0.30000 -1.89149
0.42 0.30000 -2.06928
0.44 0.30000 -2.26858
0.46 0.30000 -2.48436
0.48 0.30000 -2.71071
0.5 0.30000 -2.94111
0.52 0.30000 -3.16867
0.54 0.30000 -3.38635
0.56 0.30000 -3.58724
0.58 0.30000 -3.76481
0.6 0.30000 -3.91309
0.62 0.30000 -4.02694
0.64 0.30000 -4.10215
0.66 0.30000 -4.13563
0.68 0.30000 -4.12545
0.7 0.30000 -4.07090
0.72 0.30000 -3.97246
0.74 0.30000 -3.83181
0.76 0.30000 -3.65163
0.78 0.30000 -3.43554
0.8 0.30000 -3.18790
0.82 0.30000 -2.91357
0.84 0.30000 -2.61773
0.86 0.30000 -2.30557
0.88 0.30000 -1.98210
0.9 0.30000 -1.65190
0.92 0.30000 -1.31881
0.94 0.30000 -0.98582
0.96 0.30000 -0.65480
0.98 0.30000 -0.32643
1.0 0.30000 0.00000

0.0 0.32000 0.00000
0.02 0.32000 -0.50397
0.04 0.32000 -0.93405
0.06 0.32000 -1.29370
0.08 0.32000 -1.58772
0.1 0.32000 -1.82208
0.12 0.32000 -2.00378
0.14 0.32000 -2.14065
0.16 0.32000 -2.24106
0.18 0.32000 -2.31372
0.2 0.32000 -2.36741
0.22 0.32000 -2.41069
0.24 0.32000 -2.45165
0.26 0.32000 -2.49769
0.28 0.32000 -2.55524
0.3 0.32000 -2.62966
0.32 0.32000 -2.72501
0.34 0.32000 -2.84398
0.36 0.32000 -2.98782
0.38 0.32000 -3.15636
0.4 0.32000 -3.34797
0.42 0.32000 -3.55972
0.44 0.32000 -3.78746
0.46 0.32000 -4.02602
0.48 0.32000 -4.26938
0.5 0.32000 -4.51089
0.52 0.32000 -4.74357
0.54 0.32000 -4.96030
0.56 0.32000 -5.15410
0.58 0.32000 -5.31837
0.6 0.32000 -5.44712
0.62 0.32000 -5.53519
0.64 0.32000 -5.57839
0.66 0.32000 -5.57362
0.68 0.32000 -5.51902
0.7 0.32000 -5.41395
0.72 0.32000 -5.25900
0.74 0.32000 -5.05596
0.76 0.32000 -4.80768
0.78 0.32000 -4.51798
0.8 0.32000 -4.19142
0.82 0.32000 -3.83313
0.84 0.32000 -3.44858
0.86 0.32000 -3.04331
0.88 0.32000 -2.62270
0.9 0.32000 -2.19173
0.92 0.32000 -1.75474
0.94 0.32000 -1.31521
0.96 0.32000 -0.87560
0.98 0.32000 -0.43720
1.0 0.32000 0.00000

0.0 0.34000 0.00000
0.02 0.34000 -0.53267
0.04 0.34000 -1.00161
0.06 0.34000 -1.40907
0.08 0.34000 -1.75854
0.1 0.34000 -2.05467
0.12 0.34000 -2.30309
0.14 0.34000 -2.51025
0.16 0.34000 -2.68315
0.18 0.34000 -2.82915
0.2 0.34000 -2.95572
0.22 0.34000 -3.07018
0.24 0.34000 -3.17946
0.26 0.34000 -3.28990
0.28 0.34000 -3.40703
0.3 0.34000 -3.53540
0.32 0.34000 -3.67843
0.34 0.34000 -3.83833
0.36 0.34000 -4.01603
0.38 0.34000 -4.21117
0.4 0.34000 -4.42214
0.42 0.34000 -4.64611
0.44 0.34000 -4.87921
0.46 0.34000 -5.11663
0.48 0.34000 -5.35282
0.5 0.34000 -5.58169
0.52 0.34000 -5.79683
0.54 0.34000 -5.99172
0.56 0.34000 -6.16000
0.58 0.34000 -6.29568
0.6 0.34000 -6.39331
0.62 0.34000 -6.44820
0.64 0.34000 -6.45657
0.66 0.34000 -6.41566
0.68 0.34000 -6.32382
0.7 0.34000 -6.18054
0.72 0.34000 -5.98646
0.74 0.34000 -5.74329
0.76 0.34000 -5.45377
0.78 0.34000 -5.12151
0.8 0.34000 -4.75084
0.82 0.34000 -4.34666
0.84 0.34000 -3.91415
0.86 0.34000 -3.45866
0.88 0.34000 -2.98539
0.9 0.34000 -2.49925
0.92 0.34000 -2.00459
0.94 0.34000 -1.50508
0.96 0.34000 -1.00348
0.98 0.34000 -0.50156
1.0 0.34000 0.00000

0.0 0.36000 0.00000
0.02 0.36000 -0.50624
0.04 0.36000 -0.96518
0.06 0.36000 -1.37761
0.08 0.36000 -1.74540
0.1 0.36000 -2.07144
0.12 0.36000 -2.35946
0.14 0.36000 -2.61389
0.16 0.36000 -2.83970
0.18 0.36000 -3.04218
0.2 0.36000 -3.22677
0.22 0.36000 -3.39884
0.24 0.36000 -3.56350
0.26 0.36000 -3.72543
0.28 0.36000 -3.88869
0.3 0.36000 -4.05661
0.32 0.36000 -4.23164
0.34 0.36000 -4.41530
0.36 0.36000 -4.60810
0.38 0.36000 -4.80956
0.4 0.36000 -5.01821
0.42 0.36000 -5.23165
0.44 0.36000 -5.44663
0.46 0.36000 -5.65920
0.48 0.36000 -5.86483
0.5 0.36000 -6.05855
0.52 0.36000 -6.23516
0.54 0.36000 -6.38942
0.56 0.36000 -6.51619
0.58 0.36000 -6.61064
0.6 0.36000 -6.66841
0.62 0.36000 -6.68576
0.64 0.36000 -6.65967
0.66 0.36000 -6.58797
0.68 0.36000 -6.46941
0.7 0.36000 -6.30363
0.72 0.36000 -6.09123
0.74 0.36000 -5.83371
0.76 0.36000 -5.53340
0.78 0.36000 -5.19335
0.8 0.36000 -4.81724
0.82 0.36000 -4.40919
0.84 0.36000 -3.97364
0.86 0.36000 -3.51517
0.88 0.36000 -3.03832
0.9 0.36000 -2.54740
0.92 0.36000 -2.04638
0.94 0.36000 -1.53870
0.96 0.36000 -1.02717
0.98 0.36000 -0.51384
1.0 0.36000 0.00000

0.0 0.38000 0.00000
0.02 0.38000 -0.42778
0.04 0.38000 -0.82932
0.06 0.38000 -1.20391
0.08 0.38000 -1.55162
0.1 0.38000 -1.87329
0.12 0.38000 -2.17038
0.14 0.38000 -2.44490
0.16 0.38000 -2.69931
0.18 0.38000 -2.93631
0.2 0.38000 -3.15881
0.22 0.38000 -3.36969
0.24 0.38000 -3.57176
0.26 0.38000 -3.76758
0.28 0.38000 -3.95935
0.3 0.38000 -4.14887
0.32 0.38000 -4.33737
0.34 0.38000 -4.52555
0.36 0.38000 -4.71345
0.38 0.38000 -4.90053
0.4 0.38000 -5.08560
0.42 0.38000 -5.26691
0.44 0.38000 -5.44219
0.46 0.38000 -5.60872
0.48 0.38000 -5.76341
0.5 0.38000 -5.90294
0.52 0.38000 -6.02383
0.54 0.38000 -6.12258
0.56 0.38000 -6.19581
0.58 0.38000 -6.24033
0.6 0.38000 -6.25328
0.62 0.38000 -6.23222
0.64 0.38000 -6.17521
0.66 0.38000 -6.08087
0.68 0.38000 -5.94844
0.7 0.38000 -5.77777
0.72 0.38000 -5.56937
0.74 0.38000 -5.32436
0.76 0.38000 -5.04440
0.78 0.38000 -4.73171
0.8 0.38000 -4.38891
0.82 0.38000 -4.01898
0.84 0.38000 -3.62516
0.86 0.38000 -3.21081
0.88 0.38000 -2.77931
0.9 0.38000 -2.33401
0.92 0.38000 -1.87805
0.94 0.38000 -1.41431
0.96 0.38000 -0.94536
0.98 0.38000 -0.47334
1.0 0.38000 0.00000

0.0 0.40000 0.00000
0.02 0.40000 -0.30540
0.04 0.40000 -0.60820
0.06 0.40000 -0.90626
0.08 0.40000 -1.19785
0.1 0.40000 -1.48168
0.12 0.40000 -1.75683
0.14 0.40000 -2.02270
0.16 0.40000 -2.27897
0.18 0.40000 -2.52554
0.2 0.40000 -2.76246
0.22 0.40000 -2.98989
0.24 0.40000 -3.20805
0.26 0.40000 -3.41713
0.28 0.40000 -3.61730
0.3 0.40000 -3.80860
0.32 0.40000 -3.99098
0.34 0.40000 -4.16420
0.36 0.40000 -4.32788
0.38 0.40000 -4.48144
0.4 0.40000 -4.62413
0.42 0.40000 -4.75500
0.44 0.40000 -4.87297
0.46 0.40000 -4.97683
0.48 0.40000 -5.06526
0.5 0.40000 -5.13687
0.52 0.40000 -5.19026
0.54 0.40000 -5.22403
0.56 0.40000 -5.23687
0.58 0.40000 -5.22754
0.6 0.40000 -5.19498
0.62 0.40000 -5.13827
0.64 0.40000 -5.05673
0.66 0.40000 -4.94991
0.68 0.40000 -4.81762
0.7 0.40000 -4.65993
0.72 0.40000 -4.47719
0.74 0.40000 -4.27001
0.76 0.40000 -4.03926
0.78 0.40000 -3.78607
0.8 0.40000 -3.51177
0.82 0.40000 -3.21788
0.84 0.40000 -2.90609
0.86 0.40000 -2.57824
0.88 0.40000 -2.23623
0.9 0.40000 -1.88206
0.92 0.40000 -1.51776
0.94 0.40000 -1.14536
0.96 0.40000 -0.76692
0.98 0.40000 -0.38446
1.0 0.40000 0.00000

0.0 0.42000 0.00000
0.02 0.42000 -0.15142
0.04 0.42000 -0.32416
0.06 0.42000 -0.51482
0.08 0.42000 -0.72009
0.1 0.42000 -0.93667
0.12 0.42000 -1.16135
0.14 0.42000 -1.39098
0.16 0.42000 -1.62253
0.18 0.42000 -1.85306
0.2 0.42000 -2.07981
0.22 0.42000 -2.30019
0.24 0.42000 -2.51181
0.26 0.42000 -2.71249
0.28 0.42000 -2.90032
0.3 0.42000 -3.07365
0.32 0.42000 -3.23108
0.34 0.42000 -3.37154
0.36 0.42000 -3.49421
0.38 0.42000 -3.59855
0.4 0.42000 -3.68430
0.42 0.42000 -3.75144
0.44 0.42000 -3.80019
0.46 0.42000 -3.83095
0.48 0.42000 -3.84429
0.5 0.42000 -3.84092
0.52 0.42000 -3.82164
0.54 0.42000 -3.78729
0.56 0.42000 -3.73874
0.58 0.42000 -3.67686
0.6 0.42000 -3.60243
0.62 0.42000 -3.51620
0.64 0.42000 -3.41879
0.66 0.42000 -3.31072
0.68 0.42000 -3.19239
0.7 0.42000 -3.06406
0.72 0.42000 -2.92590
0.74 0.42000 -2.77796
0.76 0.42000 -2.62022
0.78 0.42000 -2.45259
0.8 0.42000 -2.27497
0.82 0.42000 -2.08729
0.84 0.42000 -1.88953
0.86 0.42000 -1.68178
0.88 0.42000 -1.46430
0.9 0.42000 -1.23752
0.92 0.42000 -1.00217
0.94 0.42000 -0.75923
0.96 0.42000 -0.51002
0.98 0.42000 -0.25625
1.0 0.42000 0.00000

0.0 0.44000 0.00000
0.02 0.44000 0.01878
0.04 0.44000 -0.00557
0.06 0.44000 -0.06880
0.08 0.44000 -0.16628
0.1 0.44000 -0.29306
0.12 0.44000 -0.44395
0.14 0.44000 -0.61357
0.16 0.44000 -0.79647
0.18 0.44000 -0.98718
0.2 0.44000 -1.18041
0.22 0.44000 -1.37105
0.24 0.44000 -1.55436
0.26 0.44000 -1.72600
0.28 0.44000 -1.88218
0.3 0.44000 -2.01970
0.32 0.44000 -2.13600
0.34 0.44000 -2.22922
0.36 0.44000 -2.29822
0.38 0.44000 -2.34257
0.4 0.44000 -2.36252
0.42 0.44000 -2.35897
0.44 0.44000 -2.33341
0.46 0.44000 -2.28783
0.48 0.44000 -2.22466
0.5 0.44000 -2.14659
0.52 0.44000 -2.05657
0.54 0.44000 -1.95759
0.56 0.44000 -1.85264
0.58 0.44000 -1.74456
0.6 0.44000 -1.63595
0.62 0.44000 -1.52912
0.64 0.44000 -1.42593
0.66 0.44000 -1.32782
0.68 0.44000 -1.23575
0.7 0.44000 -1.15014
0.72 0.44000 -1.07095
0.74 0.44000 -0.99766
0.76 0.44000 -0.92935
0.78 0.44000 -0.86474
0.8 0.44000 -0.80231
0.82 0.44000 -0.74038
0.84 0.44000 -0.67721
0.86 0.44000 -0.61116
0.88 0.44000 -0.54077
0.9 0.44000 -0.46493
0.92 0.44000 -0.38291
0.94 0.44000 -0.29457
0.96 0.44000 -0.20039
0.98 0.44000 -0.10154
1.0 0.44000 0.00000

0.0 0.46000 0.00000
0.02 0.46000 0.18831
0.04 0.46000 0.31588
0.06 0.46000 0.38744
0.08 0.46000 0.40843
0.1 0.46000 0.38497
0.12 0.46000 0.32374
0.14 0.46000 0.23180
0.16 0.46000 0.11650
0.18 0.46000 -0.01474
0.2 0.46000 -0.15456
0.22 0.46000 -0.29588
0.24 0.46000 -0.43205
0.26 0.46000 -0.55703
0.28 0.46000 -0.66550
0.3 0.46000 -0.75304
0.32 0.46000 -0.81616
0.34 0.46000 -0.85243
0.36 0.46000 -0.86048
0.38 0.46000 -0.84003
0.4 0.46000 -0.79183
0.42 0.46000 -0.71761
0.44 0.46000 -0.61999
0.46 0.46000 -0.50236
0.48 0.46000 -0.36874
0.5 0.46000 -0.22359
0.52 0.46000 -0.07167
0.54 0.46000 0.08214
0.56 0.46000 0.23305
0.58 0.46000 0.37649
0.6 0.46000 0.50831
0.62 0.46000 0.62491
0.64 0.46000 0.72331
0.66 0.46000 0.80132
0.68 0.46000 0.85753
0.7 0.46000 0.89139
0.72 0.46000 0.90314
0.74 0.46000 0.89383
0.76 0.46000 0.86519
0.78 0.46000 0.81958
0.8 0.46000 0.75979
0.82 0.46000 0.68895
0.84 0.46000 0.61035
0.86 0.46000 0.52719
0.88 0.46000 0.44251
0.9 0.46000 0.35892
0.92 0.46000 0.27845
0.94 0.46000 0.20239
0.96 0.46000 0.13119
0.98 0.46000 0.06427
1.0 0.46000 0.00000

0.0 0.48000 0.00000
0.02 0.48000 0.34037
0.04 0.48000 0.60834
0.06 0.48000 0.80863
0.08 0.48000 0.94697
0.1 0.48000 1.03007
0.12 0.48000 1.06539
0.14 0.48000 1.06102
0.16 0.48000 1.02546
0.18 0.48000 0.96739
0.2 0.48000 0.89546
0.22 0.48000 0.81806
0.24 0.48000 0.74307
0.26 0.48000 0.67767
0.28 0.48000 0.62816
0.3 0.48000 0.59977
0.32 0.48000 0.59655
0.34 0.48000 0.62128
0.36 0.48000 0.67540
0.38 0.48000 0.75903
0.4 0.48000 0.87099
0.42 0.48000 1.00888
0.44 0.48000 1.16922
0.46 0.48000 1.34753
0.48 0.48000 1.53862
0.5 0.48000 1.73668
0.52 0.48000 1.93559
0.54 0.48000 2.12908
0.56 0.48000 2.31102
0.58 0.48000 2.47557
0.6 0.48000 2.61745
0.62 0.48000 2.73205
0.64 0.48000 2.81565
0.66 0.48000 2.86549
0.68 0.48000 2.87985
0.7 0.48000 2.85809
0.72 0.48000 2.80067
0.74 0.48000 2.70903
0.76 0.48000 2.58557
0.78 0.48000 2.43347
0.8 0.48000 2.25655
0.82 0.48000 2.05908
0.84 0.48000 1.84556
0.86 0.48000 1.62048
0.88 0.48000 1.38815
0.9 0.48000 1.15238
0.92 0.48000 0.91637
0.94 0.48000 0.68243
0.96 0.48000 0.45185
0.98 0.48000 0.22475
1.0 0.48000 0.00000

0.0 0.50000 0.00000
0.02 0.50000 0.45991
0.04 0.50000 0.84285
0.06 0.50000 1.15305
0.08 0.50000 1.39599
0.1 0.50000 1.57828
0.12 0.50000 1.70745
0.14 0.50000 1.79181
0.16 0.50000 1.84018
0.18 0.50000 1.86165
0.2 0.50000 1.86532
0.22 0.50000 1.86004
0.24 0.50000 1.85417
0.26 0.50000 1.85532
0.28 0.50000 1.87015
0.3 0.50000 1.90418
0.32 0.50000 1.96162
0.34 0.50000 2.04533
0.36 0.50000 2.15669
0.38 0.50000 2.29563
0.4 0.50000 2.46066
0.42 0.50000 2.64896
0.44 0.50000 2.85648
0.46 0.50000 3.07816
0.48 0.50000 3.30807
0.5 0.50000 3.53969
0.52 0.50000 3.76609
0.54 0.50000 3.98025
0.56 0.50000 4.17529
0.58 0.50000 4.34467
0.6 0.50000 4.48248
0.62 0.50000 4.58361
0.64 0.50000 4.64391
0.66 0.50000 4.66033
0.68 0.50000 4.63102
0.7 0.50000 4.55533
0.72 0.50000 4.43386
0.74 0.50000 4.26834
0.76 0.50000 4.06157
0.78 0.50000 3.81728
0.8 0.50000 3.53992
0.82 0.50000 3.23448
0.84 0.50000 2.90625
0.86 0.50000 2.56057
0.88 0.50000 2.20258
0.9 0.50000 1.83698
0.92 0.50000 1.46776
0.94 0.50000 1.09805
0.96 0.50000 0.72987
0.98 0.50000 0.36404
1.0 0.50000 0.00000

0.0 0.52000 0.00000
0.02 0.52000 0.53510
0.04 0.52000 0.99618
0.06 0.52000 1.38658
0.08 0.52000 1.71099
0.1 0.52000 1.97525
0.12 0.52000 2.18625
0.14 0.52000 2.35170
0.16 0.52000 2.47985
0.18 0.52000 2.57933
0.2 0.52000 2.65878
0.22 0.52000 2.72667
0.24 0.52000 2.79099
0.26 0.52000 2.85905
0.28 0.52000 2.93721
0.3 0.52000 3.03072
0.32 0.52000 3.14358
0.34 0.52000 3.27842
0.36 0.52000 3.43641
0.38 0.52000 3.61733
0.4 0.52000 3.81950
0.42 0.52000 4.03995
0.44 0.52000 4.27450
0.46 0.52000 4.51794
0.48 0.52000 4.76424
0.5 0.52000 5.00675
0.52 0.52000 5.23846
0.54 0.52000 5.45227
0.56 0.52000 5.64121
0.58 0.52000 5.79869
0.6 0.52000 5.91877
0.62 0.52000 5.99630
0.64 0.52000 6.02713
0.66 0.52000 6.00823
0.68 0.52000 5.93778
0.7 0.52000 5.81520
0.72 0.52000 5.64116
0.74 0.52000 5.41752
0.76 0.52000 5.14722
0.78 0.52000 4.83415
0.8 0.52000 4.48297
0.82 0.52000 4.09891
0.84 0.52000 3.68754
0.86 0.52000 3.25451
0.88 0.52000 2.80530
0.9 0.52000 2.34502
0.92 0.52000 1.87810
0.94 0.52000 1.40816
0.96 0.52000 0.93778
0.98 0.52000 0.46835
1.0 0.52000 0.00000

0.0 0.54000 0.00000
0.02 0.54000 0.55845
0.04 0.54000 1.05309
0.06 0.54000 1.48602
0.08 0.54000 1.86067
0.1 0.54000 2.18157
0.12 0.54000 2.45427
0.14 0.54000 2.68510
0.16 0.54000 2.88099
0.18 0.54000 3.04920
0.2 0.54000 3.19712
0.22 0.54000 3.33196
0.24 0.54000 3.46060
0.26 0.54000 3.58929
0.28 0.54000 3.72349
0.3 0.54000 3.86767
0.32 0.54000 4.02521
0.34 0.54000 4.19824
0.36 0.54000 4.38767
0.38 0.54000 4.59306
0.4 0.54000 4.81277
0.42 0.54000 5.04395
0.44 0.54000 5.28268
0.46 0.54000 5.52415
0.48 0.54000 5.76277
0.5 0.54000 5.99246
0.52 0.54000 6.20679
0.54 0.54000 6.39926
0.56 0.54000 6.56351
0.58 0.54000 6.69357
0.6 0.54000 6.78400
0.62 0.54000 6.83015
0.64 0.54000 6.82828
0.66 0.54000 6.77566
0.68 0.54000 6.67069
0.7 0.54000 6.51291
0.72 0.54000 6.30301
0.74 0.54000 6.04277
0.76 0.54000 5.73500
0.78 0.54000 5.38339
0.8 0.54000 4.99233
0.82 0.54000 4.56680
0.84 0.54000 4.11208
0.86 0.54000 3.63359
0.88 0.54000 3.13664
0.9 0.54000 2.62621
0.92 0.54000 2.10677
0.94 0.54000 1.58207
0.96 0.54000 1.05498
0.98 0.54000 0.52736
1.0 0.54000 0.00000

0.0 0.56000 0.00000
0.02 0.56000 0.52760
0.04 0.56000 1.00782
0.06 0.56000 1.44136
0.08 0.56000 1.83002
0.1 0.56000 2.17658
0.12 0.56000 2.48471
0.14 0.56000 2.75876
0.16 0.56000 3.00361
0.18 0.56000 3.22449
0.2 0.56000 3.42675
0.22 0.56000 3.61571
0.24 0.56000 3.79641
0.26 0.56000 3.97346
0.28 0.56000 4.15086
0.3 0.56000 4.33188
0.32 0.56000 4.51893
0.34 0.56000 4.71346
0.36 0.56000 4.91597
0.38 0.56000 5.12593
0.4 0.56000 5.34182
0.42 0.56000 5.56122
0.44 0.56000 5.78087
0.46 0.56000 5.99679
0.48 0.56000 6.20443
0.5 0.56000 6.39882
0.52 0.56000 6.57477
0.54 0.56000 6.72702
0.56 0.56000 6.85045
0.58 0.56000 6.94024
0.6 0.56000 6.99205
0.62 0.56000 7.00216
0.64 0.56000 6.96758
0.66 0.56000 6.88618
0.68 0.56000 6.75674
0.7 0.56000 6.57894
0.72 0.56000 6.35344
0.74 0.56000 6.08179
0.76 0.56000 5.76636
0.78 0.56000 5.41028
0.8 0.56000 5.01727
0.82 0.56000 4.59154
0.84 0.56000 4.13759
0.86 0.56000 3.66007
0.88 0.56000 3.16360
0.9 0.56000 2.65257
0.92 0.56000 2.13102
0.94 0.56000 1.60247
0.96 0.56000 1.06982
0.98 0.56000 0.53521
1.0 0.56000 0.00000

0.0 0.58000 0.00000
0.02 0.58000 0.44548
0.04 0.58000 0.86465
0.06 0.58000 1.25673
0.08 0.58000 1.62172
0.1 0.58000 1.96039
0.12 0.58000 2.27414
0.14 0.58000 2.56491
0.16 0.58000 2.83510
0.18 0.58000 3.08734
0.2 0.58000 3.32448
0.22 0.58000 3.54936
0.24 0.58000 3.76471
0.26 0.58000 3.97305
0.28 0.58000 4.17654
0.3 0.58000 4.37691
0.32 0.58000 4.57537
0.34 0.58000 4.77255
0.36 0.58000 4.96850
0.38 0.58000 5.16261
0.4 0.58000 5.35368
0.42 0.58000 5.53993
0.44 0.58000 5.71908
0.46 0.58000 5.88838
0.48 0.58000 6.04474
0.5 0.58000 6.18482
0.52 0.58000 6.30516
0.54 0.58000 6.40225
0.56 0.58000 6.47270
0.58 0.58000 6.51336
0.6 0.58000 6.52137
0.62 0.58000 6.49432
0.64 0.58000 6.43027
0.66 0.58000 6.32790
0.68 0.58000 6.18645
0.7 0.58000 6.00583
0.72 0.58000 5.78658
0.74 0.58000 5.52985
0.76 0.58000 5.23738
0.78 0.58000 4.91140
0.8 0.58000 4.55461
0.82 0.58000 4.17004
0.84 0.58000 3.76097
0.86 0.58000 3.33084
0.88 0.58000 2.88309
0.9 0.58000 2.42113
0.92 0.58000 1.94816
0.94 0.58000 1.46714
0.96 0.58000 0.98069
0.98 0.58000 0.49104
1.0 0.58000 0.00000

0.0 0.60000 0.00000
0.02 0.60000 0.32006
0.04 0.60000 0.63747
0.06 0.60000 0.95001
0.08 0.60000 1.25592
0.1 0.60000 1.55383
0.12 0.60000 1.84278
0.14 0.60000 2.12212
0.16 0.60000 2.39146
0.18 0.60000 2.65065
0.2 0.60000 2.89971
0.22 0.60000 3.13873
0.24 0.60000 3.36789
0.26 0.60000 3.58735
0.28 0.60000 3.79721
0.3 0.60000 3.99751
0.32 0.60000 4.18813
0.34 0.60000 4.36883
0.36 0.60000 4.53917
0.38 0.60000 4.69855
0.4 0.60000 4.84621
0.42 0.60000 4.98117
0.44 0.60000 5.10235
0.46 0.60000 5.20850
0.48 0.60000 5.29831
0.5 0.60000 5.37038
0.52 0.60000 5.42331
0.54 0.60000 5.45570
0.56 0.60000 5.46625
0.58 0.60000 5.45372
0.6 0.60000 5.41706
0.62 0.60000 5.35539
0.64 0.60000 5.26802
0.66 0.60000 5.15455
0.68 0.60000 5.01479
0.7 0.60000 4.84885
0.72 0.60000 4.65712
0.74 0.60000 4.44024
0.76 0.60000 4.19912
0.78 0.60000 3.93492
0.8 0.60000 3.64903
0.82 0.60000 3.34301
0.84 0.60000 3.01860
0.86 0.60000 2.67767
0.88 0.60000 2.32220
0.9 0.60000 1.95423
0.92 0.60000 1.57583
0.94 0.60000 1.18912
0.96 0.60000 0.79619
0.98 0.60000 0.39912
1.0 0.60000 0.00000

0.0 0.62000 0.00000
0.02 0.62000 0.16357
0.04 0.62000 0.34840
0.06 0.62000 0.55107
0.08 0.62000 0.76820
0.1 0.62000 0.99645
0.12 0.62000 1.23256
0.14 0.62000 1.47334
0.16 0.62000 1.71571
0.18 0.62000 1.95671
0.2 0.62000 2.19351
0.22 0.62000 2.42349
0.24 0.62000 2.64422
0.26 0.62000 2.85350
0.28 0.62000 3.04937
0.3 0.62000 3.23014
0.32 0.62000 3.39441
0.34 0.62000 3.54105
0.36 0.62000 3.66923
0.38 0.62000 3.77840
0.4 0.62000 3.86827
0.42 0.62000 3.93880
0.44 0.62000 3.99020
0.46 0.62000 4.02286
0.48 0.62000 4.03735
0.5 0.62000 4.03436
0.52 0.62000 4.01470
0.54 0.62000 3.97920
0.56 0.62000 3.92876
0.58 0.62000 3.86422
0.6 0.62000 3.78641
0.62 0.62000 3.69606
0.64 0.62000 3.59383
0.66 0.62000 3.48024
0.68 0.62000 3.35572
0.7 0.62000 3.22056
0.72 0.62000 3.07496
0.74 0.62000 2.91898
0.76 0.62000 2.75264
0.78 0.62000 2.57589
0.8 0.62000 2.38867
0.82 0.62000 2.19094
0.84 0.62000 1.98272
0.86 0.62000 1.76415
0.88 0.62000 1.53551
0.9 0.62000 1.29730
0.92 0.62000 1.05028
0.94 0.62000 0.79547
0.96 0.62000 0.53427
0.98 0.62000 0.26839
1.0 0.62000 0.00000

0.0 0.64000 0.00000
0.02 0.64000 -0.00872
0.04 0.64000 0.02566
0.06 0.64000 0.09883
0.08 0.64000 0.20613
0.1 0.64000 0.34258
0.12 0.64000 0.50294
0.14 0.64000 0.68180
0.16 0.64000 0.87366
0.18 0.64000 1.07305
0.2 0.64000 1.27460
0.22 0.64000 1.47319
0.24 0.64000 1.66405
0.26 0.64000 1.84281
0.28 0.64000 2.00565
0.3 0.64000 2.14934
0.32 0.64000 2.27130
0.34 0.64000 2.36964
0.36 0.64000 2.44322
0.38 0.64000 2.49156
0.4 0.64000 2.51492
0.42 0.64000 2.51418
0.44 0.64000 2.49082
0.46 0.64000 2.44682
0.48 0.64000 2.38459
0.5 0.64000 2.30684
0.52 0.64000 2.21650
0.54 0.64000 2.11657
0.56 0.64000 2.01005
0.58 0.64000 1.89977
0.6 0.64000 1.78836
0.62 0.64000 1.67811
0.64 0.64000 1.57093
0.66 0.64000 1.46825
0.68 0.64000 1.37105
0.7 0.64000 1.27978
0.72 0.64000 1.19442
0.74 0.64000 1.11448
0.76 0.64000 1.03905
0.78 0.64000 0.96689
0.8 0.64000 0.89650
0.82 0.64000 0.82624
0.84 0.64000 0.75441
0.86 0.64000 0.67939
0.88 0.64000 0.59977
0.9 0.64000 0.51444
0.92 0.64000 0.42276
0.94 0.64000 0.32460
0.96 0.64000 0.22047
0.98 0.64000 0.11160
1.0 0.64000 0.00000

0.0 0.66000 0.00000
0.02 0.66000 -0.17997
0.04 0.66000 -0.29924
0.06 0.66000 -0.36256
0.08 0.66000 -0.37541
0.1 0.66000 -0.34395
0.12 0.66000 -0.27487
0.14 0.66000 -0.17528
0.16 0.66000 -0.05255
0.18 0.66000 0.08587
0.2 0.66000 0.23258
0.22 0.66000 0.38049
0.24 0.66000 0.52292
0.26 0.66000 0.65380
0.28 0.66000 0.76779
0.3 0.66000 0.86043
0.32 0.66000 0.92824
0.34 0.66000 0.96875
0.36 0.66000 0.98060
0.38 0.66000 0.96346
0.4 0.66000 0.91808
0.42 0.66000 0.84619
0.44 0.66000 0.75039
0.46 0.66000 0.63406
0.48 0.66000 0.50122
0.5 0.66000 0.35633
0.52 0.66000 0.20416
0.54 0.66000 0.04956
0.56 0.66000 -0.10265
0.58 0.66000 -0.24791
0.6 0.66000 -0.38206
0.62 0.66000 -0.50148
0.64 0.66000 -0.60319
0.66 0.66000 -0.68499
0.68 0.66000 -0.74545
0.7 0.66000 -0.78399
0.72 0.66000 -0.80086
0.74 0.66000 -0.79706
0.76 0.66000 -0.77432
0.78 0.66000 -0.73496
0.8 0.66000 -0.68176
0.82 0.66000 -0.61782
0.84 0.66000 -0.54639
0.86 0.66000 -0.47067
0.88 0.66000 -0.39365
0.9 0.66000 -0.31790
0.92 0.66000 -0.24543
0.94 0.66000 -0.17752
0.96 0.66000 -0.11455
0.98 0.66000 -0.05593
1.0 0.66000 0.00000

0.0 0.68000 0.00000
0.02 0.68000 -0.33346
0.04 0.68000 -0.59456
0.06 0.68000 -0.78802
0.08 0.68000 -0.91963
0.1 0.68000 -0.99609
0.12 0.68000 -1.02491
0.14 0.68000 -1.01420
0.16 0.68000 -0.97248
0.18 0.68000 -0.90847
0.2 0.68000 -0.83083
0.22 0.68000 -0.74797
0.24 0.68000 -0.66779
0.26 0.68000 -0.59751
0.28 0.68000 -0.54343
0.3 0.68000 -0.51081
0.32 0.68000 -0.50371
0.34 0.68000 -0.52491
0.36 0.68000 -0.57590
0.38 0.68000 -0.65678
0.4 0.68000 -0.76640
0.42 0.68000 -0.90237
0.44 0.68000 -1.06120
0.46 0.68000 -1.23843
0.48 0.68000 -1.42887
0.5 0.68000 -1.62671
0.52 0.68000 -1.82584
0.54 0.68000 -2.01998
0.56 0.68000 -2.20300
0.58 0.68000 -2.36906
0.6 0.68000 -2.51286
0.62 0.68000 -2.62981
0.64 0.68000 -2.71615
0.66 0.68000 -2.76912
0.68 0.68000 -2.78700
0.7 0.68000 -2.76913
0.72 0.68000 -2.71594
0.74 0.68000 -2.62887
0.76 0.68000 -2.51029
0.78 0.68000 -2.36337
0.8 0.68000 -2.19192
0.82 0.68000 -2.00016
0.84 0.68000 -1.79258
0.86 0.68000 -1.57366
0.88 0.68000 -1.34766
0.9 0.68000 -1.11840
0.92 0.68000 -0.88902
0.94 0.68000 -0.66182
0.96 0.68000 -0.43806
0.98 0.68000 -0.21785
1.0 0.68000 0.00000

0.0 0.70000 0.00000
0.02 0.70000 -0.45419
0.04 0.70000 -0.83143
0.06 0.70000 -1.13598
0.08 0.70000 -1.37334
0.1 0.70000 -1.55013
0.12 0.70000 -1.67392
0.14 0.70000 -1.75303
0.16 0.70000 -1.79630
0.18 0.70000 -1.81284
0.2 0.70000 -1.81177
0.22 0.70000 -1.80197
0.24 0.70000 -1.79181
0.26 0.70000 -1.78892
0.28 0.70000 -1.79996
0.3 0.70000 -1.83048
0.32 0.70000 -1.88471
0.34 0.70000 -1.96550
0.36 0.70000 -2.07426
0.38 0.70000 -2.21093
0.4 0.70000 -2.37402
0.42 0.70000 -2.56072
0.44 0.70000 -2.76700
0.46 0.70000 -2.98778
0.48 0.70000 -3.21716
0.5 0.70000 -3.44859
0.52 0.70000 -3.67517
0.54 0.70000 -3.88987
0.56 0.70000 -4.08580
0.58 0.70000 -4.25643
0.6 0.70000 -4.39584
0.62 0.70000 -4.49891
0.64 0.70000 -4.56148
0.66 0.70000 -4.58050
0.68 0.70000 -4.55410
0.7 0.70000 -4.48163
0.72 0.70000 -4.36367
0.74 0.70000 -4.20193
0.76 0.70000 -3.99921
0.78 0.70000 -3.75921
0.8 0.70000 -3.48637
0.82 0.70000 -3.18567
0.84 0.70000 -2.86237
0.86 0.70000 -2.52179
0.88 0.70000 -2.16905
0.9 0.70000 -1.80883
0.92 0.70000 -1.44511
0.94 0.70000 -1.08098
0.96 0.70000 -0.71846
0.98 0.70000 -0.35832
1.0 0.70000 0.00000

0.0 0.72000 0.00000
0.02 0.72000 -0.53036
0.04 0.72000 -0.98672
0.06 0.72000 -1.37244
0.08 0.72000 -1.69222
0.1 0.72000 -1.95193
0.12 0.72000 -2.15847
0.14 0.72000 -2.31957
0.16 0.72000 -2.44350
0.18 0.72000 -2.53889
0.2 0.72000 -2.61442
0.22 0.72000 -2.67856
0.24 0.72000 -2.73934
0.26 0.72000 -2.80404
0.28 0.72000 -2.87906
0.3 0.72000 -2.96967
0.32 0.72000 -3.07987
0.34 0.72000 -3.21229
0.36 0.72000 -3.36813
0.38 0.72000 -3.54716
0.4 0.72000 -3.74773
0.42 0.72000 -3.96686
0.44 0.72000 -4.20037
0.46 0.72000 -4.44307
0.48 0.72000 -4.68893
0.5 0.72000 -4.93129
0.52 0.72000 -5.16315
0.54 0.72000 -5.37740
0.56 0.72000 -5.56708
0.58 0.72000 -5.72560
0.6 0.72000 -5.84700
0.62 0.72000 -5.92613
0.64 0.72000 -5.95884
0.66 0.72000 -5.94210
0.68 0.72000 -5.87406
0.7 0.72000 -5.75415
0.72 0.72000 -5.58302
0.74 0.72000 -5.36251
0.76 0.72000 -5.09556
0.78 0.72000 -4.78604
0.8 0.72000 -4.43861
0.82 0.72000 -4.05848
0.84 0.72000 -3.65119
0.86 0.72000 -3.22238
0.88 0.72000 -2.77752
0.9 0.72000 -2.32170
0.92 0.72000 -1.85933
0.94 0.72000 -1.39402
0.96 0.72000 -0.92832
0.98 0.72000 -0.46361
1.0 0.72000 0.00000

0.0 0.74000 0.00000
0.02 0.74000 -0.55453
0.04 0.74000 -1.04525
0.06 0.74000 -1.47431
0.08 0.74000 -1.84512
0.1 0.74000 -2.16225
0.12 0.74000 -2.43126
0.14 0.74000 -2.65849
0.16 0.74000 -2.85088
0.18 0.74000 -3.01571
0.2 0.74000 -3.16037
0.22 0.74000 -3.29211
0.24 0.74000 -3.41780
0.26 0.74000 -3.54372
0.28 0.74000 -3.67532
0.3 0.74000 -3.81709
0.32 0.74000 -3.97242
0.34 0.74000 -4.14346
0.36 0.74000 -4.33110
0.38 0.74000 -4.53494
0.4 0.74000 -4.75331
0.42 0.74000 -4.98340
0.44 0.74000 -5.22128
0.46 0.74000 -5.46213
0.48 0.74000 -5.70038
0.5 0.74000 -5.92994
0.52 0.74000 -6.14440
0.54 0.74000 -6.33724
0.56 0.74000 -6.50211
0.58 0.74000 -6.63301
0.6 0.74000 -6.72454
0.62 0.74000 -6.77203
0.64 0.74000 -6.77171
0.66 0.74000 -6.72088
0.68 0.74000 -6.61790
0.7 0.74000 -6.46233
0.72 0.74000 -6.25484
0.74 0.74000 -5.99720
0.76 0.74000 -5.69221
0.78 0.74000 -5.34354
0.8 0.74000 -4.95559
0.82 0.74000 -4.53330
0.84 0.74000 -4.08197
0.86 0.74000 -3.60697
0.88 0.74000 -3.11362
0.9 0.74000 -2.60689
0.92 0.74000 -2.09123
0.94 0.74000 -1.57036
0.96 0.74000 -1.04714
0.98 0.74000 -0.52344
1.0 0.74000 0.00000

0.0 0.76000 0.00000
0.02 0.76000 -0.52435
0.04 0.76000 -1.00133
0.06 0.76000 -1.43165
0.08 0.76000 -1.81714
0.1 0.76000 -2.16058
0.12 0.76000 -2.46564
0.14 0.76000 -2.73671
0.16 0.76000 -2.97866
0.18 0.76000 -3.19674
0.2 0.76000 -3.39631
0.22 0.76000 -3.58270
0.24 0.76000 -3.76096
0.26 0.76000 -3.93571
0.28 0.76000 -4.11096
0.3 0.76000 -4.28998
0.32 0.76000 -4.47520
0.34 0.76000 -4.66808
0.36 0.76000 -4.86912
0.38 0.76000 -5.07778
0.4 0.76000 -5.29257
0.42 0.76000 -5.51106
0.44 0.76000 -5.73000
0.46 0.76000 -5.94541
0.48 0.76000 -6.15275
0.5 0.76000 -6.34704
0.52 0.76000 -6.52309
0.54 0.76000 -6.67564
0.56 0.76000 -6.79958
0.58 0.76000 -6.89008
0.6 0.76000 -6.94280
0.62 0.76000 -6.95401
0.64 0.76000 -6.92072
0.66 0.76000 -6.84080
0.68 0.76000 -6.71301
0.7 0.76000 -6.53704
0.72 0.76000 -6.31354
0.74 0.76000 -6.04404
0.76 0.76000 -5.73091
0.78 0.76000 -5.37727
0.8 0.76000 -4.98683
0.82 0.76000 -4.56379
0.84 0.76000 -4.11264
0.86 0.76000 -3.63802
0.88 0.76000 -3.14453
0.9 0.76000 -2.63656
0.92 0.76000 -2.11814
0.94 0.76000 -1.59277
0.96 0.76000 -1.06333
0.98 0.76000 -0.53196
1.0 0.76000 0.00000

0.0 0.78000 0.00000
0.02 0.78000 -0.44278
0.04 0.78000 -0.85927
0.06 0.78000 -1.24869
0.08 0.78000 -1.61105
0.1 0.78000 -1.94713
0.12 0.78000 -2.25834
0.14 0.78000 -2.54665
0.16 0.78000 -2.81443
0.18 0.78000 -3.06436
0.2 0.78000 -3.29927
0.22 0.78000 -3.52201
0.24 0.78000 -3.73534
0.26 0.78000 -3.94177
0.28 0.78000 -4.14348
0.3 0.78000 -4.34220
0.32 0.78000 -4.53914
0.34 0.78000 -4.73496
0.36 0.78000 -4.92968
0.38 0.78000 -5.12272
0.4 0.78000 -5.31288
0.42 0.78000 -5.49838
0.44 0.78000 -5.67694
0.46 0.78000 -5.84582
0.48 0.78000 -6.00193
0.5 0.78000 -6.14192
0.52 0.78000 -6.26234
0.54 0.78000 -6.35968
0.56 0.78000 -6.43056
0.58 0.78000 -6.47181
0.6 0.78000 -6.48057
0.62 0.78000 -6.45443
0.64 0.78000 -6.39146
0.66 0.78000 -6.29030
0.68 0.78000 -6.15023
0.7 0.78000 -5.97113
0.72 0.78000 -5.75353
0.74 0.78000 -5.49858
0.76 0.78000 -5.20801
0.78 0.78000 -4.88405
0.8 0.78000 -4.52939
0.82 0.78000 -4.14705
0.84 0.78000 -3.74030
0.86 0.78000 -3.31257
0.88 0.78000 -2.86730
0.9 0.78000 -2.40787
0.92 0.78000 -1.93749
0.94 0.78000 -1.45910
0.96 0.78000 -0.97531
0.98 0.78000 -0.48835
1.0 0.78000 0.00000

0.0 0.80000 0.00000
0.02 0.80000 -0.31783
0.04 0.80000 -0.63301
0.06 0.80000 -0.94335
0.08 0.80000 -1.24708
0.1 0.80000 -1.54285
0.12 0.80000 -1.82970
0.14 0.80000 -2.10699
0.16 0.80000 -2.37434
0.18 0.80000 -2.63161
0.2 0.80000 -2.87882
0.22 0.80000 -3.11608
0.24 0.80000 -3.34357
0.26 0.80000 -3.56144
0.28 0.80000 -3.76983
0.3 0.80000 -3.96876
0.32 0.80000 -4.15813
0.34 0.80000 -4.33768
0.36 0.80000 -4.50701
0.38 0.80000 -4.66551
0.4 0.80000 -4.81241
0.42 0.80000 -4.94675
0.44 0.80000 -5.06744
0.46 0.80000 -5.17324
0.48 0.80000 -5.26284
0.5 0.80000 -5.33484
0.52 0.80000 -5.38784
0.54 0.80000 -5.42045
0.56 0.80000 -5.43134
0.58 0.80000 -5.41930
0.6 0.80000 -5.38327
0.62 0.80000 -5.32234
0.64 0.80000 -5.23587
0.66 0.80000 -5.12340
0.68 0.80000 -4.98478
0.7 0.80000 -4.82010
0.72 0.80000 -4.62974
0.74 0.80000 -4.41433
0.76 0.80000 -4.17479
0.78 0.80000 -3.91227
0.8 0.80000 -3.62814
0.82 0.80000 -3.32396
0.84 0.80000 -3.00147
0.86 0.80000 -2.66254
0.88 0.80000 -2.30912
0.9 0.80000 -1.94324
0.92 0.80000 -1.56700
0.94 0.80000 -1.18246
0.96 0.80000 -0.79173
0.98 0.80000 -0.39689
1.0 0.80000 0.00000

0.0 0.82000 0.00000
0.02 0.82000 -0.16172
0.04 0.82000 -0.34471
0.06 0.82000 -0.54555
0.08 0.82000 -0.76087
0.1 0.82000 -0.98735
0.12 0.82000 -1.22172
0.14 0.82000 -1.46081
0.16 0.82000 -1.70153
0.18 0.82000 -1.94093
0.2 0.82000 -2.17621
0.22 0.82000 -2.40473
0.24 0.82000 -2.62407
0.26 0.82000 -2.83204
0.28 0.82000 -3.02668
0.3 0.82000 -3.20632
0.32 0.82000 -3.36955
0.34 0.82000 -3.51525
0.36 0.82000 -3.64260
0.38 0.82000 -3.75103
0.4 0.82000 -3.84027
0.42 0.82000 -3.91029
0.44 0.82000 -3.96128
0.46 0.82000 -3.99365
0.48 0.82000 -4.00797
0.5 0.82000 -4.00492
0.52 0.82000 -3.98531
0.54 0.82000 -3.95000
0.56 0.82000 -3.89984
0.58 0.82000 -3.83571
0.6 0.82000 -3.75841
0.62 0.82000 -3.66869
0.64 0.82000 -3.56719
0.66 0.82000 -3.45444
0.68 0.82000 -3.33086
0.7 0.82000 -3.19675
0.72 0.82000 -3.05227
0.74 0.82000 -2.89752
0.76 0.82000 -2.73249
0.78 0.82000 -2.55713
0.8 0.82000 -2.37137
0.82 0.82000 -2.17517
0.84 0.82000 -1.96854
0.86 0.82000 -1.75161
0.88 0.82000 -1.52467
0.9 0.82000 -1.28821
0.92 0.82000 -1.04296
0.94 0.82000 -0.78996
0.96 0.82000 -0.53058
0.98 0.82000 -0.26654
1.0 0.82000 0.00000

0.0 0.84000 0.00000
0.02 0.84000 0.01025
0.04 0.84000 -0.02260
0.06 0.84000 -0.09426
0.08 0.84000 -0.20006
0.1 0.84000 -0.33504
0.12 0.84000 -0.49396
0.14 0.84000 -0.67142
0.16 0.84000 -0.86191
0.18 0.84000 -1.05998
0.2 0.84000 -1.26026
0.22 0.84000 -1.45765
0.24 0.84000 -1.64736
0.26 0.84000 -1.82503
0.28 0.84000 -1.98686
0.3 0.84000 -2.12961
0.32 0.84000 -2.25071
0.34 0.84000 -2.34827
0.36 0.84000 -2.42115
0.38 0.84000 -2.46889
0.4 0.84000 -2.49173
0.42 0.84000 -2.49056
0.44 0.84000 -2.46686
0.46 0.84000 -2.42262
0.48 0.84000 -2.36025
0.5 0.84000 -2.28245
0.52 0.84000 -2.19216
0.54 0.84000 -2.09238
0.56 0.84000 -1.98609
0.58 0.84000 -1.87615
0.6 0.84000 -1.76516
0.62 0.84000 -1.65544
0.64 0.84000 -1.54886
0.66 0.84000 -1.44688
0.68 0.84000 -1.35046
0.7 0.84000 -1.26005
0.72 0.84000 -1.17563
0.74 0.84000 -1.09670
0.76 0.84000 -1.02235
0.78 0.84000 -0.95135
0.8 0.84000 -0.88217
0.82 0.84000 -0.81317
0.84 0.84000 -0.74266
0.86 0.84000 -0.66900
0.88 0.84000 -0.59079
0.9 0.84000 -0.50691
0.92 0.84000 -0.41670
0.94 0.84000 -0.32003
0.96 0.84000 -0.21741
0.98 0.84000 -0.11007
1.0 0.84000 0.00000

0.0 0.86000 0.00000
0.02 0.86000 0.18124
0.04 0.86000 0.30178
0.06 0.86000 0.36635
0.08 0.86000 0.38044
0.1 0.86000 0.35019
0.12 0.86000 0.28231
0.14 0.86000 0.18388
0.16 0.86000 0.06228
0.18 0.86000 -0.07504
0.2 0.86000 -0.22071
0.22 0.86000 -0.36761
0.24 0.86000 -0.50909
0.26 0.86000 -0.63907
0.28 0.86000 -0.75222
0.3 0.86000 -0.84409
0.32 0.86000 -0.91118
0.34 0.86000 -0.95105
0.36 0.86000 -0.96232
0.38 0.86000 -0.94467
0.4 0.86000 -0.89887
0.42 0.86000 -0.82662
0.44 0.86000 -0.73054
0.46 0.86000 -0.61402
0.48 0.86000 -0.48106
0.5 0.86000 -0.33613
0.52 0.86000 -0.18399
0.54 0.86000 -0.02952
0.56 0.86000 0.12250
0.58 0.86000 0.26748
0.6 0.86000 0.40128
0.62 0.86000 0.52026
0.64 0.86000 0.62147
0.66 0.86000 0.70269
0.68 0.86000 0.76251
0.7 0.86000 0.80034
0.72 0.86000 0.81642
0.74 0.86000 0.81179
0.76 0.86000 0.78815
0.78 0.86000 0.74784
0.8 0.86000 0.69364
0.82 0.86000 0.62865
0.84 0.86000 0.55613
0.86 0.86000 0.47927
0.88 0.86000 0.40108
0.9 0.86000 0.32414
0.92 0.86000 0.25046
0.94 0.86000 0.18130
0.96 0.86000 0.11708
0.98 0.86000 0.05720
1.0 0.86000 0.00000

0.0 0.88000 0.00000
0.02 0.88000 0.33451
0.04 0.88000 0.59666
0.06 0.88000 0.79116
0.08 0.88000 0.92379
0.1 0.88000 1.00126
0.12 0.88000 1.03107
0.14 0.88000 1.02133
0.16 0.88000 0.98055
0.18 0.88000 0.91744
0.2 0.88000 0.84066
0.22 0.88000 0.75863
0.24 0.88000 0.67925
0.26 0.88000 0.60971
0.28 0.88000 0.55633
0.3 0.88000 0.52435
0.32 0.88000 0.51784
0.34 0.88000 0.53958
0.36 0.88000 0.59104
0.38 0.88000 0.67234
0.4 0.88000 0.78232
0.42 0.88000 0.91858
0.44 0.88000 1.07764
0.46 0.88000 1.25504
0.48 0.88000 1.44557
0.5 0.88000 1.64345
0.52 0.88000 1.84254
0.54 0.88000 2.03659
0.56 0.88000 2.21944
0.58 0.88000 2.38527
0.6 0.88000 2.52878
0.62 0.88000 2.64537
0.64 0.88000 2.73129
0.66 0.88000 2.78379
0.68 0.88000 2.80113
0.7 0.88000 2.78267
0.72 0.88000 2.72883
0.74 0.88000 2.64107
0.76 0.88000 2.52175
0.78 0.88000 2.37404
0.8 0.88000 2.20175
0.82 0.88000 2.00913
0.84 0.88000 1.80064
0.86 0.88000 1.58079
0.88 0.88000 1.35383
0.9 0.88000 1.12357
0.92 0.88000 0.89318
0.94 0.88000 0.66496
0.96 0.88000 0.44016
0.98 0.88000 0.21890
1.0 0.88000 0.00000

0.0 0.90000 0.00000
0.02 0.90000 0.45506
0.04 0.90000 0.83317
0.06 0.90000 1.13858
0.08 0.90000 1.37679
0.1 0.90000 1.55441
0.12 0.90000 1.67902
0.14 0.90000 1.75893
0.16 0.90000 1.80297
0.18 0.90000 1.82026
0.2 0.90000 1.81992
0.22 0.90000 1.81081
0.24 0.90000 1.80130
0.26 0.90000 1.79902
0.28 0.90000 1.81065
0.3 0.90000 1.84170
0.32 0.90000 1.89641
0.34 0.90000 1.97765
0.36 0.90000 2.08681
0.38 0.90000 2.22382
0.4 0.90000 2.38721
0.42 0.90000 2.57415
0.44 0.90000 2.78062
0.46 0.90000 3.00154
0.48 0.90000 3.23099
0.5 0.90000 3.46245
0.52 0.90000 3.68901
0.54 0.90000 3.90363
0.56 0.90000 4.09942
0.58 0.90000 4.26986
0.6 0.90000 4.40903
0.62 0.90000 4.51180
0.64 0.90000 4.57402
0.66 0.90000 4.59265
0.68 0.90000 4.56581
0.7 0.90000 4.49285
0.72 0.90000 4.37435
0.74 0.90000 4.21204
0.76 0.90000 4.00870
0.78 0.90000 3.76805
0.8 0.90000 3.49452
0.82 0.90000 3.19310
0.84 0.90000 2.86904
0.86 0.90000 2.52769
0.88 0.90000 2.17415
0.9 0.90000 1.81311
0.92 0.90000 1.44855
0.94 0.90000 1.08358
0.96 0.90000 0.72019
0.98 0.90000 0.35919
1.0 0.90000 0.00000

0.0 0.92000 0.00000
0.02 0.92000 0.53108
0.04 0.92000 0.98816
0.06 0.92000 1.37459
0.08 0.92000 1.69507
0.1 0.92000 1.95548
0.12 0.92000 2.16270
0.14 0.92000 2.32446
0.16 0.92000 2.44903
0.18 0.92000 2.54504
0.2 0.92000 2.62117
0.22 0.92000 2.68588
0.24 0.92000 2.74720
0.26 0.92000 2.81241
0.28 0.92000 2.88791
0.3 0.92000 2.97896
0.32 0.92000 3.08956
0.34 0.92000 3.22235
0.36 0.92000 3.37852
0.38 0.92000 3.55784
0.4 0.92000 3.75865
0.42 0.92000 3.97798
0.44 0.92000 4.21165
0.46 0.92000 4.45447
0.48 0.92000 4.70039
0.5 0.92000 4.94277
0.52 0.92000 5.17461
0.54 0.92000 5.38880
0.56 0.92000 5.57836
0.58 0.92000 5.73672
0.6 0.92000 5.85792
0.62 0.92000 5.93681
0.64 0.92000 5.96924
0.66 0.92000 5.95216
0.68 0.92000 5.88376
0.7 0.92000 5.76344
0.72 0.92000 5.59187
0.74 0.92000 5.37088
0.76 0.92000 5.10342
0.78 0.92000 4.79336
0.8 0.92000 4.44536
0.82 0.92000 4.06463
0.84 0.92000 3.65672
0.86 0.92000 3.22727
0.88 0.92000 2.78175
0.9 0.92000 2.32525
0.92 0.92000 1.86219
0.94 0.92000 1.39617
0.96 0.92000 0.92976
0.98 0.92000 0.46433
1.0 0.92000 0.00000

0.0 0.94000 0.00000
0.02 0.94000 0.55512
0.04 0.94000 1.04644
0.06 0.94000 1.47609
0.08 0.94000 1.84749
0.1 0.94000 2.16519
0.12 0.94000 2.43476
0.14 0.94000 2.66254
0.16 0.94000 2.85546
0.18 0.94000 3.02081
0.2 0.94000 3.16596
0.22 0.94000 3.29818
0.24 0.94000 3.42432
0.26 0.94000 3.55065
0.28 0.94000 3.68265
0.3 0.94000 3.82479
0.32 0.94000 3.98046
0.34 0.94000 4.15180
0.36 0.94000 4.33971
0.38 0.94000 4.54378
0.4 0.94000 4.76236
0.42 0.94000 4.99261
0.44 0.94000 5.23062
0.46 0.94000 5.47157
0.48 0.94000 5.70988
0.5 0.94000 5.93946
0.52 0.94000 6.15389
0.54 0.94000 6.34667
0.56 0.94000 6.51145
0.58 0.94000 6.64223
0.6 0.94000 6.73359
0.62 0.94000 6.78087
0.64 0.94000 6.78032
0.66 0.94000 6.72921
0.68 0.94000 6.62594
0.7 0.94000 6.47003
0.72 0.94000 6.26217
0.74 0.94000 6.00414
0.76 0.94000 5.69872
0.78 0.94000 5.34960
0.8 0.94000 4.96118
0.82 0.94000 4.53840
0.84 0.94000 4.08655
0.86 0.94000 3.61102
0.88 0.94000 3.11712
0.9 0.94000 2.60983
0.92 0.94000 2.09359
0.94 0.94000 1.57214
0.96 0.94000 1.04834
0.98 0.94000 0.52403
1.0 0.94000 0.00000

0.0 0.96000 0.00000
0.02 0.96000 0.52484
0.04 0.96000 1.00232
0.06 0.96000 1.43313
0.08 0.96000 1.81910
0.1 0.96000 2.16301
0.12 0.96000 2.46855
0.14 0.96000 2.74006
0.16 0.96000 2.98245
0.18 0.96000 3.20096
0.2 0.96000 3.40095
0.22 0.96000 3.58773
0.24 0.96000 3.76636
0.26 0.96000 3.94145
0.28 0.96000 4.11703
0.3 0.96000 4.29636
0.32 0.96000 4.48186
0.34 0.96000 4.67499
0.36 0.96000 4.87625
0.38 0.96000 5.08510
0.4 0.96000 5.30006
0.42 0.96000 5.51870
0.44 0.96000 5.73774
0.46 0.96000 5.95323
0.48 0.96000 6.16061
0.5 0.96000 6.35492
0.52 0.96000 6.53095
0.54 0.96000 6.68346
0.56 0.96000 6.80732
0.58 0.96000 6.89771
0.6 0.96000 6.95029
0.62 0.96000 6.96133
0.64 0.96000 6.92785
0.66 0.96000 6.84771
0.68 0.96000 6.71966
0.7 0.96000 6.54342
0.72 0.96000 6.31961
0.74 0.96000 6.04979
0.76 0.96000 5.73631
0.78 0.96000 5.38229
0.8 0.96000 4.99146
0.82 0.96000 4.56801
0.84 0.96000 4.11644
0.86 0.96000 3.64138
0.88 0.96000 3.14744
0.9 0.96000 2.63900
0.92 0.96000 2.12010
0.94 0.96000 1.59425
0.96 0.96000 1.06432
0.98 0.96000 0.53245
1.0 0.96000 0.00000

0.0 0.98000 0.00000
0.02 0.98000 0.44319
0.04 0.98000 0.86009
0.06 0.98000 1.24991
0.08 0.98000 1.61268
0.1 0.98000 1.94915
0.12 0.98000 2.26075
0.14 0.98000 2.54943
0.16 0.98000 2.81757
0.18 0.98000 3.06786
0.2 0.98000 3.30310
0.22 0.98000 3.52617
0.24 0.98000 3.73981
0.26 0.98000 3.94653
0.28 0.98000 4.14851
0.3 0.98000 4.34748
0.32 0.98000 4.54466
0.34 0.98000 4.74068
0.36 0.98000 4.93559
0.38 0.98000 5.12879
0.4 0.98000 5.31909
0.42 0.98000 5.50470
0.44 0.98000 5.68335
0.46 0.98000 5.85230
0.48 0.98000 6.00844
0.5 0.98000 6.14845
0.52 0.98000 6.26886
0.54 0.98000 6.36616
0.56 0.98000 6.43698
0.58 0.98000 6.47813
0.6 0.98000 6.48678
0.62 0.98000 6.46050
0.64 0.98000 6.39736
0.66 0.98000 6.29603
0.68 0.98000 6.15574
0.7 0.98000 5.97641
0.72 0.98000 5.75856
0.74 0.98000 5.50334
0.76 0.98000 5.21248
0.78 0.98000 4.88822
0.8 0.98000 4.53323
0.82 0.98000 4.15055
0.84 0.98000 3.74345
0.86 0.98000 3.31535
0.88 0.98000 2.86970
0.9 0.98000 2.40989
0.92 0.98000 1.93911
0.94 0.98000 1.46032
0.96 0.98000 0.97613
0.98 0.98000 0.48876
1.0 0.98000 0.00000

0.0 1.00000 0.00000
0.02 1.00000 0.31817
0.04 1.00000 0.63369
0.06 1.00000 0.94436
0.08 1.00000 1.24842
0.1 1.00000 1.54452
0.12 1.00000 1.83169
0.14 1.00000 2.10929
0.16 1.00000 2.37694
0.18 1.00000 2.63451
0.2 1.00000 2.88200
0.22 1.00000 3.11953
0.24 1.00000 3.34727
0.26 1.00000 3.56539
0.28 1.00000 3.77400
0.3 1.00000 3.97313
0.32 1.00000 4.16269
0.34 1.00000 4.34242
0.36 1.00000 4.51190
0.38 1.00000 4.67054
0.4 1.00000 4.81755
0.42 1.00000 4.95199
0.44 1.00000 5.07275
0.46 1.00000 5.17861
0.48 1.00000 5.26824
0.5 1.00000 5.34025
0.52 1.00000 5.39324
0.54 1.00000 5.42581
0.56 1.00000 5.43665
0.58 1.00000 5.42454
0.6 1.00000 5.38841
0.62 1.00000 5.32737
0.64 1.00000 5.24076
0.66 1.00000 5.12814
0.68 1.00000 4.98935
0.7 1.00000 4.82448
0.72 1.00000 4.63390
0.74 1.00000 4.41827
0.76 1.00000 4.17849
0.78 1.00000 3.91572
0.8 1.00000 3.63132
0.82 1.00000 3.32686
0.84 1.00000 3.00408
0.86 1.00000 2.66484
0.88 1.00000 2.31111
0.9 1.00000 1.94492
0.92 1.00000 1.56834
0.94 1.00000 1.18347
0.96 1.00000 0.79241
0.98 1.00000 0.39723
1.0 1.00000 0.00000

