0.0 0.00000 0.00000
0.02 0.00000 0.00000
0.04 0.00000 0.00000
0.06 0.00000 0.00000
0.08 0.00000 0.00000
0.1 0.00000 0.00000
0.12 0.00000 0.00000
0.14 0.00000 0.00000
0.16 0.00000 0.00000
0.18 0.00000 0.00000
0.2 0.00000 0.00000
0.22 0.00000 0.00000
0.24 0.00000 0.00000
0.26 0.00000 0.00000
0.28 0.00000 0.00000
0.3 0.00000 0.00000
0.32 0.00000 0.00000
0.34 0.00000 0.00000
0.36 0.00000 0.00000
0.38 0.00000 0.00000
0.4 0.00000 0.00000
0.42 0.00000 0.00000
0.44 0.00000 0.00000
0.46 0.00000 0.00000
0.48 0.00000 0.00000
0.5 0.00000 0.00000
0.52 0.00000 0.00000
0.54 0.00000 0.00000
0.56 0.00000 0.00000
0.58 0.00000 0.00000
0.6 0.00000 10.00000
0.62 0.00000 10.00000
0.64 0.00000 10.00000
0.66 0.00000 10.00000
0.68 0.00000 10.00000
0.7 0.00000 10.00000
0.72 0.00000 10.00000
0.74 0.00000 10.00000
0.76 0.00000 10.00000
0.78 0.00000 10.00000
0.8 0.00000 10.00000
0.82 0.00000 0.00000
0.84 0.00000 0.00000
0.86 0.00000 0.00000
0.88 0.00000 0.00000
0.9 0.00000 0.00000
0.92 0.00000 0.00000
0.94 0.00000 0.00000
0.96 0.00000 0.00000
0.98 0.00000 0.00000
1.0 0.00000 0.00000

0.0 0.32000 0.00000
0.02 0.32000 -0.50397
0.04 0.32000 -0.93405
0.06 0.32000 -1.29370
0.08 0.32000 -1.58772
0.1 0.32000 -1.82208
0.12 0.32000 -2.00378
0.14 0.32000 -2.14065
0.16 0.32000 -2.24106
0.18 0.32000 -2.31372
0.2 0.32000 -2.36741
0.22 0.32000 -2.41069
0.24 0.32000 -2.45165
0.26 0.32000 -2.49769
0.28 0.32000 -2.55524
0.3 0.32000 -2.62966
0.32 0.32000 -2.72501
0.34 0.32000 -2.84398
0.36 0.32000 -2.98782
0.38 0.32000 -3.15636
0.4 0.32000 -3.34797
0.42 0.32000 -3.55972
0.44 0.32000 -3.78746
0.46 0.32000 -4.02602
0.48 0.32000 -4.26938
0.5 0.32000 -4.51089
0.52 0.32000 -4.74357
0.54 0.32000 -4.96030
0.56 0.32000 -5.15410
0.58 0.32000 -5.31837
0.6 0.32000 -5.44712
0.62 0.32000 -5.53519
0.64 0.32000 -5.57839
0.66 0.32000 -5.57362
0.68 0.32000 -5.51902
0.7 0.32000 -5.41395
0.72 0.32000 -5.25900
0.74 0.32000 -5.05596
0.76 0.32000 -4.80768
0.78 0.32000 -4.51798
0.8 0.32000 -4.19142
0.82 0.32000 -3.83313
0.84 0.32000 -3.44858
0.86 0.32000 -3.04331
0.88 0.32000 -2.62270
0.9 0.32000 -2.19173
0.92 0.32000 -1.75474
0.94 0.32000 -1.31521
0.96 0.32000 -0.87560
0.98 0.32000 -0.43720
1.0 0.32000 0.00000

0.0 0.64000 0.00000
0.02 0.64000 -0.00872
0.04 0.64000 0.02566
0.06 0.64000 0.09883
0.08 0.64000 0.20613
0.1 0.64000 0.34258
0.12 0.64000 0.50294
0.14 0.64000 0.68180
0.16 0.64000 0.87366
0.18 0.64000 1.07305
0.2 0.64000 1.27460
0.22 0.64000 1.47319
0.24 0.64000 1.66405
0.26 0.64000 1.84281
0.28 0.64000 2.00565
0.3 0.64000 2.14934
0.32 0.64000 2.27130
0.34 0.64000 2.36964
0.36 0.64000 2.44322
0.38 0.64000 2.49156
0.4 0.64000 2.51492
0.42 0.64000 2.51418
0.44 0.64000 2.49082
0.46 0.64000 2.44682
0.48 0.64000 2.38459
0.5 0.64000 2.30684
0.52 0.64000 2.21650
0.54 0.64000 2.11657
0.56 0.64000 2.01005
0.58 0.64000 1.89977
0.6 0.64000 1.78836
0.62 0.64000 1.67811
0.64 0.64000 1.57093
0.66 0.64000 1.46825
0.68 0.64000 1.37105
0.7 0.64000 1.27978
0.72 0.64000 1.19442
0.74 0.64000 1.11448
0.76 0.64000 1.03905
0.78 0.64000 0.96689
0.8 0.64000 0.89650
0.82 0.64000 0.82624
0.84 0.64000 0.75441
0.86 0.64000 0.67939
0.88 0.64000 0.59977
0.9 0.64000 0.51444
0.92 0.64000 0.42276
0.94 0.64000 0.32460
0.96 0.64000 0.22047
0.98 0.64000 0.11160
1.0 0.64000 0.00000

0.0 0.96000 0.00000
0.02 0.96000 0.52484
0.04 0.96000 1.00232
0.06 0.96000 1.43313
0.08 0.96000 1.81910
0.1 0.96000 2.16301
0.12 0.96000 2.46855
0.14 0.96000 2.74006
0.16 0.96000 2.98245
0.18 0.96000 3.20096
0.2 0.96000 3.40095
0.22 0.96000 3.58773
0.24 0.96000 3.76636
0.26 0.96000 3.94145
0.28 0.96000 4.11703
0.3 0.96000 4.29636
0.32 0.96000 4.48186
0.34 0.96000 4.67499
0.36 0.96000 4.87625
0.38 0.96000 5.08510
0.4 0.96000 5.30006
0.42 0.96000 5.51870
0.44 0.96000 5.73774
0.46 0.96000 5.95323
0.48 0.96000 6.16061
0.5 0.96000 6.35492
0.52 0.96000 6.53095
0.54 0.96000 6.68346
0.56 0.96000 6.80732
0.58 0.96000 6.89771
0.6 0.96000 6.95029
0.62 0.96000 6.96133
0.64 0.96000 6.92785
0.66 0.96000 6.84771
0.68 0.96000 6.71966
0.7 0.96000 6.54342
0.72 0.96000 6.31961
0.74 0.96000 6.04979
0.76 0.96000 5.73631
0.78 0.96000 5.38229
0.8 0.96000 4.99146
0.82 0.96000 4.56801
0.84 0.96000 4.11644
0.86 0.96000 3.64138
0.88 0.96000 3.14744
0.9 0.96000 2.63900
0.92 0.96000 2.12010
0.94 0.96000 1.59425
0.96 0.96000 1.06432
0.98 0.96000 0.53245
1.0 0.96000 0.00000

0.0 1.28000 0.00000
0.02 1.28000 0.33438
0.04 1.28000 0.59639
0.06 1.28000 0.79075
0.08 1.28000 0.92325
0.1 1.28000 1.00059
0.12 1.28000 1.03028
0.14 1.28000 1.02041
0.16 1.28000 0.97951
0.18 1.28000 0.91628
0.2 1.28000 0.83940
0.22 1.28000 0.75726
0.24 1.28000 0.67777
0.26 1.28000 0.60814
0.28 1.28000 0.55466
0.3 1.28000 0.52260
0.32 1.28000 0.51601
0.34 1.28000 0.53769
0.36 1.28000 0.58909
0.38 1.28000 0.67034
0.4 1.28000 0.78027
0.42 1.28000 0.91649
0.44 1.28000 1.07552
0.46 1.28000 1.25290
0.48 1.28000 1.44342
0.5 1.28000 1.64129
0.52 1.28000 1.84039
0.54 1.28000 2.03445
0.56 1.28000 2.21732
0.58 1.28000 2.38318
0.6 1.28000 2.52673
0.62 1.28000 2.64336
0.64 1.28000 2.72934
0.66 1.28000 2.78190
0.68 1.28000 2.79931
0.7 1.28000 2.78092
0.72 1.28000 2.72717
0.74 1.28000 2.63949
0.76 1.28000 2.52027
0.78 1.28000 2.37266
0.8 1.28000 2.20048
0.82 1.28000 2.00797
0.84 1.28000 1.79960
0.86 1.28000 1.57987
0.88 1.28000 1.35303
0.9 1.28000 1.12290
0.92 1.28000 0.89265
0.94 1.28000 0.66455
0.96 1.28000 0.43989
0.98 1.28000 0.21876
1.0 1.28000 0.00000

0.0 1.60000 0.00000
0.02 1.60000 -0.31812
0.04 1.60000 -0.63360
0.06 1.60000 -0.94423
0.08 1.60000 -1.24824
0.1 1.60000 -1.54430
0.12 1.60000 -1.83143
0.14 1.60000 -2.10898
0.16 1.60000 -2.37660
0.18 1.60000 -2.63413
0.2 1.60000 -2.88158
0.22 1.60000 -3.11907
0.24 1.60000 -3.34678
0.26 1.60000 -3.56486
0.28 1.60000 -3.77345
0.3 1.60000 -3.97255
0.32 1.60000 -4.16209
0.34 1.60000 -4.34179
0.36 1.60000 -4.51126
0.38 1.60000 -4.66987
0.4 1.60000 -4.81687
0.42 1.60000 -4.95129
0.44 1.60000 -5.07205
0.46 1.60000 -5.17790
0.48 1.60000 -5.26752
0.5 1.60000 -5.33953
0.52 1.60000 -5.39252
0.54 1.60000 -5.42510
0.56 1.60000 -5.43595
0.58 1.60000 -5.42385
0.6 1.60000 -5.38773
0.62 1.60000 -5.32671
0.64 1.60000 -5.24011
0.66 1.60000 -5.12752
0.68 1.60000 -4.98874
0.7 1.60000 -4.82390
0.72 1.60000 -4.63335
0.74 1.60000 -4.41775
0.76 1.60000 -4.17800
0.78 1.60000 -3.91526
0.8 1.60000 -3.63090
0.82 1.60000 -3.32648
0.84 1.60000 -3.00374
0.86 1.60000 -2.66454
0.88 1.60000 -2.31084
0.9 1.60000 -1.94469
0.92 1.60000 -1.56816
0.94 1.60000 -1.18334
0.96 1.60000 -0.79232
0.98 1.60000 -0.39719
1.0 1.60000 0.00000

0.0 1.92000 0.00000
0.02 1.92000 -0.53098
0.04 1.92000 -0.98797
0.06 1.92000 -1.37431
0.08 1.92000 -1.69470
0.1 1.92000 -1.95501
0.12 1.92000 -2.16214
0.14 1.92000 -2.32381
0.16 1.92000 -2.44830
0.18 1.92000 -2.54423
0.2 1.92000 -2.62028
0.22 1.92000 -2.68492
0.24 1.92000 -2.74616
0.26 1.92000 -2.81131
0.28 1.92000 -2.88674
0.3 1.92000 -2.97773
0.32 1.92000 -3.08828
0.34 1.92000 -3.22102
0.36 1.92000 -3.37715
0.38 1.92000 -3.55643
0.4 1.92000 -3.75721
0.42 1.92000 -3.97651
0.44 1.92000 -4.21016
0.46 1.92000 -4.45296
0.48 1.92000 -4.69887
0.5 1.92000 -4.94125
0.52 1.92000 -5.17310
0.54 1.92000 -5.38729
0.56 1.92000 -5.57687
0.58 1.92000 -5.73525
0.6 1.92000 -5.85648
0.62 1.92000 -5.93540
0.64 1.92000 -5.96786
0.66 1.92000 -5.95083
0.68 1.92000 -5.88248
0.7 1.92000 -5.76221
0.72 1.92000 -5.59070
0.74 1.92000 -5.36978
0.76 1.92000 -5.10238
0.78 1.92000 -4.79240
0.8 1.92000 -4.44447
0.82 1.92000 -4.06382
0.84 1.92000 -3.65599
0.86 1.92000 -3.22662
0.88 1.92000 -2.78119
0.9 1.92000 -2.32478
0.92 1.92000 -1.86181
0.94 1.92000 -1.39589
0.96 1.92000 -0.92957
0.98 1.92000 -0.46423
1.0 1.92000 0.00000

0.0 2.24000 0.00000
0.02 2.24000 -0.01005
0.04 2.24000 0.02300
0.06 2.24000 0.09486
0.08 2.24000 0.20086
0.1 2.24000 0.33604
0.12 2.24000 0.49515
0.14 2.24000 0.67279
0.16 2.24000 0.86347
0.18 2.24000 1.06171
0.2 2.24000 1.26216
0.22 2.24000 1.45970
0.24 2.24000 1.64956
0.26 2.24000 1.82738
0.28 2.24000 1.98934
0.3 2.24000 2.13221
0.32 2.24000 2.25342
0.34 2.24000 2.35110
0.36 2.24000 2.42406
0.38 2.24000 2.47188
0.4 2.24000 2.49479
0.42 2.24000 2.49368
0.44 2.24000 2.47002
0.46 2.24000 2.42582
0.48 2.24000 2.36346
0.5 2.24000 2.28567
0.52 2.24000 2.19537
0.54 2.24000 2.09557
0.56 2.24000 1.98925
0.58 2.24000 1.87927
0.6 2.24000 1.76823
0.62 2.24000 1.65843
0.64 2.24000 1.55177
0.66 2.24000 1.44970
0.68 2.24000 1.35318
0.7 2.24000 1.26266
0.72 2.24000 1.17811
0.74 2.24000 1.09905
0.76 2.24000 1.02456
0.78 2.24000 0.95340
0.8 2.24000 0.88406
0.82 2.24000 0.81490
0.84 2.24000 0.74421
0.86 2.24000 0.67038
0.88 2.24000 0.59197
0.9 2.24000 0.50790
0.92 2.24000 0.41750
0.94 2.24000 0.32063
0.96 2.24000 0.21782
0.98 2.24000 0.11027
1.0 2.24000 0.00000

0.0 2.56000 0.00000
0.02 2.56000 0.52478
0.04 2.56000 1.00218
0.06 2.56000 1.43294
0.08 2.56000 1.81884
0.1 2.56000 2.16269
0.12 2.56000 2.46816
0.14 2.56000 2.73962
0.16 2.56000 2.98195
0.18 2.56000 3.20040
0.2 2.56000 3.40034
0.22 2.56000 3.58706
0.24 2.56000 3.76564
0.26 2.56000 3.94069
0.28 2.56000 4.11623
0.3 2.56000 4.29552
0.32 2.56000 4.48098
0.34 2.56000 4.67408
0.36 2.56000 4.87530
0.38 2.56000 5.08414
0.4 2.56000 5.29907
0.42 2.56000 5.51769
0.44 2.56000 5.73672
0.46 2.56000 5.95220
0.48 2.56000 6.15957
0.5 2.56000 6.35388
0.52 2.56000 6.52991
0.54 2.56000 6.68243
0.56 2.56000 6.80630
0.58 2.56000 6.89670
0.6 2.56000 6.94930
0.62 2.56000 6.96037
0.64 2.56000 6.92691
0.66 2.56000 6.84680
0.68 2.56000 6.71879
0.7 2.56000 6.54258
0.72 2.56000 6.31881
0.74 2.56000 6.04903
0.76 2.56000 5.73560
0.78 2.56000 5.38163
0.8 2.56000 4.99085
0.82 2.56000 4.56746
0.84 2.56000 4.11594
0.86 2.56000 3.64094
0.88 2.56000 3.14705
0.9 2.56000 2.63868
0.92 2.56000 2.11984
0.94 2.56000 1.59405
0.96 2.56000 1.06419
0.98 2.56000 0.53239
1.0 2.56000 0.00000

0.0 2.88000 0.00000
0.02 2.88000 0.33437
0.04 2.88000 0.59638
0.06 2.88000 0.79074
0.08 2.88000 0.92324
0.1 2.88000 1.00058
0.12 2.88000 1.03026
0.14 2.88000 1.02039
0.16 2.88000 0.97948
0.18 2.88000 0.91625
0.2 2.88000 0.83937
0.22 2.88000 0.75722
0.24 2.88000 0.67774
0.26 2.88000 0.60810
0.28 2.88000 0.55462
0.3 2.88000 0.52256
0.32 2.88000 0.51597
0.34 2.88000 0.53764
0.36 2.88000 0.58904
0.38 2.88000 0.67029
0.4 2.88000 0.78022
0.42 2.88000 0.91644
0.44 2.88000 1.07547
0.46 2.88000 1.25285
0.48 2.88000 1.44336
0.5 2.88000 1.64124
0.52 2.88000 1.84033
0.54 2.88000 2.03439
0.56 2.88000 2.21727
0.58 2.88000 2.38313
0.6 2.88000 2.52668
0.62 2.88000 2.64331
0.64 2.88000 2.72929
0.66 2.88000 2.78185
0.68 2.88000 2.79926
0.7 2.88000 2.78088
0.72 2.88000 2.72713
0.74 2.88000 2.63946
0.76 2.88000 2.52023
0.78 2.88000 2.37263
0.8 2.88000 2.20045
0.82 2.88000 2.00794
0.84 2.88000 1.79958
0.86 2.88000 1.57985
0.88 2.88000 1.35301
0.9 2.88000 1.12289
0.92 2.88000 0.89263
0.94 2.88000 0.66454
0.96 2.88000 0.43988
0.98 2.88000 0.21876
1.0 2.88000 0.00000

0.0 3.20000 0.00000
0.02 3.20000 -0.31812
0.04 3.20000 -0.63360
0.06 3.20000 -0.94423
0.08 3.20000 -1.24824
0.1 3.20000 -1.54430
0.12 3.20000 -1.83143
0.14 3.20000 -2.10898
0.16 3.20000 -2.37660
0.18 3.20000 -2.63413
0.2 3.20000 -2.88158
0.22 3.20000 -3.11907
0.24 3.20000 -3.34678
0.26 3.20000 -3.56487
0.28 3.20000 -3.77345
0.3 3.20000 -3.97256
0.32 3.20000 -4.16209
0.34 3.20000 -4.34180
0.36 3.20000 -4.51126
0.38 3.20000 -4.66988
0.4 3.20000 -4.81687
0.42 3.20000 -4.95129
0.44 3.20000 -5.07205
0.46 3.20000 -5.17790
0.48 3.20000 -5.26753
0.5 3.20000 -5.33954
0.52 3.20000 -5.39252
0.54 3.20000 -5.42510
0.56 3.20000 -5.43595
0.58 3.20000 -5.42385
0.6 3.20000 -5.38773
0.62 3.20000 -5.32671
0.64 3.20000 -5.24012
0.66 3.20000 -5.12752
0.68 3.20000 -4.98875
0.7 3.20000 -4.82390
0.72 3.20000 -4.63335
0.74 3.20000 -4.41775
0.76 3.20000 -4.17801
0.78 3.20000 -3.91526
0.8 3.20000 -3.63090
0.82 3.20000 -3.32648
0.84 3.20000 -3.00374
0.86 3.20000 -2.66454
0.88 3.20000 -2.31084
0.9 3.20000 -1.94469
0.92 3.20000 -1.56816
0.94 3.20000 -1.18334
0.96 3.20000 -0.79232
0.98 3.20000 -0.39719
1.0 3.20000 0.00000

0.0 3.52000 0.00000
0.02 3.52000 -0.53098
0.04 3.52000 -0.98797
0.06 3.52000 -1.37431
0.08 3.52000 -1.69470
0.1 3.52000 -1.95501
0.12 3.52000 -2.16214
0.14 3.52000 -2.32381
0.16 3.52000 -2.44830
0.18 3.52000 -2.54423
0.2 3.52000 -2.62028
0.22 3.52000 -2.68492
0.24 3.52000 -2.74616
0.26 3.52000 -2.81131
0.28 3.52000 -2.88674
0.3 3.52000 -2.97774
0.32 3.52000 -3.08828
0.34 3.52000 -3.22102
0.36 3.52000 -3.37715
0.38 3.52000 -3.55643
0.4 3.52000 -3.75721
0.42 3.52000 -3.97651
0.44 3.52000 -4.21016
0.46 3.52000 -4.45296
0.48 3.52000 -4.69887
0.5 3.52000 -4.94125
0.52 3.52000 -5.17310
0.54 3.52000 -5.38729
0.56 3.52000 -5.57687
0.58 3.52000 -5.73525
0.6 3.52000 -5.85648
0.62 3.52000 -5.93540
0.64 3.52000 -5.96786
0.66 3.52000 -5.95083
0.68 3.52000 -5.88248
0.7 3.52000 -5.76221
0.72 3.52000 -5.59070
0.74 3.52000 -5.36978
0.76 3.52000 -5.10238
0.78 3.52000 -4.79240
0.8 3.52000 -4.44447
0.82 3.52000 -4.06382
0.84 3.52000 -3.65599
0.86 3.52000 -3.22662
0.88 3.52000 -2.78119
0.9 3.52000 -2.32478
0.92 3.52000 -1.86181
0.94 3.52000 -1.39589
0.96 3.52000 -0.92957
0.98 3.52000 -0.46423
1.0 3.52000 0.00000

0.0 3.84000 0.00000
0.02 3.84000 -0.01005
0.04 3.84000 0.02300
0.06 3.84000 0.09486
0.08 3.84000 0.20086
0.1 3.84000 0.33604
0.12 3.84000 0.49515
0.14 3.84000 0.67279
0.16 3.84000 0.86347
0.18 3.84000 1.06171
0.2 3.84000 1.26216
0.22 3.84000 1.45970
0.24 3.84000 1.64956
0.26 3.84000 1.82738
0.28 3.84000 1.98934
0.3 3.84000 2.13221
0.32 3.84000 2.25342
0.34 3.84000 2.35110
0.36 3.84000 2.42406
0.38 3.84000 2.47188
0.4 3.84000 2.49479
0.42 3.84000 2.49368
0.44 3.84000 2.47002
0.46 3.84000 2.42582
0.48 3.84000 2.36346
0.5 3.84000 2.28567
0.52 3.84000 2.19537
0.54 3.84000 2.09557
0.56 3.84000 1.98925
0.58 3.84000 1.87927
0.6 3.84000 1.76823
0.62 3.84000 1.65843
0.64 3.84000 1.55177
0.66 3.84000 1.44970
0.68 3.84000 1.35318
0.7 3.84000 1.26266
0.72 3.84000 1.17811
0.74 3.84000 1.09905
0.76 3.84000 1.02456
0.78 3.84000 0.95340
0.8 3.84000 0.88406
0.82 3.84000 0.81490
0.84 3.84000 0.74421
0.86 3.84000 0.67038
0.88 3.84000 0.59197
0.9 3.84000 0.50790
0.92 3.84000 0.41750
0.94 3.84000 0.32063
0.96 3.84000 0.21782
0.98 3.84000 0.11027
1.0 3.84000 0.00000

0.0 4.16000 0.00000
0.02 4.16000 0.52478
0.04 4.16000 1.00218
0.06 4.16000 1.43294
0.08 4.16000 1.81884
0.1 4.16000 2.16269
0.12 4.16000 2.46816
0.14 4.16000 2.73962
0.16 4.16000 2.98195
0.18 4.16000 3.20040
0.2 4.16000 3.40034
0.22 4.16000 3.58706
0.24 4.16000 3.76564
0.26 4.16000 3.94069
0.28 4.16000 4.11623
0.3 4.16000 4.29552
0.32 4.16000 4.48098
0.34 4.16000 4.67408
0.36 4.16000 4.87530
0.38 4.16000 5.08414
0.4 4.16000 5.29907
0.42 4.16000 5.51769
0.44 4.16000 5.73672
0.46 4.16000 5.95220
0.48 4.16000 6.15957
0.5 4.16000 6.35388
0.52 4.16000 6.52991
0.54 4.16000 6.68243
0.56 4.16000 6.80630
0.58 4.16000 6.89670
0.6 4.16000 6.94930
0.62 4.16000 6.96037
0.64 4.16000 6.92691
0.66 4.16000 6.84680
0.68 4.16000 6.71879
0.7 4.16000 6.54258
0.72 4.16000 6.31881
0.74 4.16000 6.04903
0.76 4.16000 5.73560
0.78 4.16000 5.38163
0.8 4.16000 4.99085
0.82 4.16000 4.56746
0.84 4.16000 4.11594
0.86 4.16000 3.64094
0.88 4.16000 3.14705
0.9 4.16000 2.63868
0.92 4.16000 2.11984
0.94 4.16000 1.59405
0.96 4.16000 1.06419
0.98 4.16000 0.53239
1.0 4.16000 0.00000

0.0 4.48000 0.00000
0.02 4.48000 0.33437
0.04 4.48000 0.59638
0.06 4.48000 0.79074
0.08 4.48000 0.92324
0.1 4.48000 1.00058
0.12 4.48000 1.03026
0.14 4.48000 1.02039
0.16 4.48000 0.97948
0.18 4.48000 0.91625
0.2 4.48000 0.83937
0.22 4.48000 0.75722
0.24 4.48000 0.67774
0.26 4.48000 0.60810
0.28 4.48000 0.55462
0.3 4.48000 0.52256
0.32 4.48000 0.51597
0.34 4.48000 0.53764
0.36 4.48000 0.58904
0.38 4.48000 0.67029
0.4 4.48000 0.78022
0.42 4.48000 0.91644
0.44 4.48000 1.07547
0.46 4.48000 1.25285
0.48 4.48000 1.44336
0.5 4.48000 1.64124
0.52 4.48000 1.84033
0.54 4.48000 2.03439
0.56 4.48000 2.21727
0.58 4.48000 2.38313
0.6 4.48000 2.52668
0.62 4.48000 2.64331
0.64 4.48000 2.72929
0.66 4.48000 2.78185
0.68 4.48000 2.79926
0.7 4.48000 2.78088
0.72 4.48000 2.72713
0.74 4.48000 2.63946
0.76 4.48000 2.52023
0.78 4.48000 2.37263
0.8 4.48000 2.20045
0.82 4.48000 2.00794
0.84 4.48000 1.79958
0.86 4.48000 1.57985
0.88 4.48000 1.35301
0.9 4.48000 1.12289
0.92 4.48000 0.89263
0.94 4.48000 0.66454
0.96 4.48000 0.43988
0.98 4.48000 0.21876
1.0 4.48000 0.00000

0.0 4.80000 0.00000
0.02 4.80000 -0.31812
0.04 4.80000 -0.63360
0.06 4.80000 -0.94423
0.08 4.80000 -1.24824
0.1 4.80000 -1.54430
0.12 4.80000 -1.83143
0.14 4.80000 -2.10898
0.16 4.80000 -2.37660
0.18 4.80000 -2.63413
0.2 4.80000 -2.88158
0.22 4.80000 -3.11907
0.24 4.80000 -3.34678
0.26 4.80000 -3.56487
0.28 4.80000 -3.77345
0.3 4.80000 -3.97256
0.32 4.80000 -4.16209
0.34 4.80000 -4.34180
0.36 4.80000 -4.51126
0.38 4.80000 -4.66988
0.4 4.80000 -4.81687
0.42 4.80000 -4.95129
0.44 4.80000 -5.07205
0.46 4.80000 -5.17790
0.48 4.80000 -5.26753
0.5 4.80000 -5.33954
0.52 4.80000 -5.39252
0.54 4.80000 -5.42510
0.56 4.80000 -5.43595
0.58 4.80000 -5.42385
0.6 4.80000 -5.38773
0.62 4.80000 -5.32671
0.64 4.80000 -5.24012
0.66 4.80000 -5.12752
0.68 4.80000 -4.98875
0.7 4.80000 -4.82390
0.72 4.80000 -4.63335
0.74 4.80000 -4.41775
0.76 4.80000 -4.17801
0.78 4.80000 -3.91526
0.8 4.80000 -3.63090
0.82 4.80000 -3.32648
0.84 4.80000 -3.00374
0.86 4.80000 -2.66454
0.88 4.80000 -2.31084
0.9 4.80000 -1.94469
0.92 4.80000 -1.56816
0.94 4.80000 -1.18334
0.96 4.80000 -0.79232
0.98 4.80000 -0.39719
1.0 4.80000 0.00000

0.0 5.12000 0.00000
0.02 5.12000 -0.53098
0.04 5.12000 -0.98797
0.06 5.12000 -1.37431
0.08 5.12000 -1.69470
0.1 5.12000 -1.95501
0.12 5.12000 -2.16214
0.14 5.12000 -2.32381
0.16 5.12000 -2.44830
0.18 5.12000 -2.54423
0.2 5.12000 -2.62028
0.22 5.12000 -2.68492
0.24 5.12000 -2.74616
0.26 5.12000 -2.81131
0.28 5.12000 -2.88674
0.3 5.12000 -2.97774
0.32 5.12000 -3.08828
0.34 5.12000 -3.22102
0.36 5.12000 -3.37715
0.38 5.12000 -3.55643
0.4 5.12000 -3.75721
0.42 5.12000 -3.97651
0.44 5.12000 -4.21016
0.46 5.12000 -4.45296
0.48 5.12000 -4.69887
0.5 5.12000 -4.94125
0.52 5.12000 -5.17310
0.54 5.12000 -5.38729
0.56 5.12000 -5.57687
0.58 5.12000 -5.73525
0.6 5.12000 -5.85648
0.62 5.12000 -5.93540
0.64 5.12000 -5.96786
0.66 5.12000 -5.95083
0.68 5.12000 -5.88248
0.7 5.12000 -5.76221
0.72 5.12000 -5.59070
0.74 5.12000 -5.36978
0.76 5.12000 -5.10238
0.78 5.12000 -4.79240
0.8 5.12000 -4.44447
0.82 5.12000 -4.06382
0.84 5.12000 -3.65599
0.86 5.12000 -3.22662
0.88 5.12000 -2.78119
0.9 5.12000 -2.32478
0.92 5.12000 -1.86181
0.94 5.12000 -1.39589
0.96 5.12000 -0.92957
0.98 5.12000 -0.46423
1.0 5.12000 0.00000

0.0 5.44000 0.00000
0.02 5.44000 -0.01005
0.04 5.44000 0.02300
0.06 5.44000 0.09486
0.08 5.44000 0.20086
0.1 5.44000 0.33604
0.12 5.44000 0.49515
0.14 5.44000 0.67279
0.16 5.44000 0.86347
0.18 5.44000 1.06171
0.2 5.44000 1.26216
0.22 5.44000 1.45970
0.24 5.44000 1.64956
0.26 5.44000 1.82738
0.28 5.44000 1.98934
0.3 5.44000 2.13221
0.32 5.44000 2.25342
0.34 5.44000 2.35110
0.36 5.44000 2.42406
0.38 5.44000 2.47188
0.4 5.44000 2.49479
0.42 5.44000 2.49368
0.44 5.44000 2.47002
0.46 5.44000 2.42582
0.48 5.44000 2.36346
0.5 5.44000 2.28567
0.52 5.44000 2.19537
0.54 5.44000 2.09557
0.56 5.44000 1.98925
0.58 5.44000 1.87927
0.6 5.44000 1.76823
0.62 5.44000 1.65843
0.64 5.44000 1.55177
0.66 5.44000 1.44970
0.68 5.44000 1.35318
0.7 5.44000 1.26266
0.72 5.44000 1.17811
0.74 5.44000 1.09905
0.76 5.44000 1.02456
0.78 5.44000 0.95340
0.8 5.44000 0.88406
0.82 5.44000 0.81490
0.84 5.44000 0.74421
0.86 5.44000 0.67038
0.88 5.44000 0.59197
0.9 5.44000 0.50790
0.92 5.44000 0.41750
0.94 5.44000 0.32063
0.96 5.44000 0.21782
0.98 5.44000 0.11027
1.0 5.44000 0.00000

0.0 5.76000 0.00000
0.02 5.76000 0.52478
0.04 5.76000 1.00218
0.06 5.76000 1.43294
0.08 5.76000 1.81884
0.1 5.76000 2.16269
0.12 5.76000 2.46816
0.14 5.76000 2.73962
0.16 5.76000 2.98195
0.18 5.76000 3.20040
0.2 5.76000 3.40034
0.22 5.76000 3.58706
0.24 5.76000 3.76564
0.26 5.76000 3.94069
0.28 5.76000 4.11623
0.3 5.76000 4.29552
0.32 5.76000 4.48098
0.34 5.76000 4.67408
0.36 5.76000 4.87530
0.38 5.76000 5.08414
0.4 5.76000 5.29907
0.42 5.76000 5.51769
0.44 5.76000 5.73672
0.46 5.76000 5.95220
0.48 5.76000 6.15957
0.5 5.76000 6.35388
0.52 5.76000 6.52991
0.54 5.76000 6.68243
0.56 5.76000 6.80630
0.58 5.76000 6.89670
0.6 5.76000 6.94930
0.62 5.76000 6.96037
0.64 5.76000 6.92691
0.66 5.76000 6.84680
0.68 5.76000 6.71879
0.7 5.76000 6.54258
0.72 5.76000 6.31881
0.74 5.76000 6.04903
0.76 5.76000 5.73560
0.78 5.76000 5.38163
0.8 5.76000 4.99085
0.82 5.76000 4.56746
0.84 5.76000 4.11594
0.86 5.76000 3.64094
0.88 5.76000 3.14705
0.9 5.76000 2.63868
0.92 5.76000 2.11984
0.94 5.76000 1.59405
0.96 5.76000 1.06419
0.98 5.76000 0.53239
1.0 5.76000 0.00000

0.0 6.08000 0.00000
0.02 6.08000 0.33437
0.04 6.08000 0.59638
0.06 6.08000 0.79074
0.08 6.08000 0.92324
0.1 6.08000 1.00058
0.12 6.08000 1.03026
0.14 6.08000 1.02039
0.16 6.08000 0.97948
0.18 6.08000 0.91625
0.2 6.08000 0.83937
0.22 6.08000 0.75722
0.24 6.08000 0.67774
0.26 6.08000 0.60810
0.28 6.08000 0.55462
0.3 6.08000 0.52256
0.32 6.08000 0.51597
0.34 6.08000 0.53764
0.36 6.08000 0.58904
0.38 6.08000 0.67029
0.4 6.08000 0.78022
0.42 6.08000 0.91644
0.44 6.08000 1.07547
0.46 6.08000 1.25285
0.48 6.08000 1.44336
0.5 6.08000 1.64124
0.52 6.08000 1.84033
0.54 6.08000 2.03439
0.56 6.08000 2.21727
0.58 6.08000 2.38313
0.6 6.08000 2.52668
0.62 6.08000 2.64331
0.64 6.08000 2.72929
0.66 6.08000 2.78185
0.68 6.08000 2.79926
0.7 6.08000 2.78088
0.72 6.08000 2.72713
0.74 6.08000 2.63946
0.76 6.08000 2.52023
0.78 6.08000 2.37263
0.8 6.08000 2.20045
0.82 6.08000 2.00794
0.84 6.08000 1.79958
0.86 6.08000 1.57985
0.88 6.08000 1.35301
0.9 6.08000 1.12289
0.92 6.08000 0.89263
0.94 6.08000 0.66454
0.96 6.08000 0.43988
0.98 6.08000 0.21876
1.0 6.08000 0.00000

0.0 6.40000 0.00000
0.02 6.40000 -0.31812
0.04 6.40000 -0.63360
0.06 6.40000 -0.94423
0.08 6.40000 -1.24824
0.1 6.40000 -1.54430
0.12 6.40000 -1.83143
0.14 6.40000 -2.10898
0.16 6.40000 -2.37660
0.18 6.40000 -2.63413
0.2 6.40000 -2.88158
0.22 6.40000 -3.11907
0.24 6.40000 -3.34678
0.26 6.40000 -3.56487
0.28 6.40000 -3.77345
0.3 6.40000 -3.97256
0.32 6.40000 -4.16209
0.34 6.40000 -4.34180
0.36 6.40000 -4.51126
0.38 6.40000 -4.66988
0.4 6.40000 -4.81687
0.42 6.40000 -4.95129
0.44 6.40000 -5.07205
0.46 6.40000 -5.17790
0.48 6.40000 -5.26753
0.5 6.40000 -5.33954
0.52 6.40000 -5.39252
0.54 6.40000 -5.42510
0.56 6.40000 -5.43595
0.58 6.40000 -5.42385
0.6 6.40000 -5.38773
0.62 6.40000 -5.32671
0.64 6.40000 -5.24012
0.66 6.40000 -5.12752
0.68 6.40000 -4.98875
0.7 6.40000 -4.82390
0.72 6.40000 -4.63335
0.74 6.40000 -4.41775
0.76 6.40000 -4.17801
0.78 6.40000 -3.91526
0.8 6.40000 -3.63090
0.82 6.40000 -3.32648
0.84 6.40000 -3.00374
0.86 6.40000 -2.66454
0.88 6.40000 -2.31084
0.9 6.40000 -1.94469
0.92 6.40000 -1.56816
0.94 6.40000 -1.18334
0.96 6.40000 -0.79232
0.98 6.40000 -0.39719
1.0 6.40000 0.00000

0.0 6.72000 0.00000
0.02 6.72000 -0.53098
0.04 6.72000 -0.98797
0.06 6.72000 -1.37431
0.08 6.72000 -1.69470
0.1 6.72000 -1.95501
0.12 6.72000 -2.16214
0.14 6.72000 -2.32381
0.16 6.72000 -2.44830
0.18 6.72000 -2.54423
0.2 6.72000 -2.62028
0.22 6.72000 -2.68492
0.24 6.72000 -2.74616
0.26 6.72000 -2.81131
0.28 6.72000 -2.88674
0.3 6.72000 -2.97774
0.32 6.72000 -3.08828
0.34 6.72000 -3.22102
0.36 6.72000 -3.37715
0.38 6.72000 -3.55643
0.4 6.72000 -3.75721
0.42 6.72000 -3.97651
0.44 6.72000 -4.21016
0.46 6.72000 -4.45296
0.48 6.72000 -4.69887
0.5 6.72000 -4.94125
0.52 6.72000 -5.17310
0.54 6.72000 -5.38729
0.56 6.72000 -5.57687
0.58 6.72000 -5.73525
0.6 6.72000 -5.85648
0.62 6.72000 -5.93540
0.64 6.72000 -5.96786
0.66 6.72000 -5.95083
0.68 6.72000 -5.88248
0.7 6.72000 -5.76221
0.72 6.72000 -5.59070
0.74 6.72000 -5.36978
0.76 6.72000 -5.10238
0.78 6.72000 -4.79240
0.8 6.72000 -4.44447
0.82 6.72000 -4.06382
0.84 6.72000 -3.65599
0.86 6.72000 -3.22662
0.88 6.72000 -2.78119
0.9 6.72000 -2.32478
0.92 6.72000 -1.86181
0.94 6.72000 -1.39589
0.96 6.72000 -0.92957
0.98 6.72000 -0.46423
1.0 6.72000 0.00000

0.0 7.04000 0.00000
0.02 7.04000 -0.01005
0.04 7.04000 0.02300
0.06 7.04000 0.09486
0.08 7.04000 0.20086
0.1 7.04000 0.33604
0.12 7.04000 0.49515
0.14 7.04000 0.67279
0.16 7.04000 0.86347
0.18 7.04000 1.06171
0.2 7.04000 1.26216
0.22 7.04000 1.45970
0.24 7.04000 1.64956
0.26 7.04000 1.82738
0.28 7.04000 1.98934
0.3 7.04000 2.13221
0.32 7.04000 2.25342
0.34 7.04000 2.35110
0.36 7.04000 2.42406
0.38 7.04000 2.47188
0.4 7.04000 2.49479
0.42 7.04000 2.49368
0.44 7.04000 2.47002
0.46 7.04000 2.42582
0.48 7.04000 2.36346
0.5 7.04000 2.28567
0.52 7.04000 2.19537
0.54 7.04000 2.09557
0.56 7.04000 1.98925
0.58 7.04000 1.87927
0.6 7.04000 1.76823
0.62 7.04000 1.65843
0.64 7.04000 1.55177
0.66 7.04000 1.44970
0.68 7.04000 1.35318
0.7 7.04000 1.26266
0.72 7.04000 1.17811
0.74 7.04000 1.09905
0.76 7.04000 1.02456
0.78 7.04000 0.95340
0.8 7.04000 0.88406
0.82 7.04000 0.81490
0.84 7.04000 0.74421
0.86 7.04000 0.67038
0.88 7.04000 0.59197
0.9 7.04000 0.50790
0.92 7.04000 0.41750
0.94 7.04000 0.32063
0.96 7.04000 0.21782
0.98 7.04000 0.11027
1.0 7.04000 0.00000

0.0 7.36000 0.00000
0.02 7.36000 0.52478
0.04 7.36000 1.00218
0.06 7.36000 1.43294
0.08 7.36000 1.81884
0.1 7.36000 2.16269
0.12 7.36000 2.46816
0.14 7.36000 2.73962
0.16 7.36000 2.98195
0.18 7.36000 3.20040
0.2 7.36000 3.40034
0.22 7.36000 3.58706
0.24 7.36000 3.76564
0.26 7.36000 3.94069
0.28 7.36000 4.11623
0.3 7.36000 4.29552
0.32 7.36000 4.48098
0.34 7.36000 4.67408
0.36 7.36000 4.87530
0.38 7.36000 5.08414
0.4 7.36000 5.29907
0.42 7.36000 5.51769
0.44 7.36000 5.73672
0.46 7.36000 5.95220
0.48 7.36000 6.15957
0.5 7.36000 6.35388
0.52 7.36000 6.52991
0.54 7.36000 6.68243
0.56 7.36000 6.80630
0.58 7.36000 6.89670
0.6 7.36000 6.94930
0.62 7.36000 6.96037
0.64 7.36000 6.92691
0.66 7.36000 6.84680
0.68 7.36000 6.71879
0.7 7.36000 6.54258
0.72 7.36000 6.31881
0.74 7.36000 6.04903
0.76 7.36000 5.73560
0.78 7.36000 5.38163
0.8 7.36000 4.99085
0.82 7.36000 4.56746
0.84 7.36000 4.11594
0.86 7.36000 3.64094
0.88 7.36000 3.14705
0.9 7.36000 2.63868
0.92 7.36000 2.11984
0.94 7.36000 1.59405
0.96 7.36000 1.06419
0.98 7.36000 0.53239
1.0 7.36000 0.00000

0.0 7.68000 0.00000
0.02 7.68000 0.33437
0.04 7.68000 0.59638
0.06 7.68000 0.79074
0.08 7.68000 0.92324
0.1 7.68000 1.00058
0.12 7.68000 1.03026
0.14 7.68000 1.02039
0.16 7.68000 0.97948
0.18 7.68000 0.91625
0.2 7.68000 0.83937
0.22 7.68000 0.75722
0.24 7.68000 0.67774
0.26 7.68000 0.60810
0.28 7.68000 0.55462
0.3 7.68000 0.52256
0.32 7.68000 0.51597
0.34 7.68000 0.53764
0.36 7.68000 0.58904
0.38 7.68000 0.67029
0.4 7.68000 0.78022
0.42 7.68000 0.91644
0.44 7.68000 1.07547
0.46 7.68000 1.25285
0.48 7.68000 1.44336
0.5 7.68000 1.64124
0.52 7.68000 1.84033
0.54 7.68000 2.03439
0.56 7.68000 2.21727
0.58 7.68000 2.38313
0.6 7.68000 2.52668
0.62 7.68000 2.64331
0.64 7.68000 2.72929
0.66 7.68000 2.78185
0.68 7.68000 2.79926
0.7 7.68000 2.78088
0.72 7.68000 2.72713
0.74 7.68000 2.63946
0.76 7.68000 2.52023
0.78 7.68000 2.37263
0.8 7.68000 2.20045
0.82 7.68000 2.00794
0.84 7.68000 1.79958
0.86 7.68000 1.57985
0.88 7.68000 1.35301
0.9 7.68000 1.12289
0.92 7.68000 0.89263
0.94 7.68000 0.66454
0.96 7.68000 0.43988
0.98 7.68000 0.21876
1.0 7.68000 0.00000

0.0 8.00000 0.00000
0.02 8.00000 -0.31812
0.04 8.00000 -0.63360
0.06 8.00000 -0.94423
0.08 8.00000 -1.24824
0.1 8.00000 -1.54430
0.12 8.00000 -1.83143
0.14 8.00000 -2.10898
0.16 8.00000 -2.37660
0.18 8.00000 -2.63413
0.2 8.00000 -2.88158
0.22 8.00000 -3.11907
0.24 8.00000 -3.34678
0.26 8.00000 -3.56487
0.28 8.00000 -3.77345
0.3 8.00000 -3.97256
0.32 8.00000 -4.16209
0.34 8.00000 -4.34180
0.36 8.00000 -4.51126
0.38 8.00000 -4.66988
0.4 8.00000 -4.81687
0.42 8.00000 -4.95129
0.44 8.00000 -5.07205
0.46 8.00000 -5.17790
0.48 8.00000 -5.26753
0.5 8.00000 -5.33954
0.52 8.00000 -5.39252
0.54 8.00000 -5.42510
0.56 8.00000 -5.43595
0.58 8.00000 -5.42385
0.6 8.00000 -5.38773
0.62 8.00000 -5.32671
0.64 8.00000 -5.24012
0.66 8.00000 -5.12752
0.68 8.00000 -4.98875
0.7 8.00000 -4.82390
0.72 8.00000 -4.63335
0.74 8.00000 -4.41775
0.76 8.00000 -4.17801
0.78 8.00000 -3.91526
0.8 8.00000 -3.63090
0.82 8.00000 -3.32648
0.84 8.00000 -3.00374
0.86 8.00000 -2.66454
0.88 8.00000 -2.31084
0.9 8.00000 -1.94469
0.92 8.00000 -1.56816
0.94 8.00000 -1.18334
0.96 8.00000 -0.79232
0.98 8.00000 -0.39719
1.0 8.00000 0.00000

0.0 8.32000 0.00000
0.02 8.32000 -0.53098
0.04 8.32000 -0.98797
0.06 8.32000 -1.37431
0.08 8.32000 -1.69470
0.1 8.32000 -1.95501
0.12 8.32000 -2.16214
0.14 8.32000 -2.32381
0.16 8.32000 -2.44830
0.18 8.32000 -2.54423
0.2 8.32000 -2.62028
0.22 8.32000 -2.68492
0.24 8.32000 -2.74616
0.26 8.32000 -2.81131
0.28 8.32000 -2.88674
0.3 8.32000 -2.97774
0.32 8.32000 -3.08828
0.34 8.32000 -3.22102
0.36 8.32000 -3.37715
0.38 8.32000 -3.55643
0.4 8.32000 -3.75721
0.42 8.32000 -3.97651
0.44 8.32000 -4.21016
0.46 8.32000 -4.45296
0.48 8.32000 -4.69887
0.5 8.32000 -4.94125
0.52 8.32000 -5.17310
0.54 8.32000 -5.38729
0.56 8.32000 -5.57687
0.58 8.32000 -5.73525
0.6 8.32000 -5.85648
0.62 8.32000 -5.93540
0.64 8.32000 -5.96786
0.66 8.32000 -5.95083
0.68 8.32000 -5.88248
0.7 8.32000 -5.76221
0.72 8.32000 -5.59070
0.74 8.32000 -5.36978
0.76 8.32000 -5.10238
0.78 8.32000 -4.79240
0.8 8.32000 -4.44447
0.82 8.32000 -4.06382
0.84 8.32000 -3.65599
0.86 8.32000 -3.22662
0.88 8.32000 -2.78119
0.9 8.32000 -2.32478
0.92 8.32000 -1.86181
0.94 8.32000 -1.39589
0.96 8.32000 -0.92957
0.98 8.32000 -0.46423
1.0 8.32000 0.00000

0.0 8.64000 0.00000
0.02 8.64000 -0.01005
0.04 8.64000 0.02300
0.06 8.64000 0.09486
0.08 8.64000 0.20086
0.1 8.64000 0.33604
0.12 8.64000 0.49515
0.14 8.64000 0.67279
0.16 8.64000 0.86347
0.18 8.64000 1.06171
0.2 8.64000 1.26216
0.22 8.64000 1.45970
0.24 8.64000 1.64956
0.26 8.64000 1.82738
0.28 8.64000 1.98934
0.3 8.64000 2.13221
0.32 8.64000 2.25342
0.34 8.64000 2.35110
0.36 8.64000 2.42406
0.38 8.64000 2.47188
0.4 8.64000 2.49479
0.42 8.64000 2.49368
0.44 8.64000 2.47002
0.46 8.64000 2.42582
0.48 8.64000 2.36346
0.5 8.64000 2.28567
0.52 8.64000 2.19537
0.54 8.64000 2.09557
0.56 8.64000 1.98925
0.58 8.64000 1.87927
0.6 8.64000 1.76823
0.62 8.64000 1.65843
0.64 8.64000 1.55177
0.66 8.64000 1.44970
0.68 8.64000 1.35318
0.7 8.64000 1.26266
0.72 8.64000 1.17811
0.74 8.64000 1.09905
0.76 8.64000 1.02456
0.78 8.64000 0.95340
0.8 8.64000 0.88406
0.82 8.64000 0.81490
0.84 8.64000 0.74421
0.86 8.64000 0.67038
0.88 8.64000 0.59197
0.9 8.64000 0.50790
0.92 8.64000 0.41750
0.94 8.64000 0.32063
0.96 8.64000 0.21782
0.98 8.64000 0.11027
1.0 8.64000 0.00000

0.0 8.96000 0.00000
0.02 8.96000 0.52478
0.04 8.96000 1.00218
0.06 8.96000 1.43294
0.08 8.96000 1.81884
0.1 8.96000 2.16269
0.12 8.96000 2.46816
0.14 8.96000 2.73962
0.16 8.96000 2.98195
0.18 8.96000 3.20040
0.2 8.96000 3.40034
0.22 8.96000 3.58706
0.24 8.96000 3.76564
0.26 8.96000 3.94069
0.28 8.96000 4.11623
0.3 8.96000 4.29552
0.32 8.96000 4.48098
0.34 8.96000 4.67408
0.36 8.96000 4.87530
0.38 8.96000 5.08414
0.4 8.96000 5.29907
0.42 8.96000 5.51769
0.44 8.96000 5.73672
0.46 8.96000 5.95220
0.48 8.96000 6.15957
0.5 8.96000 6.35388
0.52 8.96000 6.52991
0.54 8.96000 6.68243
0.56 8.96000 6.80630
0.58 8.96000 6.89670
0.6 8.96000 6.94930
0.62 8.96000 6.96037
0.64 8.96000 6.92691
0.66 8.96000 6.84680
0.68 8.96000 6.71879
0.7 8.96000 6.54258
0.72 8.96000 6.31881
0.74 8.96000 6.04903
0.76 8.96000 5.73560
0.78 8.96000 5.38163
0.8 8.96000 4.99085
0.82 8.96000 4.56746
0.84 8.96000 4.11594
0.86 8.96000 3.64094
0.88 8.96000 3.14705
0.9 8.96000 2.63868
0.92 8.96000 2.11984
0.94 8.96000 1.59405
0.96 8.96000 1.06419
0.98 8.96000 0.53239
1.0 8.96000 0.00000

0.0 9.28000 0.00000
0.02 9.28000 0.33437
0.04 9.28000 0.59638
0.06 9.28000 0.79074
0.08 9.28000 0.92324
0.1 9.28000 1.00058
0.12 9.28000 1.03026
0.14 9.28000 1.02039
0.16 9.28000 0.97948
0.18 9.28000 0.91625
0.2 9.28000 0.83937
0.22 9.28000 0.75722
0.24 9.28000 0.67774
0.26 9.28000 0.60810
0.28 9.28000 0.55462
0.3 9.28000 0.52256
0.32 9.28000 0.51597
0.34 9.28000 0.53764
0.36 9.28000 0.58904
0.38 9.28000 0.67029
0.4 9.28000 0.78022
0.42 9.28000 0.91644
0.44 9.28000 1.07547
0.46 9.28000 1.25285
0.48 9.28000 1.44336
0.5 9.28000 1.64124
0.52 9.28000 1.84033
0.54 9.28000 2.03439
0.56 9.28000 2.21727
0.58 9.28000 2.38313
0.6 9.28000 2.52668
0.62 9.28000 2.64331
0.64 9.28000 2.72929
0.66 9.28000 2.78185
0.68 9.28000 2.79926
0.7 9.28000 2.78088
0.72 9.28000 2.72713
0.74 9.28000 2.63946
0.76 9.28000 2.52023
0.78 9.28000 2.37263
0.8 9.28000 2.20045
0.82 9.28000 2.00794
0.84 9.28000 1.79958
0.86 9.28000 1.57985
0.88 9.28000 1.35301
0.9 9.28000 1.12289
0.92 9.28000 0.89263
0.94 9.28000 0.66454
0.96 9.28000 0.43988
0.98 9.28000 0.21876
1.0 9.28000 0.00000

0.0 9.60000 0.00000
0.02 9.60000 -0.31812
0.04 9.60000 -0.63360
0.06 9.60000 -0.94423
0.08 9.60000 -1.24824
0.1 9.60000 -1.54430
0.12 9.60000 -1.83143
0.14 9.60000 -2.10898
0.16 9.60000 -2.37660
0.18 9.60000 -2.63413
0.2 9.60000 -2.88158
0.22 9.60000 -3.11907
0.24 9.60000 -3.34678
0.26 9.60000 -3.56487
0.28 9.60000 -3.77345
0.3 9.60000 -3.97256
0.32 9.60000 -4.16209
0.34 9.60000 -4.34180
0.36 9.60000 -4.51126
0.38 9.60000 -4.66988
0.4 9.60000 -4.81687
0.42 9.60000 -4.95129
0.44 9.60000 -5.07205
0.46 9.60000 -5.17790
0.48 9.60000 -5.26753
0.5 9.60000 -5.33954
0.52 9.60000 -5.39252
0.54 9.60000 -5.42510
0.56 9.60000 -5.43595
0.58 9.60000 -5.42385
0.6 9.60000 -5.38773
0.62 9.60000 -5.32671
0.64 9.60000 -5.24012
0.66 9.60000 -5.12752
0.68 9.60000 -4.98875
0.7 9.60000 -4.82390
0.72 9.60000 -4.63335
0.74 9.60000 -4.41775
0.76 9.60000 -4.17801
0.78 9.60000 -3.91526
0.8 9.60000 -3.63090
0.82 9.60000 -3.32648
0.84 9.60000 -3.00374
0.86 9.60000 -2.66454
0.88 9.60000 -2.31084
0.9 9.60000 -1.94469
0.92 9.60000 -1.56816
0.94 9.60000 -1.18334
0.96 9.60000 -0.79232
0.98 9.60000 -0.39719
1.0 9.60000 0.00000

0.0 9.92000 0.00000
0.02 9.92000 -0.53098
0.04 9.92000 -0.98797
0.06 9.92000 -1.37431
0.08 9.92000 -1.69470
0.1 9.92000 -1.95501
0.12 9.92000 -2.16214
0.14 9.92000 -2.32381
0.16 9.92000 -2.44830
0.18 9.92000 -2.54423
0.2 9.92000 -2.62028
0.22 9.92000 -2.68492
0.24 9.92000 -2.74616
0.26 9.92000 -2.81131
0.28 9.92000 -2.88674
0.3 9.92000 -2.97774
0.32 9.92000 -3.08828
0.34 9.92000 -3.22102
0.36 9.92000 -3.37715
0.38 9.92000 -3.55643
0.4 9.92000 -3.75721
0.42 9.92000 -3.97651
0.44 9.92000 -4.21016
0.46 9.92000 -4.45296
0.48 9.92000 -4.69887
0.5 9.92000 -4.94125
0.52 9.92000 -5.17310
0.54 9.92000 -5.38729
0.56 9.92000 -5.57687
0.58 9.92000 -5.73525
0.6 9.92000 -5.85648
0.62 9.92000 -5.93540
0.64 9.92000 -5.96786
0.66 9.92000 -5.95083
0.68 9.92000 -5.88248
0.7 9.92000 -5.76221
0.72 9.92000 -5.59070
0.74 9.92000 -5.36978
0.76 9.92000 -5.10238
0.78 9.92000 -4.79240
0.8 9.92000 -4.44447
0.82 9.92000 -4.06382
0.84 9.92000 -3.65599
0.86 9.92000 -3.22662
0.88 9.92000 -2.78119
0.9 9.92000 -2.32478
0.92 9.92000 -1.86181
0.94 9.92000 -1.39589
0.96 9.92000 -0.92957
0.98 9.92000 -0.46423
1.0 9.92000 0.00000

0.0 10.24000 0.00000
0.02 10.24000 -0.01005
0.04 10.24000 0.02300
0.06 10.24000 0.09486
0.08 10.24000 0.20086
0.1 10.24000 0.33604
0.12 10.24000 0.49515
0.14 10.24000 0.67279
0.16 10.24000 0.86347
0.18 10.24000 1.06171
0.2 10.24000 1.26216
0.22 10.24000 1.45970
0.24 10.24000 1.64956
0.26 10.24000 1.82738
0.28 10.24000 1.98934
0.3 10.24000 2.13221
0.32 10.24000 2.25342
0.34 10.24000 2.35110
0.36 10.24000 2.42406
0.38 10.24000 2.47188
0.4 10.24000 2.49479
0.42 10.24000 2.49368
0.44 10.24000 2.47002
0.46 10.24000 2.42582
0.48 10.24000 2.36346
0.5 10.24000 2.28567
0.52 10.24000 2.19537
0.54 10.24000 2.09557
0.56 10.24000 1.98925
0.58 10.24000 1.87927
0.6 10.24000 1.76823
0.62 10.24000 1.65843
0.64 10.24000 1.55177
0.66 10.24000 1.44970
0.68 10.24000 1.35318
0.7 10.24000 1.26266
0.72 10.24000 1.17811
0.74 10.24000 1.09905
0.76 10.24000 1.02456
0.78 10.24000 0.95340
0.8 10.24000 0.88406
0.82 10.24000 0.81490
0.84 10.24000 0.74421
0.86 10.24000 0.67038
0.88 10.24000 0.59197
0.9 10.24000 0.50790
0.92 10.24000 0.41750
0.94 10.24000 0.32063
0.96 10.24000 0.21782
0.98 10.24000 0.11027
1.0 10.24000 0.00000

0.0 10.56000 0.00000
0.02 10.56000 0.52478
0.04 10.56000 1.00218
0.06 10.56000 1.43294
0.08 10.56000 1.81884
0.1 10.56000 2.16269
0.12 10.56000 2.46816
0.14 10.56000 2.73962
0.16 10.56000 2.98195
0.18 10.56000 3.20040
0.2 10.56000 3.40034
0.22 10.56000 3.58706
0.24 10.56000 3.76564
0.26 10.56000 3.94069
0.28 10.56000 4.11623
0.3 10.56000 4.29552
0.32 10.56000 4.48098
0.34 10.56000 4.67408
0.36 10.56000 4.87530
0.38 10.56000 5.08414
0.4 10.56000 5.29907
0.42 10.56000 5.51769
0.44 10.56000 5.73672
0.46 10.56000 5.95220
0.48 10.56000 6.15957
0.5 10.56000 6.35388
0.52 10.56000 6.52991
0.54 10.56000 6.68243
0.56 10.56000 6.80630
0.58 10.56000 6.89670
0.6 10.56000 6.94930
0.62 10.56000 6.96037
0.64 10.56000 6.92691
0.66 10.56000 6.84680
0.68 10.56000 6.71879
0.7 10.56000 6.54258
0.72 10.56000 6.31881
0.74 10.56000 6.04903
0.76 10.56000 5.73560
0.78 10.56000 5.38163
0.8 10.56000 4.99085
0.82 10.56000 4.56746
0.84 10.56000 4.11594
0.86 10.56000 3.64094
0.88 10.56000 3.14705
0.9 10.56000 2.63868
0.92 10.56000 2.11984
0.94 10.56000 1.59405
0.96 10.56000 1.06419
0.98 10.56000 0.53239
1.0 10.56000 0.00000

0.0 10.88000 0.00000
0.02 10.88000 0.33437
0.04 10.88000 0.59638
0.06 10.88000 0.79074
0.08 10.88000 0.92324
0.1 10.88000 1.00058
0.12 10.88000 1.03026
0.14 10.88000 1.02039
0.16 10.88000 0.97948
0.18 10.88000 0.91625
0.2 10.88000 0.83937
0.22 10.88000 0.75722
0.24 10.88000 0.67774
0.26 10.88000 0.60810
0.28 10.88000 0.55462
0.3 10.88000 0.52256
0.32 10.88000 0.51597
0.34 10.88000 0.53764
0.36 10.88000 0.58904
0.38 10.88000 0.67029
0.4 10.88000 0.78022
0.42 10.88000 0.91644
0.44 10.88000 1.07547
0.46 10.88000 1.25285
0.48 10.88000 1.44336
0.5 10.88000 1.64124
0.52 10.88000 1.84033
0.54 10.88000 2.03439
0.56 10.88000 2.21727
0.58 10.88000 2.38313
0.6 10.88000 2.52668
0.62 10.88000 2.64331
0.64 10.88000 2.72929
0.66 10.88000 2.78185
0.68 10.88000 2.79926
0.7 10.88000 2.78088
0.72 10.88000 2.72713
0.74 10.88000 2.63946
0.76 10.88000 2.52023
0.78 10.88000 2.37263
0.8 10.88000 2.20045
0.82 10.88000 2.00794
0.84 10.88000 1.79958
0.86 10.88000 1.57985
0.88 10.88000 1.35301
0.9 10.88000 1.12289
0.92 10.88000 0.89263
0.94 10.88000 0.66454
0.96 10.88000 0.43988
0.98 10.88000 0.21876
1.0 10.88000 0.00000

0.0 11.20000 0.00000
0.02 11.20000 -0.31812
0.04 11.20000 -0.63360
0.06 11.20000 -0.94423
0.08 11.20000 -1.24824
0.1 11.20000 -1.54430
0.12 11.20000 -1.83143
0.14 11.20000 -2.10898
0.16 11.20000 -2.37660
0.18 11.20000 -2.63413
0.2 11.20000 -2.88158
0.22 11.20000 -3.11907
0.24 11.20000 -3.34678
0.26 11.20000 -3.56487
0.28 11.20000 -3.77345
0.3 11.20000 -3.97256
0.32 11.20000 -4.16209
0.34 11.20000 -4.34180
0.36 11.20000 -4.51126
0.38 11.20000 -4.66988
0.4 11.20000 -4.81687
0.42 11.20000 -4.95129
0.44 11.20000 -5.07205
0.46 11.20000 -5.17790
0.48 11.20000 -5.26753
0.5 11.20000 -5.33954
0.52 11.20000 -5.39252
0.54 11.20000 -5.42510
0.56 11.20000 -5.43595
0.58 11.20000 -5.42385
0.6 11.20000 -5.38773
0.62 11.20000 -5.32671
0.64 11.20000 -5.24012
0.66 11.20000 -5.12752
0.68 11.20000 -4.98875
0.7 11.20000 -4.82390
0.72 11.20000 -4.63335
0.74 11.20000 -4.41775
0.76 11.20000 -4.17801
0.78 11.20000 -3.91526
0.8 11.20000 -3.63090
0.82 11.20000 -3.32648
0.84 11.20000 -3.00374
0.86 11.20000 -2.66454
0.88 11.20000 -2.31084
0.9 11.20000 -1.94469
0.92 11.20000 -1.56816
0.94 11.20000 -1.18334
0.96 11.20000 -0.79232
0.98 11.20000 -0.39719
1.0 11.20000 0.00000

0.0 11.52000 0.00000
0.02 11.52000 -0.53098
0.04 11.52000 -0.98797
0.06 11.52000 -1.37431
0.08 11.52000 -1.69470
0.1 11.52000 -1.95501
0.12 11.52000 -2.16214
0.14 11.52000 -2.32381
0.16 11.52000 -2.44830
0.18 11.52000 -2.54423
0.2 11.52000 -2.62028
0.22 11.52000 -2.68492
0.24 11.52000 -2.74616
0.26 11.52000 -2.81131
0.28 11.52000 -2.88674
0.3 11.52000 -2.97774
0.32 11.52000 -3.08828
0.34 11.52000 -3.22102
0.36 11.52000 -3.37715
0.38 11.52000 -3.55643
0.4 11.52000 -3.75721
0.42 11.52000 -3.97651
0.44 11.52000 -4.21016
0.46 11.52000 -4.45296
0.48 11.52000 -4.69887
0.5 11.52000 -4.94125
0.52 11.52000 -5.17310
0.54 11.52000 -5.38729
0.56 11.52000 -5.57687
0.58 11.52000 -5.73525
0.6 11.52000 -5.85648
0.62 11.52000 -5.93540
0.64 11.52000 -5.96786
0.66 11.52000 -5.95083
0.68 11.52000 -5.88248
0.7 11.52000 -5.76221
0.72 11.52000 -5.59070
0.74 11.52000 -5.36978
0.76 11.52000 -5.10238
0.78 11.52000 -4.79240
0.8 11.52000 -4.44447
0.82 11.52000 -4.06382
0.84 11.52000 -3.65599
0.86 11.52000 -3.22662
0.88 11.52000 -2.78119
0.9 11.52000 -2.32478
0.92 11.52000 -1.86181
0.94 11.52000 -1.39589
0.96 11.52000 -0.92957
0.98 11.52000 -0.46423
1.0 11.52000 0.00000

0.0 11.84000 0.00000
0.02 11.84000 -0.01005
0.04 11.84000 0.02300
0.06 11.84000 0.09486
0.08 11.84000 0.20086
0.1 11.84000 0.33604
0.12 11.84000 0.49515
0.14 11.84000 0.67279
0.16 11.84000 0.86347
0.18 11.84000 1.06171
0.2 11.84000 1.26216
0.22 11.84000 1.45970
0.24 11.84000 1.64956
0.26 11.84000 1.82738
0.28 11.84000 1.98934
0.3 11.84000 2.13221
0.32 11.84000 2.25342
0.34 11.84000 2.35110
0.36 11.84000 2.42406
0.38 11.84000 2.47188
0.4 11.84000 2.49479
0.42 11.84000 2.49368
0.44 11.84000 2.47002
0.46 11.84000 2.42582
0.48 11.84000 2.36346
0.5 11.84000 2.28567
0.52 11.84000 2.19537
0.54 11.84000 2.09557
0.56 11.84000 1.98925
0.58 11.84000 1.87927
0.6 11.84000 1.76823
0.62 11.84000 1.65843
0.64 11.84000 1.55177
0.66 11.84000 1.44970
0.68 11.84000 1.35318
0.7 11.84000 1.26266
0.72 11.84000 1.17811
0.74 11.84000 1.09905
0.76 11.84000 1.02456
0.78 11.84000 0.95340
0.8 11.84000 0.88406
0.82 11.84000 0.81490
0.84 11.84000 0.74421
0.86 11.84000 0.67038
0.88 11.84000 0.59197
0.9 11.84000 0.50790
0.92 11.84000 0.41750
0.94 11.84000 0.32063
0.96 11.84000 0.21782
0.98 11.84000 0.11027
1.0 11.84000 0.00000

0.0 12.16000 0.00000
0.02 12.16000 0.52478
0.04 12.16000 1.00218
0.06 12.16000 1.43294
0.08 12.16000 1.81884
0.1 12.16000 2.16269
0.12 12.16000 2.46816
0.14 12.16000 2.73962
0.16 12.16000 2.98195
0.18 12.16000 3.20040
0.2 12.16000 3.40034
0.22 12.16000 3.58706
0.24 12.16000 3.76564
0.26 12.16000 3.94069
0.28 12.16000 4.11623
0.3 12.16000 4.29552
0.32 12.16000 4.48098
0.34 12.16000 4.67408
0.36 12.16000 4.87530
0.38 12.16000 5.08414
0.4 12.16000 5.29907
0.42 12.16000 5.51769
0.44 12.16000 5.73672
0.46 12.16000 5.95220
0.48 12.16000 6.15957
0.5 12.16000 6.35388
0.52 12.16000 6.52991
0.54 12.16000 6.68243
0.56 12.16000 6.80630
0.58 12.16000 6.89670
0.6 12.16000 6.94930
0.62 12.16000 6.96037
0.64 12.16000 6.92691
0.66 12.16000 6.84680
0.68 12.16000 6.71879
0.7 12.16000 6.54258
0.72 12.16000 6.31881
0.74 12.16000 6.04903
0.76 12.16000 5.73560
0.78 12.16000 5.38163
0.8 12.16000 4.99085
0.82 12.16000 4.56746
0.84 12.16000 4.11594
0.86 12.16000 3.64094
0.88 12.16000 3.14705
0.9 12.16000 2.63868
0.92 12.16000 2.11984
0.94 12.16000 1.59405
0.96 12.16000 1.06419
0.98 12.16000 0.53239
1.0 12.16000 0.00000

0.0 12.48000 0.00000
0.02 12.48000 0.33437
0.04 12.48000 0.59638
0.06 12.48000 0.79074
0.08 12.48000 0.92324
0.1 12.48000 1.00058
0.12 12.48000 1.03026
0.14 12.48000 1.02039
0.16 12.48000 0.97948
0.18 12.48000 0.91625
0.2 12.48000 0.83937
0.22 12.48000 0.75722
0.24 12.48000 0.67774
0.26 12.48000 0.60810
0.28 12.48000 0.55462
0.3 12.48000 0.52256
0.32 12.48000 0.51597
0.34 12.48000 0.53764
0.36 12.48000 0.58904
0.38 12.48000 0.67029
0.4 12.48000 0.78022
0.42 12.48000 0.91644
0.44 12.48000 1.07547
0.46 12.48000 1.25285
0.48 12.48000 1.44336
0.5 12.48000 1.64124
0.52 12.48000 1.84033
0.54 12.48000 2.03439
0.56 12.48000 2.21727
0.58 12.48000 2.38313
0.6 12.48000 2.52668
0.62 12.48000 2.64331
0.64 12.48000 2.72929
0.66 12.48000 2.78185
0.68 12.48000 2.79926
0.7 12.48000 2.78088
0.72 12.48000 2.72713
0.74 12.48000 2.63946
0.76 12.48000 2.52023
0.78 12.48000 2.37263
0.8 12.48000 2.20045
0.82 12.48000 2.00794
0.84 12.48000 1.79958
0.86 12.48000 1.57985
0.88 12.48000 1.35301
0.9 12.48000 1.12289
0.92 12.48000 0.89263
0.94 12.48000 0.66454
0.96 12.48000 0.43988
0.98 12.48000 0.21876
1.0 12.48000 0.00000

0.0 12.80000 0.00000
0.02 12.80000 -0.31812
0.04 12.80000 -0.63360
0.06 12.80000 -0.94423
0.08 12.80000 -1.24824
0.1 12.80000 -1.54430
0.12 12.80000 -1.83143
0.14 12.80000 -2.10898
0.16 12.80000 -2.37660
0.18 12.80000 -2.63413
0.2 12.80000 -2.88158
0.22 12.80000 -3.11907
0.24 12.80000 -3.34678
0.26 12.80000 -3.56487
0.28 12.80000 -3.77345
0.3 12.80000 -3.97256
0.32 12.80000 -4.16209
0.34 12.80000 -4.34180
0.36 12.80000 -4.51126
0.38 12.80000 -4.66988
0.4 12.80000 -4.81687
0.42 12.80000 -4.95129
0.44 12.80000 -5.07205
0.46 12.80000 -5.17790
0.48 12.80000 -5.26753
0.5 12.80000 -5.33954
0.52 12.80000 -5.39252
0.54 12.80000 -5.42510
0.56 12.80000 -5.43595
0.58 12.80000 -5.42385
0.6 12.80000 -5.38773
0.62 12.80000 -5.32671
0.64 12.80000 -5.24012
0.66 12.80000 -5.12752
0.68 12.80000 -4.98875
0.7 12.80000 -4.82390
0.72 12.80000 -4.63335
0.74 12.80000 -4.41775
0.76 12.80000 -4.17801
0.78 12.80000 -3.91526
0.8 12.80000 -3.63090
0.82 12.80000 -3.32648
0.84 12.80000 -3.00374
0.86 12.80000 -2.66454
0.88 12.80000 -2.31084
0.9 12.80000 -1.94469
0.92 12.80000 -1.56816
0.94 12.80000 -1.18334
0.96 12.80000 -0.79232
0.98 12.80000 -0.39719
1.0 12.80000 0.00000

0.0 13.12000 0.00000
0.02 13.12000 -0.53098
0.04 13.12000 -0.98797
0.06 13.12000 -1.37431
0.08 13.12000 -1.69470
0.1 13.12000 -1.95501
0.12 13.12000 -2.16214
0.14 13.12000 -2.32381
0.16 13.12000 -2.44830
0.18 13.12000 -2.54423
0.2 13.12000 -2.62028
0.22 13.12000 -2.68492
0.24 13.12000 -2.74616
0.26 13.12000 -2.81131
0.28 13.12000 -2.88674
0.3 13.12000 -2.97774
0.32 13.12000 -3.08828
0.34 13.12000 -3.22102
0.36 13.12000 -3.37715
0.38 13.12000 -3.55643
0.4 13.12000 -3.75721
0.42 13.12000 -3.97651
0.44 13.12000 -4.21016
0.46 13.12000 -4.45296
0.48 13.12000 -4.69887
0.5 13.12000 -4.94125
0.52 13.12000 -5.17310
0.54 13.12000 -5.38729
0.56 13.12000 -5.57687
0.58 13.12000 -5.73525
0.6 13.12000 -5.85648
0.62 13.12000 -5.93540
0.64 13.12000 -5.96786
0.66 13.12000 -5.95083
0.68 13.12000 -5.88248
0.7 13.12000 -5.76221
0.72 13.12000 -5.59070
0.74 13.12000 -5.36978
0.76 13.12000 -5.10238
0.78 13.12000 -4.79240
0.8 13.12000 -4.44447
0.82 13.12000 -4.06382
0.84 13.12000 -3.65599
0.86 13.12000 -3.22662
0.88 13.12000 -2.78119
0.9 13.12000 -2.32478
0.92 13.12000 -1.86181
0.94 13.12000 -1.39589
0.96 13.12000 -0.92957
0.98 13.12000 -0.46423
1.0 13.12000 0.00000

0.0 13.44000 0.00000
0.02 13.44000 -0.01005
0.04 13.44000 0.02300
0.06 13.44000 0.09486
0.08 13.44000 0.20086
0.1 13.44000 0.33604
0.12 13.44000 0.49515
0.14 13.44000 0.67279
0.16 13.44000 0.86347
0.18 13.44000 1.06171
0.2 13.44000 1.26216
0.22 13.44000 1.45970
0.24 13.44000 1.64956
0.26 13.44000 1.82738
0.28 13.44000 1.98934
0.3 13.44000 2.13221
0.32 13.44000 2.25342
0.34 13.44000 2.35110
0.36 13.44000 2.42406
0.38 13.44000 2.47188
0.4 13.44000 2.49479
0.42 13.44000 2.49368
0.44 13.44000 2.47002
0.46 13.44000 2.42582
0.48 13.44000 2.36346
0.5 13.44000 2.28567
0.52 13.44000 2.19537
0.54 13.44000 2.09557
0.56 13.44000 1.98925
0.58 13.44000 1.87927
0.6 13.44000 1.76823
0.62 13.44000 1.65843
0.64 13.44000 1.55177
0.66 13.44000 1.44970
0.68 13.44000 1.35318
0.7 13.44000 1.26266
0.72 13.44000 1.17811
0.74 13.44000 1.09905
0.76 13.44000 1.02456
0.78 13.44000 0.95340
0.8 13.44000 0.88406
0.82 13.44000 0.81490
0.84 13.44000 0.74421
0.86 13.44000 0.67038
0.88 13.44000 0.59197
0.9 13.44000 0.50790
0.92 13.44000 0.41750
0.94 13.44000 0.32063
0.96 13.44000 0.21782
0.98 13.44000 0.11027
1.0 13.44000 0.00000

0.0 13.76000 0.00000
0.02 13.76000 0.52478
0.04 13.76000 1.00218
0.06 13.76000 1.43294
0.08 13.76000 1.81884
0.1 13.76000 2.16269
0.12 13.76000 2.46816
0.14 13.76000 2.73962
0.16 13.76000 2.98195
0.18 13.76000 3.20040
0.2 13.76000 3.40034
0.22 13.76000 3.58706
0.24 13.76000 3.76564
0.26 13.76000 3.94069
0.28 13.76000 4.11623
0.3 13.76000 4.29552
0.32 13.76000 4.48098
0.34 13.76000 4.67408
0.36 13.76000 4.87530
0.38 13.76000 5.08414
0.4 13.76000 5.29907
0.42 13.76000 5.51769
0.44 13.76000 5.73672
0.46 13.76000 5.95220
0.48 13.76000 6.15957
0.5 13.76000 6.35388
0.52 13.76000 6.52991
0.54 13.76000 6.68243
0.56 13.76000 6.80630
0.58 13.76000 6.89670
0.6 13.76000 6.94930
0.62 13.76000 6.96037
0.64 13.76000 6.92691
0.66 13.76000 6.84680
0.68 13.76000 6.71879
0.7 13.76000 6.54258
0.72 13.76000 6.31881
0.74 13.76000 6.04903
0.76 13.76000 5.73560
0.78 13.76000 5.38163
0.8 13.76000 4.99085
0.82 13.76000 4.56746
0.84 13.76000 4.11594
0.86 13.76000 3.64094
0.88 13.76000 3.14705
0.9 13.76000 2.63868
0.92 13.76000 2.11984
0.94 13.76000 1.59405
0.96 13.76000 1.06419
0.98 13.76000 0.53239
1.0 13.76000 0.00000

0.0 14.08000 0.00000
0.02 14.08000 0.33437
0.04 14.08000 0.59638
0.06 14.08000 0.79074
0.08 14.08000 0.92324
0.1 14.08000 1.00058
0.12 14.08000 1.03026
0.14 14.08000 1.02039
0.16 14.08000 0.97948
0.18 14.08000 0.91625
0.2 14.08000 0.83937
0.22 14.08000 0.75722
0.24 14.08000 0.67774
0.26 14.08000 0.60810
0.28 14.08000 0.55462
0.3 14.08000 0.52256
0.32 14.08000 0.51597
0.34 14.08000 0.53764
0.36 14.08000 0.58904
0.38 14.08000 0.67029
0.4 14.08000 0.78022
0.42 14.08000 0.91644
0.44 14.08000 1.07547
0.46 14.08000 1.25285
0.48 14.08000 1.44336
0.5 14.08000 1.64124
0.52 14.08000 1.84033
0.54 14.08000 2.03439
0.56 14.08000 2.21727
0.58 14.08000 2.38313
0.6 14.08000 2.52668
0.62 14.08000 2.64331
0.64 14.08000 2.72929
0.66 14.08000 2.78185
0.68 14.08000 2.79926
0.7 14.08000 2.78088
0.72 14.08000 2.72713
0.74 14.08000 2.63946
0.76 14.08000 2.52023
0.78 14.08000 2.37263
0.8 14.08000 2.20045
0.82 14.08000 2.00794
0.84 14.08000 1.79958
0.86 14.08000 1.57985
0.88 14.08000 1.35301
0.9 14.08000 1.12289
0.92 14.08000 0.89263
0.94 14.08000 0.66454
0.96 14.08000 0.43988
0.98 14.08000 0.21876
1.0 14.08000 0.00000

0.0 14.40000 0.00000
0.02 14.40000 -0.31812
0.04 14.40000 -0.63360
0.06 14.40000 -0.94423
0.08 14.40000 -1.24824
0.1 14.40000 -1.54430
0.12 14.40000 -1.83143
0.14 14.40000 -2.10898
0.16 14.40000 -2.37660
0.18 14.40000 -2.63413
0.2 14.40000 -2.88158
0.22 14.40000 -3.11907
0.24 14.40000 -3.34678
0.26 14.40000 -3.56487
0.28 14.40000 -3.77345
0.3 14.40000 -3.97256
0.32 14.40000 -4.16209
0.34 14.40000 -4.34180
0.36 14.40000 -4.51126
0.38 14.40000 -4.66988
0.4 14.40000 -4.81687
0.42 14.40000 -4.95129
0.44 14.40000 -5.07205
0.46 14.40000 -5.17790
0.48 14.40000 -5.26753
0.5 14.40000 -5.33954
0.52 14.40000 -5.39252
0.54 14.40000 -5.42510
0.56 14.40000 -5.43595
0.58 14.40000 -5.42385
0.6 14.40000 -5.38773
0.62 14.40000 -5.32671
0.64 14.40000 -5.24012
0.66 14.40000 -5.12752
0.68 14.40000 -4.98875
0.7 14.40000 -4.82390
0.72 14.40000 -4.63335
0.74 14.40000 -4.41775
0.76 14.40000 -4.17801
0.78 14.40000 -3.91526
0.8 14.40000 -3.63090
0.82 14.40000 -3.32648
0.84 14.40000 -3.00374
0.86 14.40000 -2.66454
0.88 14.40000 -2.31084
0.9 14.40000 -1.94469
0.92 14.40000 -1.56816
0.94 14.40000 -1.18334
0.96 14.40000 -0.79232
0.98 14.40000 -0.39719
1.0 14.40000 0.00000

0.0 14.72000 0.00000
0.02 14.72000 -0.53098
0.04 14.72000 -0.98797
0.06 14.72000 -1.37431
0.08 14.72000 -1.69470
0.1 14.72000 -1.95501
0.12 14.72000 -2.16214
0.14 14.72000 -2.32381
0.16 14.72000 -2.44830
0.18 14.72000 -2.54423
0.2 14.72000 -2.62028
0.22 14.72000 -2.68492
0.24 14.72000 -2.74616
0.26 14.72000 -2.81131
0.28 14.72000 -2.88674
0.3 14.72000 -2.97774
0.32 14.72000 -3.08828
0.34 14.72000 -3.22102
0.36 14.72000 -3.37715
0.38 14.72000 -3.55643
0.4 14.72000 -3.75721
0.42 14.72000 -3.97651
0.44 14.72000 -4.21016
0.46 14.72000 -4.45296
0.48 14.72000 -4.69887
0.5 14.72000 -4.94125
0.52 14.72000 -5.17310
0.54 14.72000 -5.38729
0.56 14.72000 -5.57687
0.58 14.72000 -5.73525
0.6 14.72000 -5.85648
0.62 14.72000 -5.93540
0.64 14.72000 -5.96786
0.66 14.72000 -5.95083
0.68 14.72000 -5.88248
0.7 14.72000 -5.76221
0.72 14.72000 -5.59070
0.74 14.72000 -5.36978
0.76 14.72000 -5.10238
0.78 14.72000 -4.79240
0.8 14.72000 -4.44447
0.82 14.72000 -4.06382
0.84 14.72000 -3.65599
0.86 14.72000 -3.22662
0.88 14.72000 -2.78119
0.9 14.72000 -2.32478
0.92 14.72000 -1.86181
0.94 14.72000 -1.39589
0.96 14.72000 -0.92957
0.98 14.72000 -0.46423
1.0 14.72000 0.00000

0.0 15.04000 0.00000
0.02 15.04000 -0.01005
0.04 15.04000 0.02300
0.06 15.04000 0.09486
0.08 15.04000 0.20086
0.1 15.04000 0.33604
0.12 15.04000 0.49515
0.14 15.04000 0.67279
0.16 15.04000 0.86347
0.18 15.04000 1.06171
0.2 15.04000 1.26216
0.22 15.04000 1.45970
0.24 15.04000 1.64956
0.26 15.04000 1.82738
0.28 15.04000 1.98934
0.3 15.04000 2.13221
0.32 15.04000 2.25342
0.34 15.04000 2.35110
0.36 15.04000 2.42406
0.38 15.04000 2.47188
0.4 15.04000 2.49479
0.42 15.04000 2.49368
0.44 15.04000 2.47002
0.46 15.04000 2.42582
0.48 15.04000 2.36346
0.5 15.04000 2.28567
0.52 15.04000 2.19537
0.54 15.04000 2.09557
0.56 15.04000 1.98925
0.58 15.04000 1.87927
0.6 15.04000 1.76823
0.62 15.04000 1.65843
0.64 15.04000 1.55177
0.66 15.04000 1.44970
0.68 15.04000 1.35318
0.7 15.04000 1.26266
0.72 15.04000 1.17811
0.74 15.04000 1.09905
0.76 15.04000 1.02456
0.78 15.04000 0.95340
0.8 15.04000 0.88406
0.82 15.04000 0.81490
0.84 15.04000 0.74421
0.86 15.04000 0.67038
0.88 15.04000 0.59197
0.9 15.04000 0.50790
0.92 15.04000 0.41750
0.94 15.04000 0.32063
0.96 15.04000 0.21782
0.98 15.04000 0.11027
1.0 15.04000 0.00000

0.0 15.36000 0.00000
0.02 15.36000 0.52478
0.04 15.36000 1.00218
0.06 15.36000 1.43294
0.08 15.36000 1.81884
0.1 15.36000 2.16269
0.12 15.36000 2.46816
0.14 15.36000 2.73962
0.16 15.36000 2.98195
0.18 15.36000 3.20040
0.2 15.36000 3.40034
0.22 15.36000 3.58706
0.24 15.36000 3.76564
0.26 15.36000 3.94069
0.28 15.36000 4.11623
0.3 15.36000 4.29552
0.32 15.36000 4.48098
0.34 15.36000 4.67408
0.36 15.36000 4.87530
0.38 15.36000 5.08414
0.4 15.36000 5.29907
0.42 15.36000 5.51769
0.44 15.36000 5.73672
0.46 15.36000 5.95220
0.48 15.36000 6.15957
0.5 15.36000 6.35388
0.52 15.36000 6.52991
0.54 15.36000 6.68243
0.56 15.36000 6.80630
0.58 15.36000 6.89670
0.6 15.36000 6.94930
0.62 15.36000 6.96037
0.64 15.36000 6.92691
0.66 15.36000 6.84680
0.68 15.36000 6.71879
0.7 15.36000 6.54258
0.72 15.36000 6.31881
0.74 15.36000 6.04903
0.76 15.36000 5.73560
0.78 15.36000 5.38163
0.8 15.36000 4.99085
0.82 15.36000 4.56746
0.84 15.36000 4.11594
0.86 15.36000 3.64094
0.88 15.36000 3.14705
0.9 15.36000 2.63868
0.92 15.36000 2.11984
0.94 15.36000 1.59405
0.96 15.36000 1.06419
0.98 15.36000 0.53239
1.0 15.36000 0.00000

0.0 15.68000 0.00000
0.02 15.68000 0.33437
0.04 15.68000 0.59638
0.06 15.68000 0.79074
0.08 15.68000 0.92324
0.1 15.68000 1.00058
0.12 15.68000 1.03026
0.14 15.68000 1.02039
0.16 15.68000 0.97948
0.18 15.68000 0.91625
0.2 15.68000 0.83937
0.22 15.68000 0.75722
0.24 15.68000 0.67774
0.26 15.68000 0.60810
0.28 15.68000 0.55462
0.3 15.68000 0.52256
0.32 15.68000 0.51597
0.34 15.68000 0.53764
0.36 15.68000 0.58904
0.38 15.68000 0.67029
0.4 15.68000 0.78022
0.42 15.68000 0.91644
0.44 15.68000 1.07547
0.46 15.68000 1.25285
0.48 15.68000 1.44336
0.5 15.68000 1.64124
0.52 15.68000 1.84033
0.54 15.68000 2.03439
0.56 15.68000 2.21727
0.58 15.68000 2.38313
0.6 15.68000 2.52668
0.62 15.68000 2.64331
0.64 15.68000 2.72929
0.66 15.68000 2.78185
0.68 15.68000 2.79926
0.7 15.68000 2.78088
0.72 15.68000 2.72713
0.74 15.68000 2.63946
0.76 15.68000 2.52023
0.78 15.68000 2.37263
0.8 15.68000 2.20045
0.82 15.68000 2.00794
0.84 15.68000 1.79958
0.86 15.68000 1.57985
0.88 15.68000 1.35301
0.9 15.68000 1.12289
0.92 15.68000 0.89263
0.94 15.68000 0.66454
0.96 15.68000 0.43988
0.98 15.68000 0.21876
1.0 15.68000 0.00000

0.0 16.00000 0.00000
0.02 16.00000 -0.31812
0.04 16.00000 -0.63360
0.06 16.00000 -0.94423
0.08 16.00000 -1.24824
0.1 16.00000 -1.54430
0.12 16.00000 -1.83143
0.14 16.00000 -2.10898
0.16 16.00000 -2.37660
0.18 16.00000 -2.63413
0.2 16.00000 -2.88158
0.22 16.00000 -3.11907
0.24 16.00000 -3.34678
0.26 16.00000 -3.56487
0.28 16.00000 -3.77345
0.3 16.00000 -3.97256
0.32 16.00000 -4.16209
0.34 16.00000 -4.34180
0.36 16.00000 -4.51126
0.38 16.00000 -4.66988
0.4 16.00000 -4.81687
0.42 16.00000 -4.95129
0.44 16.00000 -5.07205
0.46 16.00000 -5.17790
0.48 16.00000 -5.26753
0.5 16.00000 -5.33954
0.52 16.00000 -5.39252
0.54 16.00000 -5.42510
0.56 16.00000 -5.43595
0.58 16.00000 -5.42385
0.6 16.00000 -5.38773
0.62 16.00000 -5.32671
0.64 16.00000 -5.24012
0.66 16.00000 -5.12752
0.68 16.00000 -4.98875
0.7 16.00000 -4.82390
0.72 16.00000 -4.63335
0.74 16.00000 -4.41775
0.76 16.00000 -4.17801
0.78 16.00000 -3.91526
0.8 16.00000 -3.63090
0.82 16.00000 -3.32648
0.84 16.00000 -3.00374
0.86 16.00000 -2.66454
0.88 16.00000 -2.31084
0.9 16.00000 -1.94469
0.92 16.00000 -1.56816
0.94 16.00000 -1.18334
0.96 16.00000 -0.79232
0.98 16.00000 -0.39719
1.0 16.00000 0.00000

