0.0 0.00000 0.00000
0.02 0.00000 0.00000
0.04 0.00000 0.00000
0.06 0.00000 0.00000
0.08 0.00000 0.00000
0.1 0.00000 0.00000
0.12 0.00000 0.00000
0.14 0.00000 0.00000
0.16 0.00000 0.00000
0.18 0.00000 0.00000
0.2 0.00000 0.00000
0.22 0.00000 0.00000
0.24 0.00000 0.00000
0.26 0.00000 0.00000
0.28 0.00000 0.00000
0.3 0.00000 0.00000
0.32 0.00000 0.00000
0.34 0.00000 0.00000
0.36 0.00000 0.00000
0.38 0.00000 0.00000
0.4 0.00000 0.00000
0.42 0.00000 0.00000
0.44 0.00000 0.00000
0.46 0.00000 0.00000
0.48 0.00000 0.00000
0.5 0.00000 0.00000
0.52 0.00000 0.00000
0.54 0.00000 0.00000
0.56 0.00000 0.00000
0.58 0.00000 0.00000
0.6 0.00000 10.00000
0.62 0.00000 10.00000
0.64 0.00000 10.00000
0.66 0.00000 10.00000
0.68 0.00000 10.00000
0.7 0.00000 10.00000
0.72 0.00000 10.00000
0.74 0.00000 10.00000
0.76 0.00000 10.00000
0.78 0.00000 10.00000
0.8 0.00000 10.00000
0.82 0.00000 0.00000
0.84 0.00000 0.00000
0.86 0.00000 0.00000
0.88 0.00000 0.00000
0.9 0.00000 0.00000
0.92 0.00000 0.00000
0.94 0.00000 0.00000
0.96 0.00000 0.00000
0.98 0.00000 0.00000
1.0 0.00000 0.00000

0.0 0.32000 4.81250
0.02 0.32000 4.83191
0.04 0.32000 4.88947
0.06 0.32000 4.98315
0.08 0.32000 5.10967
0.1 0.32000 5.26460
0.12 0.32000 5.44253
0.14 0.32000 5.63722
0.16 0.32000 5.84188
0.18 0.32000 6.04936
0.2 0.32000 6.25243
0.22 0.32000 6.44403
0.24 0.32000 6.61751
0.26 0.32000 6.76689
0.28 0.32000 6.88705
0.3 0.32000 6.97389
0.32 0.32000 7.02454
0.34 0.32000 7.03739
0.36 0.32000 7.01219
0.38 0.32000 6.95005
0.4 0.32000 6.85337
0.42 0.32000 6.72582
0.44 0.32000 6.57212
0.46 0.32000 6.39797
0.48 0.32000 6.20976
0.5 0.32000 6.01439
0.52 0.32000 5.81901
0.54 0.32000 5.63080
0.56 0.32000 5.45664
0.58 0.32000 5.30295
0.6 0.32000 5.17539
0.62 0.32000 5.07871
0.64 0.32000 5.01656
0.66 0.32000 4.99136
0.68 0.32000 5.00420
0.7 0.32000 5.05484
0.72 0.32000 5.14168
0.74 0.32000 5.26183
0.76 0.32000 5.41120
0.78 0.32000 5.58468
0.8 0.32000 5.77627
0.82 0.32000 5.97933
0.84 0.32000 6.18680
0.86 0.32000 6.39145
0.88 0.32000 6.58614
0.9 0.32000 6.76406
0.92 0.32000 6.91900
0.94 0.32000 7.04552
0.96 0.32000 7.13919
0.98 0.32000 7.19675
1.0 0.32000 7.21616

0.0 0.64000 12.81107
0.02 0.64000 12.81962
0.04 0.64000 12.84497
0.06 0.64000 12.88621
0.08 0.64000 12.94190
0.1 0.64000 13.01006
0.12 0.64000 13.08828
0.14 0.64000 13.17379
0.16 0.64000 13.26357
0.18 0.64000 13.35444
0.2 0.64000 13.44319
0.22 0.64000 13.52669
0.24 0.64000 13.60197
0.26 0.64000 13.66638
0.28 0.64000 13.71766
0.3 0.64000 13.75398
0.32 0.64000 13.77408
0.34 0.64000 13.77724
0.36 0.64000 13.76338
0.38 0.64000 13.73298
0.4 0.64000 13.68715
0.42 0.64000 13.62750
0.44 0.64000 13.55617
0.46 0.64000 13.47569
0.48 0.64000 13.38894
0.5 0.64000 13.29898
0.52 0.64000 13.20902
0.54 0.64000 13.12226
0.56 0.64000 13.04178
0.58 0.64000 12.97045
0.6 0.64000 12.91081
0.62 0.64000 12.86497
0.64 0.64000 12.83458
0.66 0.64000 12.82071
0.68 0.64000 12.82388
0.7 0.64000 12.84397
0.72 0.64000 12.88030
0.74 0.64000 12.93157
0.76 0.64000 12.99599
0.78 0.64000 13.07127
0.8 0.64000 13.15476
0.82 0.64000 13.24351
0.84 0.64000 13.33438
0.86 0.64000 13.42416
0.88 0.64000 13.50967
0.9 0.64000 13.58789
0.92 0.64000 13.65605
0.94 0.64000 13.71174
0.96 0.64000 13.75299
0.98 0.64000 13.77834
1.0 0.64000 13.78689

0.0 0.96000 14.67115
0.02 0.96000 14.65725
0.04 0.96000 14.61605
0.06 0.96000 14.54900
0.08 0.96000 14.45849
0.1 0.96000 14.34771
0.12 0.96000 14.22059
0.14 0.96000 14.08164
0.16 0.96000 13.93578
0.18 0.96000 13.78817
0.2 0.96000 13.64405
0.22 0.96000 13.50852
0.24 0.96000 13.38638
0.26 0.96000 13.28196
0.28 0.96000 13.19896
0.3 0.96000 13.14032
0.32 0.96000 13.10812
0.34 0.96000 13.10350
0.36 0.96000 13.12662
0.38 0.96000 13.17666
0.4 0.96000 13.25186
0.42 0.96000 13.34954
0.44 0.96000 13.46626
0.46 0.96000 13.59787
0.48 0.96000 13.73971
0.5 0.96000 13.88676
0.52 0.96000 14.03381
0.54 0.96000 14.17566
0.56 0.96000 14.30727
0.58 0.96000 14.42398
0.6 0.96000 14.52167
0.62 0.96000 14.59686
0.64 0.96000 14.64691
0.66 0.96000 14.67003
0.68 0.96000 14.66540
0.7 0.96000 14.63320
0.72 0.96000 14.57456
0.74 0.96000 14.49156
0.76 0.96000 14.38714
0.78 0.96000 14.26500
0.8 0.96000 14.12947
0.82 0.96000 13.98535
0.84 0.96000 13.83775
0.86 0.96000 13.69188
0.88 0.96000 13.55293
0.9 0.96000 13.42582
0.92 0.96000 13.31504
0.94 0.96000 13.22452
0.96 0.96000 13.15748
0.98 0.96000 13.11627
1.0 0.96000 13.10238

0.0 1.28000 7.93240
0.02 1.28000 7.91527
0.04 1.28000 7.86449
0.06 1.28000 7.78186
0.08 1.28000 7.67031
0.1 1.28000 7.53379
0.12 1.28000 7.37713
0.14 1.28000 7.20588
0.16 1.28000 7.02612
0.18 1.28000 6.84420
0.2 1.28000 6.66658
0.22 1.28000 6.49955
0.24 1.28000 6.34902
0.26 1.28000 6.22032
0.28 1.28000 6.11802
0.3 1.28000 6.04573
0.32 1.28000 6.00603
0.34 1.28000 6.00032
0.36 1.28000 6.02879
0.38 1.28000 6.09044
0.4 1.28000 6.18309
0.42 1.28000 6.30345
0.44 1.28000 6.44727
0.46 1.28000 6.60944
0.48 1.28000 6.78422
0.5 1.28000 6.96541
0.52 1.28000 7.14661
0.54 1.28000 7.32139
0.56 1.28000 7.48356
0.58 1.28000 7.62737
0.6 1.28000 7.74774
0.62 1.28000 7.84039
0.64 1.28000 7.90204
0.66 1.28000 7.93051
0.68 1.28000 7.92480
0.7 1.28000 7.88509
0.72 1.28000 7.81281
0.74 1.28000 7.71051
0.76 1.28000 7.58181
0.78 1.28000 7.43128
0.8 1.28000 7.26424
0.82 1.28000 7.08662
0.84 1.28000 6.90471
0.86 1.28000 6.72494
0.88 1.28000 6.55370
0.9 1.28000 6.39704
0.92 1.28000 6.26052
0.94 1.28000 6.14896
0.96 1.28000 6.06634
0.98 1.28000 6.01556
1.0 1.28000 5.99843

0.0 1.60000 1.91296
0.02 1.60000 1.91628
0.04 1.60000 1.92610
0.06 1.60000 1.94208
0.08 1.60000 1.96366
0.1 1.60000 1.99006
0.12 1.60000 2.02036
0.14 1.60000 2.05349
0.16 1.60000 2.08826
0.18 1.60000 2.12344
0.2 1.60000 2.15780
0.22 1.60000 2.19010
0.24 1.60000 2.21922
0.26 1.60000 2.24411
0.28 1.60000 2.26390
0.3 1.60000 2.27788
0.32 1.60000 2.28556
0.34 1.60000 2.28667
0.36 1.60000 2.28116
0.38 1.60000 2.26924
0.4 1.60000 2.25132
0.42 1.60000 2.22804
0.44 1.60000 2.20022
0.46 1.60000 2.16885
0.48 1.60000 2.13505
0.5 1.60000 2.10000
0.52 1.60000 2.06495
0.54 1.60000 2.03115
0.56 1.60000 1.99978
0.58 1.60000 1.97196
0.6 1.60000 1.94868
0.62 1.60000 1.93076
0.64 1.60000 1.91884
0.66 1.60000 1.91333
0.68 1.60000 1.91444
0.7 1.60000 1.92212
0.72 1.60000 1.93610
0.74 1.60000 1.95589
0.76 1.60000 1.98078
0.78 1.60000 2.00990
0.8 1.60000 2.04220
0.82 1.60000 2.07656
0.84 1.60000 2.11174
0.86 1.60000 2.14651
0.88 1.60000 2.17964
0.9 1.60000 2.20994
0.92 1.60000 2.23634
0.94 1.60000 2.25792
0.96 1.60000 2.27390
0.98 1.60000 2.28372
1.0 1.60000 2.28704

0.0 1.92000 4.93176
0.02 1.92000 4.95094
0.04 1.92000 5.00779
0.06 1.92000 5.10029
0.08 1.92000 5.22518
0.1 1.92000 5.37802
0.12 1.92000 5.55341
0.14 1.92000 5.74513
0.16 1.92000 5.94638
0.18 1.92000 6.15004
0.2 1.92000 6.34890
0.22 1.92000 6.53590
0.24 1.92000 6.70443
0.26 1.92000 6.84851
0.28 1.92000 6.96304
0.3 1.92000 7.04397
0.32 1.92000 7.08841
0.34 1.92000 7.09482
0.36 1.92000 7.06294
0.38 1.92000 6.99392
0.4 1.92000 6.89019
0.42 1.92000 6.75544
0.44 1.92000 6.59444
0.46 1.92000 6.41289
0.48 1.92000 6.21722
0.5 1.92000 6.01436
0.52 1.92000 5.81150
0.54 1.92000 5.61583
0.56 1.92000 5.43427
0.58 1.92000 5.27327
0.6 1.92000 5.13852
0.62 1.92000 5.03480
0.64 1.92000 4.96578
0.66 1.92000 4.93390
0.68 1.92000 4.94030
0.7 1.92000 4.98475
0.72 1.92000 5.06567
0.74 1.92000 5.18020
0.76 1.92000 5.32429
0.78 1.92000 5.49281
0.8 1.92000 5.67982
0.82 1.92000 5.87867
0.84 1.92000 6.08233
0.86 1.92000 6.28359
0.88 1.92000 6.47530
0.9 1.92000 6.65069
0.92 1.92000 6.80353
0.94 1.92000 6.92842
0.96 1.92000 7.02093
0.98 1.92000 7.07778
1.0 1.92000 7.09695

0.0 2.24000 12.81693
0.02 2.24000 12.82547
0.04 2.24000 12.85078
0.06 2.24000 12.89197
0.08 2.24000 12.94758
0.1 2.24000 13.01564
0.12 2.24000 13.09373
0.14 2.24000 13.17910
0.16 2.24000 13.26871
0.18 2.24000 13.35939
0.2 2.24000 13.44794
0.22 2.24000 13.53120
0.24 2.24000 13.60624
0.26 2.24000 13.67040
0.28 2.24000 13.72140
0.3 2.24000 13.75743
0.32 2.24000 13.77722
0.34 2.24000 13.78007
0.36 2.24000 13.76588
0.38 2.24000 13.73514
0.4 2.24000 13.68896
0.42 2.24000 13.62896
0.44 2.24000 13.55727
0.46 2.24000 13.47643
0.48 2.24000 13.38930
0.5 2.24000 13.29898
0.52 2.24000 13.20865
0.54 2.24000 13.12153
0.56 2.24000 13.04069
0.58 2.24000 12.96900
0.6 2.24000 12.90900
0.62 2.24000 12.86281
0.64 2.24000 12.83208
0.66 2.24000 12.81789
0.68 2.24000 12.82074
0.7 2.24000 12.84053
0.72 2.24000 12.87656
0.74 2.24000 12.92756
0.76 2.24000 12.99171
0.78 2.24000 13.06675
0.8 2.24000 13.15002
0.82 2.24000 13.23856
0.84 2.24000 13.32925
0.86 2.24000 13.41886
0.88 2.24000 13.50422
0.9 2.24000 13.58232
0.92 2.24000 13.65037
0.94 2.24000 13.70598
0.96 2.24000 13.74717
0.98 2.24000 13.77248
1.0 2.24000 13.78102

0.0 2.56000 14.67144
0.02 2.56000 14.65754
0.04 2.56000 14.61633
0.06 2.56000 14.54929
0.08 2.56000 14.45877
0.1 2.56000 14.34798
0.12 2.56000 14.22086
0.14 2.56000 14.08190
0.16 2.56000 13.93603
0.18 2.56000 13.78842
0.2 2.56000 13.64428
0.22 2.56000 13.50874
0.24 2.56000 13.38659
0.26 2.56000 13.28216
0.28 2.56000 13.19915
0.3 2.56000 13.14049
0.32 2.56000 13.10828
0.34 2.56000 13.10364
0.36 2.56000 13.12674
0.38 2.56000 13.17677
0.4 2.56000 13.25195
0.42 2.56000 13.34962
0.44 2.56000 13.46631
0.46 2.56000 13.59790
0.48 2.56000 13.73973
0.5 2.56000 13.88676
0.52 2.56000 14.03380
0.54 2.56000 14.17562
0.56 2.56000 14.30721
0.58 2.56000 14.42391
0.6 2.56000 14.52158
0.62 2.56000 14.59676
0.64 2.56000 14.64679
0.66 2.56000 14.66989
0.68 2.56000 14.66525
0.7 2.56000 14.63303
0.72 2.56000 14.57438
0.74 2.56000 14.49137
0.76 2.56000 14.38693
0.78 2.56000 14.26478
0.8 2.56000 14.12924
0.82 2.56000 13.98511
0.84 2.56000 13.83749
0.86 2.56000 13.69162
0.88 2.56000 13.55266
0.9 2.56000 13.42554
0.92 2.56000 13.31476
0.94 2.56000 13.22424
0.96 2.56000 13.15719
0.98 2.56000 13.11599
1.0 2.56000 13.10209

0.0 2.88000 7.93241
0.02 2.88000 7.91528
0.04 2.88000 7.86451
0.06 2.88000 7.78188
0.08 2.88000 7.67033
0.1 2.88000 7.53380
0.12 2.88000 7.37714
0.14 2.88000 7.20590
0.16 2.88000 7.02613
0.18 2.88000 6.84422
0.2 2.88000 6.66659
0.22 2.88000 6.49956
0.24 2.88000 6.34903
0.26 2.88000 6.22033
0.28 2.88000 6.11803
0.3 2.88000 6.04574
0.32 2.88000 6.00604
0.34 2.88000 6.00032
0.36 2.88000 6.02879
0.38 2.88000 6.09045
0.4 2.88000 6.18310
0.42 2.88000 6.30346
0.44 2.88000 6.44727
0.46 2.88000 6.60944
0.48 2.88000 6.78422
0.5 2.88000 6.96541
0.52 2.88000 7.14661
0.54 2.88000 7.32139
0.56 2.88000 7.48356
0.58 2.88000 7.62737
0.6 2.88000 7.74773
0.62 2.88000 7.84038
0.64 2.88000 7.90203
0.66 2.88000 7.93050
0.68 2.88000 7.92479
0.7 2.88000 7.88508
0.72 2.88000 7.81280
0.74 2.88000 7.71050
0.76 2.88000 7.58180
0.78 2.88000 7.43127
0.8 2.88000 7.26423
0.82 2.88000 7.08661
0.84 2.88000 6.90470
0.86 2.88000 6.72493
0.88 2.88000 6.55369
0.9 2.88000 6.39703
0.92 2.88000 6.26050
0.94 2.88000 6.14895
0.96 2.88000 6.06632
0.98 2.88000 6.01554
1.0 2.88000 5.99841

0.0 3.20000 1.91296
0.02 3.20000 1.91628
0.04 3.20000 1.92610
0.06 3.20000 1.94208
0.08 3.20000 1.96366
0.1 3.20000 1.99006
0.12 3.20000 2.02036
0.14 3.20000 2.05349
0.16 3.20000 2.08826
0.18 3.20000 2.12344
0.2 3.20000 2.15780
0.22 3.20000 2.19011
0.24 3.20000 2.21922
0.26 3.20000 2.24411
0.28 3.20000 2.26390
0.3 3.20000 2.27788
0.32 3.20000 2.28556
0.34 3.20000 2.28667
0.36 3.20000 2.28116
0.38 3.20000 2.26924
0.4 3.20000 2.25132
0.42 3.20000 2.22804
0.44 3.20000 2.20022
0.46 3.20000 2.16885
0.48 3.20000 2.13505
0.5 3.20000 2.10000
0.52 3.20000 2.06495
0.54 3.20000 2.03115
0.56 3.20000 1.99978
0.58 3.20000 1.97196
0.6 3.20000 1.94868
0.62 3.20000 1.93076
0.64 3.20000 1.91884
0.66 3.20000 1.91333
0.68 3.20000 1.91444
0.7 3.20000 1.92212
0.72 3.20000 1.93610
0.74 3.20000 1.95589
0.76 3.20000 1.98078
0.78 3.20000 2.00989
0.8 3.20000 2.04220
0.82 3.20000 2.07656
0.84 3.20000 2.11174
0.86 3.20000 2.14651
0.88 3.20000 2.17964
0.9 3.20000 2.20994
0.92 3.20000 2.23634
0.94 3.20000 2.25792
0.96 3.20000 2.27390
0.98 3.20000 2.28372
1.0 3.20000 2.28704

0.0 3.52000 4.93176
0.02 3.52000 4.95094
0.04 3.52000 5.00779
0.06 3.52000 5.10029
0.08 3.52000 5.22518
0.1 3.52000 5.37802
0.12 3.52000 5.55341
0.14 3.52000 5.74513
0.16 3.52000 5.94638
0.18 3.52000 6.15004
0.2 3.52000 6.34890
0.22 3.52000 6.53590
0.24 3.52000 6.70443
0.26 3.52000 6.84851
0.28 3.52000 6.96304
0.3 3.52000 7.04397
0.32 3.52000 7.08841
0.34 3.52000 7.09482
0.36 3.52000 7.06294
0.38 3.52000 6.99392
0.4 3.52000 6.89019
0.42 3.52000 6.75544
0.44 3.52000 6.59444
0.46 3.52000 6.41289
0.48 3.52000 6.21722
0.5 3.52000 6.01436
0.52 3.52000 5.81150
0.54 3.52000 5.61583
0.56 3.52000 5.43427
0.58 3.52000 5.27327
0.6 3.52000 5.13852
0.62 3.52000 5.03480
0.64 3.52000 4.96578
0.66 3.52000 4.93390
0.68 3.52000 4.94030
0.7 3.52000 4.98475
0.72 3.52000 5.06567
0.74 3.52000 5.18020
0.76 3.52000 5.32429
0.78 3.52000 5.49281
0.8 3.52000 5.67982
0.82 3.52000 5.87867
0.84 3.52000 6.08233
0.86 3.52000 6.28359
0.88 3.52000 6.47530
0.9 3.52000 6.65069
0.92 3.52000 6.80353
0.94 3.52000 6.92842
0.96 3.52000 7.02093
0.98 3.52000 7.07778
1.0 3.52000 7.09695

0.0 3.84000 12.81693
0.02 3.84000 12.82547
0.04 3.84000 12.85078
0.06 3.84000 12.89197
0.08 3.84000 12.94758
0.1 3.84000 13.01564
0.12 3.84000 13.09373
0.14 3.84000 13.17910
0.16 3.84000 13.26871
0.18 3.84000 13.35939
0.2 3.84000 13.44794
0.22 3.84000 13.53120
0.24 3.84000 13.60624
0.26 3.84000 13.67040
0.28 3.84000 13.72140
0.3 3.84000 13.75743
0.32 3.84000 13.77722
0.34 3.84000 13.78007
0.36 3.84000 13.76588
0.38 3.84000 13.73514
0.4 3.84000 13.68896
0.42 3.84000 13.62896
0.44 3.84000 13.55727
0.46 3.84000 13.47643
0.48 3.84000 13.38930
0.5 3.84000 13.29898
0.52 3.84000 13.20865
0.54 3.84000 13.12153
0.56 3.84000 13.04069
0.58 3.84000 12.96900
0.6 3.84000 12.90900
0.62 3.84000 12.86281
0.64 3.84000 12.83208
0.66 3.84000 12.81789
0.68 3.84000 12.82074
0.7 3.84000 12.84053
0.72 3.84000 12.87656
0.74 3.84000 12.92756
0.76 3.84000 12.99171
0.78 3.84000 13.06675
0.8 3.84000 13.15002
0.82 3.84000 13.23856
0.84 3.84000 13.32925
0.86 3.84000 13.41886
0.88 3.84000 13.50422
0.9 3.84000 13.58232
0.92 3.84000 13.65037
0.94 3.84000 13.70598
0.96 3.84000 13.74717
0.98 3.84000 13.77248
1.0 3.84000 13.78102

0.0 4.16000 14.67144
0.02 4.16000 14.65754
0.04 4.16000 14.61633
0.06 4.16000 14.54929
0.08 4.16000 14.45877
0.1 4.16000 14.34798
0.12 4.16000 14.22086
0.14 4.16000 14.08190
0.16 4.16000 13.93603
0.18 4.16000 13.78842
0.2 4.16000 13.64428
0.22 4.16000 13.50874
0.24 4.16000 13.38659
0.26 4.16000 13.28216
0.28 4.16000 13.19915
0.3 4.16000 13.14049
0.32 4.16000 13.10828
0.34 4.16000 13.10364
0.36 4.16000 13.12674
0.38 4.16000 13.17677
0.4 4.16000 13.25195
0.42 4.16000 13.34962
0.44 4.16000 13.46631
0.46 4.16000 13.59790
0.48 4.16000 13.73973
0.5 4.16000 13.88676
0.52 4.16000 14.03380
0.54 4.16000 14.17562
0.56 4.16000 14.30721
0.58 4.16000 14.42391
0.6 4.16000 14.52158
0.62 4.16000 14.59676
0.64 4.16000 14.64679
0.66 4.16000 14.66989
0.68 4.16000 14.66525
0.7 4.16000 14.63303
0.72 4.16000 14.57438
0.74 4.16000 14.49137
0.76 4.16000 14.38693
0.78 4.16000 14.26478
0.8 4.16000 14.12924
0.82 4.16000 13.98511
0.84 4.16000 13.83749
0.86 4.16000 13.69162
0.88 4.16000 13.55266
0.9 4.16000 13.42554
0.92 4.16000 13.31476
0.94 4.16000 13.22424
0.96 4.16000 13.15719
0.98 4.16000 13.11599
1.0 4.16000 13.10209

0.0 4.48000 7.93241
0.02 4.48000 7.91528
0.04 4.48000 7.86451
0.06 4.48000 7.78188
0.08 4.48000 7.67033
0.1 4.48000 7.53380
0.12 4.48000 7.37714
0.14 4.48000 7.20590
0.16 4.48000 7.02613
0.18 4.48000 6.84422
0.2 4.48000 6.66659
0.22 4.48000 6.49956
0.24 4.48000 6.34903
0.26 4.48000 6.22033
0.28 4.48000 6.11803
0.3 4.48000 6.04574
0.32 4.48000 6.00604
0.34 4.48000 6.00032
0.36 4.48000 6.02879
0.38 4.48000 6.09045
0.4 4.48000 6.18310
0.42 4.48000 6.30346
0.44 4.48000 6.44727
0.46 4.48000 6.60944
0.48 4.48000 6.78422
0.5 4.48000 6.96541
0.52 4.48000 7.14661
0.54 4.48000 7.32139
0.56 4.48000 7.48356
0.58 4.48000 7.62737
0.6 4.48000 7.74773
0.62 4.48000 7.84038
0.64 4.48000 7.90203
0.66 4.48000 7.93050
0.68 4.48000 7.92479
0.7 4.48000 7.88508
0.72 4.48000 7.81280
0.74 4.48000 7.71050
0.76 4.48000 7.58180
0.78 4.48000 7.43127
0.8 4.48000 7.26423
0.82 4.48000 7.08661
0.84 4.48000 6.90470
0.86 4.48000 6.72493
0.88 4.48000 6.55369
0.9 4.48000 6.39703
0.92 4.48000 6.26050
0.94 4.48000 6.14895
0.96 4.48000 6.06632
0.98 4.48000 6.01554
1.0 4.48000 5.99841

0.0 4.80000 1.91296
0.02 4.80000 1.91628
0.04 4.80000 1.92610
0.06 4.80000 1.94208
0.08 4.80000 1.96366
0.1 4.80000 1.99006
0.12 4.80000 2.02036
0.14 4.80000 2.05349
0.16 4.80000 2.08826
0.18 4.80000 2.12344
0.2 4.80000 2.15780
0.22 4.80000 2.19011
0.24 4.80000 2.21922
0.26 4.80000 2.24411
0.28 4.80000 2.26390
0.3 4.80000 2.27788
0.32 4.80000 2.28556
0.34 4.80000 2.28667
0.36 4.80000 2.28116
0.38 4.80000 2.26924
0.4 4.80000 2.25132
0.42 4.80000 2.22804
0.44 4.80000 2.20022
0.46 4.80000 2.16885
0.48 4.80000 2.13505
0.5 4.80000 2.10000
0.52 4.80000 2.06495
0.54 4.80000 2.03115
0.56 4.80000 1.99978
0.58 4.80000 1.97196
0.6 4.80000 1.94868
0.62 4.80000 1.93076
0.64 4.80000 1.91884
0.66 4.80000 1.91333
0.68 4.80000 1.91444
0.7 4.80000 1.92212
0.72 4.80000 1.93610
0.74 4.80000 1.95589
0.76 4.80000 1.98078
0.78 4.80000 2.00989
0.8 4.80000 2.04220
0.82 4.80000 2.07656
0.84 4.80000 2.11174
0.86 4.80000 2.14651
0.88 4.80000 2.17964
0.9 4.80000 2.20994
0.92 4.80000 2.23634
0.94 4.80000 2.25792
0.96 4.80000 2.27390
0.98 4.80000 2.28372
1.0 4.80000 2.28704

0.0 5.12000 4.93176
0.02 5.12000 4.95094
0.04 5.12000 5.00779
0.06 5.12000 5.10029
0.08 5.12000 5.22518
0.1 5.12000 5.37802
0.12 5.12000 5.55341
0.14 5.12000 5.74513
0.16 5.12000 5.94638
0.18 5.12000 6.15004
0.2 5.12000 6.34890
0.22 5.12000 6.53590
0.24 5.12000 6.70443
0.26 5.12000 6.84851
0.28 5.12000 6.96304
0.3 5.12000 7.04397
0.32 5.12000 7.08841
0.34 5.12000 7.09482
0.36 5.12000 7.06294
0.38 5.12000 6.99392
0.4 5.12000 6.89019
0.42 5.12000 6.75544
0.44 5.12000 6.59444
0.46 5.12000 6.41289
0.48 5.12000 6.21722
0.5 5.12000 6.01436
0.52 5.12000 5.81150
0.54 5.12000 5.61583
0.56 5.12000 5.43427
0.58 5.12000 5.27327
0.6 5.12000 5.13852
0.62 5.12000 5.03480
0.64 5.12000 4.96578
0.66 5.12000 4.93390
0.68 5.12000 4.94030
0.7 5.12000 4.98475
0.72 5.12000 5.06567
0.74 5.12000 5.18020
0.76 5.12000 5.32429
0.78 5.12000 5.49281
0.8 5.12000 5.67982
0.82 5.12000 5.87867
0.84 5.12000 6.08233
0.86 5.12000 6.28359
0.88 5.12000 6.47530
0.9 5.12000 6.65069
0.92 5.12000 6.80353
0.94 5.12000 6.92842
0.96 5.12000 7.02093
0.98 5.12000 7.07778
1.0 5.12000 7.09695

0.0 5.44000 12.81693
0.02 5.44000 12.82547
0.04 5.44000 12.85078
0.06 5.44000 12.89197
0.08 5.44000 12.94758
0.1 5.44000 13.01564
0.12 5.44000 13.09373
0.14 5.44000 13.17910
0.16 5.44000 13.26871
0.18 5.44000 13.35939
0.2 5.44000 13.44794
0.22 5.44000 13.53120
0.24 5.44000 13.60624
0.26 5.44000 13.67040
0.28 5.44000 13.72140
0.3 5.44000 13.75743
0.32 5.44000 13.77722
0.34 5.44000 13.78007
0.36 5.44000 13.76588
0.38 5.44000 13.73514
0.4 5.44000 13.68896
0.42 5.44000 13.62896
0.44 5.44000 13.55727
0.46 5.44000 13.47643
0.48 5.44000 13.38930
0.5 5.44000 13.29898
0.52 5.44000 13.20865
0.54 5.44000 13.12153
0.56 5.44000 13.04069
0.58 5.44000 12.96900
0.6 5.44000 12.90900
0.62 5.44000 12.86281
0.64 5.44000 12.83208
0.66 5.44000 12.81789
0.68 5.44000 12.82074
0.7 5.44000 12.84053
0.72 5.44000 12.87656
0.74 5.44000 12.92756
0.76 5.44000 12.99171
0.78 5.44000 13.06675
0.8 5.44000 13.15002
0.82 5.44000 13.23856
0.84 5.44000 13.32925
0.86 5.44000 13.41886
0.88 5.44000 13.50422
0.9 5.44000 13.58232
0.92 5.44000 13.65037
0.94 5.44000 13.70598
0.96 5.44000 13.74717
0.98 5.44000 13.77248
1.0 5.44000 13.78102

0.0 5.76000 14.67144
0.02 5.76000 14.65754
0.04 5.76000 14.61633
0.06 5.76000 14.54929
0.08 5.76000 14.45877
0.1 5.76000 14.34798
0.12 5.76000 14.22086
0.14 5.76000 14.08190
0.16 5.76000 13.93603
0.18 5.76000 13.78842
0.2 5.76000 13.64428
0.22 5.76000 13.50874
0.24 5.76000 13.38659
0.26 5.76000 13.28216
0.28 5.76000 13.19915
0.3 5.76000 13.14049
0.32 5.76000 13.10828
0.34 5.76000 13.10364
0.36 5.76000 13.12674
0.38 5.76000 13.17677
0.4 5.76000 13.25195
0.42 5.76000 13.34962
0.44 5.76000 13.46631
0.46 5.76000 13.59790
0.48 5.76000 13.73973
0.5 5.76000 13.88676
0.52 5.76000 14.03380
0.54 5.76000 14.17562
0.56 5.76000 14.30721
0.58 5.76000 14.42391
0.6 5.76000 14.52158
0.62 5.76000 14.59676
0.64 5.76000 14.64679
0.66 5.76000 14.66989
0.68 5.76000 14.66525
0.7 5.76000 14.63303
0.72 5.76000 14.57438
0.74 5.76000 14.49137
0.76 5.76000 14.38693
0.78 5.76000 14.26478
0.8 5.76000 14.12924
0.82 5.76000 13.98511
0.84 5.76000 13.83749
0.86 5.76000 13.69162
0.88 5.76000 13.55266
0.9 5.76000 13.42554
0.92 5.76000 13.31476
0.94 5.76000 13.22424
0.96 5.76000 13.15719
0.98 5.76000 13.11599
1.0 5.76000 13.10209

0.0 6.08000 7.93241
0.02 6.08000 7.91528
0.04 6.08000 7.86451
0.06 6.08000 7.78188
0.08 6.08000 7.67033
0.1 6.08000 7.53380
0.12 6.08000 7.37714
0.14 6.08000 7.20590
0.16 6.08000 7.02613
0.18 6.08000 6.84422
0.2 6.08000 6.66659
0.22 6.08000 6.49956
0.24 6.08000 6.34903
0.26 6.08000 6.22033
0.28 6.08000 6.11803
0.3 6.08000 6.04574
0.32 6.08000 6.00604
0.34 6.08000 6.00032
0.36 6.08000 6.02879
0.38 6.08000 6.09045
0.4 6.08000 6.18310
0.42 6.08000 6.30346
0.44 6.08000 6.44727
0.46 6.08000 6.60944
0.48 6.08000 6.78422
0.5 6.08000 6.96541
0.52 6.08000 7.14661
0.54 6.08000 7.32139
0.56 6.08000 7.48356
0.58 6.08000 7.62737
0.6 6.08000 7.74773
0.62 6.08000 7.84038
0.64 6.08000 7.90203
0.66 6.08000 7.93050
0.68 6.08000 7.92479
0.7 6.08000 7.88508
0.72 6.08000 7.81280
0.74 6.08000 7.71050
0.76 6.08000 7.58180
0.78 6.08000 7.43127
0.8 6.08000 7.26423
0.82 6.08000 7.08661
0.84 6.08000 6.90470
0.86 6.08000 6.72493
0.88 6.08000 6.55369
0.9 6.08000 6.39703
0.92 6.08000 6.26050
0.94 6.08000 6.14895
0.96 6.08000 6.06632
0.98 6.08000 6.01554
1.0 6.08000 5.99841

0.0 6.40000 1.91296
0.02 6.40000 1.91628
0.04 6.40000 1.92610
0.06 6.40000 1.94208
0.08 6.40000 1.96366
0.1 6.40000 1.99006
0.12 6.40000 2.02036
0.14 6.40000 2.05349
0.16 6.40000 2.08826
0.18 6.40000 2.12344
0.2 6.40000 2.15780
0.22 6.40000 2.19011
0.24 6.40000 2.21922
0.26 6.40000 2.24411
0.28 6.40000 2.26390
0.3 6.40000 2.27788
0.32 6.40000 2.28556
0.34 6.40000 2.28667
0.36 6.40000 2.28116
0.38 6.40000 2.26924
0.4 6.40000 2.25132
0.42 6.40000 2.22804
0.44 6.40000 2.20022
0.46 6.40000 2.16885
0.48 6.40000 2.13505
0.5 6.40000 2.10000
0.52 6.40000 2.06495
0.54 6.40000 2.03115
0.56 6.40000 1.99978
0.58 6.40000 1.97196
0.6 6.40000 1.94868
0.62 6.40000 1.93076
0.64 6.40000 1.91884
0.66 6.40000 1.91333
0.68 6.40000 1.91444
0.7 6.40000 1.92212
0.72 6.40000 1.93610
0.74 6.40000 1.95589
0.76 6.40000 1.98078
0.78 6.40000 2.00989
0.8 6.40000 2.04220
0.82 6.40000 2.07656
0.84 6.40000 2.11174
0.86 6.40000 2.14651
0.88 6.40000 2.17964
0.9 6.40000 2.20994
0.92 6.40000 2.23634
0.94 6.40000 2.25792
0.96 6.40000 2.27390
0.98 6.40000 2.28372
1.0 6.40000 2.28704

0.0 6.72000 4.93176
0.02 6.72000 4.95094
0.04 6.72000 5.00779
0.06 6.72000 5.10029
0.08 6.72000 5.22518
0.1 6.72000 5.37802
0.12 6.72000 5.55341
0.14 6.72000 5.74513
0.16 6.72000 5.94638
0.18 6.72000 6.15004
0.2 6.72000 6.34890
0.22 6.72000 6.53590
0.24 6.72000 6.70443
0.26 6.72000 6.84851
0.28 6.72000 6.96304
0.3 6.72000 7.04397
0.32 6.72000 7.08841
0.34 6.72000 7.09482
0.36 6.72000 7.06294
0.38 6.72000 6.99392
0.4 6.72000 6.89019
0.42 6.72000 6.75544
0.44 6.72000 6.59444
0.46 6.72000 6.41289
0.48 6.72000 6.21722
0.5 6.72000 6.01436
0.52 6.72000 5.81150
0.54 6.72000 5.61583
0.56 6.72000 5.43427
0.58 6.72000 5.27327
0.6 6.72000 5.13852
0.62 6.72000 5.03480
0.64 6.72000 4.96578
0.66 6.72000 4.93390
0.68 6.72000 4.94030
0.7 6.72000 4.98475
0.72 6.72000 5.06567
0.74 6.72000 5.18020
0.76 6.72000 5.32429
0.78 6.72000 5.49281
0.8 6.72000 5.67982
0.82 6.72000 5.87867
0.84 6.72000 6.08233
0.86 6.72000 6.28359
0.88 6.72000 6.47530
0.9 6.72000 6.65069
0.92 6.72000 6.80353
0.94 6.72000 6.92842
0.96 6.72000 7.02093
0.98 6.72000 7.07778
1.0 6.72000 7.09695

0.0 7.04000 12.81693
0.02 7.04000 12.82547
0.04 7.04000 12.85078
0.06 7.04000 12.89197
0.08 7.04000 12.94758
0.1 7.04000 13.01564
0.12 7.04000 13.09373
0.14 7.04000 13.17910
0.16 7.04000 13.26871
0.18 7.04000 13.35939
0.2 7.04000 13.44794
0.22 7.04000 13.53120
0.24 7.04000 13.60624
0.26 7.04000 13.67040
0.28 7.04000 13.72140
0.3 7.04000 13.75743
0.32 7.04000 13.77722
0.34 7.04000 13.78007
0.36 7.04000 13.76588
0.38 7.04000 13.73514
0.4 7.04000 13.68896
0.42 7.04000 13.62896
0.44 7.04000 13.55727
0.46 7.04000 13.47643
0.48 7.04000 13.38930
0.5 7.04000 13.29898
0.52 7.04000 13.20865
0.54 7.04000 13.12153
0.56 7.04000 13.04069
0.58 7.04000 12.96900
0.6 7.04000 12.90900
0.62 7.04000 12.86281
0.64 7.04000 12.83208
0.66 7.04000 12.81789
0.68 7.04000 12.82074
0.7 7.04000 12.84053
0.72 7.04000 12.87656
0.74 7.04000 12.92756
0.76 7.04000 12.99171
0.78 7.04000 13.06675
0.8 7.04000 13.15002
0.82 7.04000 13.23856
0.84 7.04000 13.32925
0.86 7.04000 13.41886
0.88 7.04000 13.50422
0.9 7.04000 13.58232
0.92 7.04000 13.65037
0.94 7.04000 13.70598
0.96 7.04000 13.74717
0.98 7.04000 13.77248
1.0 7.04000 13.78102

0.0 7.36000 14.67144
0.02 7.36000 14.65754
0.04 7.36000 14.61633
0.06 7.36000 14.54929
0.08 7.36000 14.45877
0.1 7.36000 14.34798
0.12 7.36000 14.22086
0.14 7.36000 14.08190
0.16 7.36000 13.93603
0.18 7.36000 13.78842
0.2 7.36000 13.64428
0.22 7.36000 13.50874
0.24 7.36000 13.38659
0.26 7.36000 13.28216
0.28 7.36000 13.19915
0.3 7.36000 13.14049
0.32 7.36000 13.10828
0.34 7.36000 13.10364
0.36 7.36000 13.12674
0.38 7.36000 13.17677
0.4 7.36000 13.25195
0.42 7.36000 13.34962
0.44 7.36000 13.46631
0.46 7.36000 13.59790
0.48 7.36000 13.73973
0.5 7.36000 13.88676
0.52 7.36000 14.03380
0.54 7.36000 14.17562
0.56 7.36000 14.30721
0.58 7.36000 14.42391
0.6 7.36000 14.52158
0.62 7.36000 14.59676
0.64 7.36000 14.64679
0.66 7.36000 14.66989
0.68 7.36000 14.66525
0.7 7.36000 14.63303
0.72 7.36000 14.57438
0.74 7.36000 14.49137
0.76 7.36000 14.38693
0.78 7.36000 14.26478
0.8 7.36000 14.12924
0.82 7.36000 13.98511
0.84 7.36000 13.83749
0.86 7.36000 13.69162
0.88 7.36000 13.55266
0.9 7.36000 13.42554
0.92 7.36000 13.31476
0.94 7.36000 13.22424
0.96 7.36000 13.15719
0.98 7.36000 13.11599
1.0 7.36000 13.10209

0.0 7.68000 7.93241
0.02 7.68000 7.91528
0.04 7.68000 7.86451
0.06 7.68000 7.78188
0.08 7.68000 7.67033
0.1 7.68000 7.53380
0.12 7.68000 7.37714
0.14 7.68000 7.20590
0.16 7.68000 7.02613
0.18 7.68000 6.84422
0.2 7.68000 6.66659
0.22 7.68000 6.49956
0.24 7.68000 6.34903
0.26 7.68000 6.22033
0.28 7.68000 6.11803
0.3 7.68000 6.04574
0.32 7.68000 6.00604
0.34 7.68000 6.00032
0.36 7.68000 6.02879
0.38 7.68000 6.09045
0.4 7.68000 6.18310
0.42 7.68000 6.30346
0.44 7.68000 6.44727
0.46 7.68000 6.60944
0.48 7.68000 6.78422
0.5 7.68000 6.96541
0.52 7.68000 7.14661
0.54 7.68000 7.32139
0.56 7.68000 7.48356
0.58 7.68000 7.62737
0.6 7.68000 7.74773
0.62 7.68000 7.84038
0.64 7.68000 7.90203
0.66 7.68000 7.93050
0.68 7.68000 7.92479
0.7 7.68000 7.88508
0.72 7.68000 7.81280
0.74 7.68000 7.71050
0.76 7.68000 7.58180
0.78 7.68000 7.43127
0.8 7.68000 7.26423
0.82 7.68000 7.08661
0.84 7.68000 6.90470
0.86 7.68000 6.72493
0.88 7.68000 6.55369
0.9 7.68000 6.39703
0.92 7.68000 6.26050
0.94 7.68000 6.14895
0.96 7.68000 6.06632
0.98 7.68000 6.01554
1.0 7.68000 5.99841

0.0 8.00000 1.91296
0.02 8.00000 1.91628
0.04 8.00000 1.92610
0.06 8.00000 1.94208
0.08 8.00000 1.96366
0.1 8.00000 1.99006
0.12 8.00000 2.02036
0.14 8.00000 2.05349
0.16 8.00000 2.08826
0.18 8.00000 2.12344
0.2 8.00000 2.15780
0.22 8.00000 2.19011
0.24 8.00000 2.21922
0.26 8.00000 2.24411
0.28 8.00000 2.26390
0.3 8.00000 2.27788
0.32 8.00000 2.28556
0.34 8.00000 2.28667
0.36 8.00000 2.28116
0.38 8.00000 2.26924
0.4 8.00000 2.25132
0.42 8.00000 2.22804
0.44 8.00000 2.20022
0.46 8.00000 2.16885
0.48 8.00000 2.13505
0.5 8.00000 2.10000
0.52 8.00000 2.06495
0.54 8.00000 2.03115
0.56 8.00000 1.99978
0.58 8.00000 1.97196
0.6 8.00000 1.94868
0.62 8.00000 1.93076
0.64 8.00000 1.91884
0.66 8.00000 1.91333
0.68 8.00000 1.91444
0.7 8.00000 1.92212
0.72 8.00000 1.93610
0.74 8.00000 1.95589
0.76 8.00000 1.98078
0.78 8.00000 2.00989
0.8 8.00000 2.04220
0.82 8.00000 2.07656
0.84 8.00000 2.11174
0.86 8.00000 2.14651
0.88 8.00000 2.17964
0.9 8.00000 2.20994
0.92 8.00000 2.23634
0.94 8.00000 2.25792
0.96 8.00000 2.27390
0.98 8.00000 2.28372
1.0 8.00000 2.28704

0.0 8.32000 4.93176
0.02 8.32000 4.95094
0.04 8.32000 5.00779
0.06 8.32000 5.10029
0.08 8.32000 5.22518
0.1 8.32000 5.37802
0.12 8.32000 5.55341
0.14 8.32000 5.74513
0.16 8.32000 5.94638
0.18 8.32000 6.15004
0.2 8.32000 6.34890
0.22 8.32000 6.53590
0.24 8.32000 6.70443
0.26 8.32000 6.84851
0.28 8.32000 6.96304
0.3 8.32000 7.04397
0.32 8.32000 7.08841
0.34 8.32000 7.09482
0.36 8.32000 7.06294
0.38 8.32000 6.99392
0.4 8.32000 6.89019
0.42 8.32000 6.75544
0.44 8.32000 6.59444
0.46 8.32000 6.41289
0.48 8.32000 6.21722
0.5 8.32000 6.01436
0.52 8.32000 5.81150
0.54 8.32000 5.61583
0.56 8.32000 5.43427
0.58 8.32000 5.27327
0.6 8.32000 5.13852
0.62 8.32000 5.03480
0.64 8.32000 4.96578
0.66 8.32000 4.93390
0.68 8.32000 4.94030
0.7 8.32000 4.98475
0.72 8.32000 5.06567
0.74 8.32000 5.18020
0.76 8.32000 5.32429
0.78 8.32000 5.49281
0.8 8.32000 5.67982
0.82 8.32000 5.87867
0.84 8.32000 6.08233
0.86 8.32000 6.28359
0.88 8.32000 6.47530
0.9 8.32000 6.65069
0.92 8.32000 6.80353
0.94 8.32000 6.92842
0.96 8.32000 7.02093
0.98 8.32000 7.07778
1.0 8.32000 7.09695

0.0 8.64000 12.81693
0.02 8.64000 12.82547
0.04 8.64000 12.85078
0.06 8.64000 12.89197
0.08 8.64000 12.94758
0.1 8.64000 13.01564
0.12 8.64000 13.09373
0.14 8.64000 13.17910
0.16 8.64000 13.26871
0.18 8.64000 13.35939
0.2 8.64000 13.44794
0.22 8.64000 13.53120
0.24 8.64000 13.60624
0.26 8.64000 13.67040
0.28 8.64000 13.72140
0.3 8.64000 13.75743
0.32 8.64000 13.77722
0.34 8.64000 13.78007
0.36 8.64000 13.76588
0.38 8.64000 13.73514
0.4 8.64000 13.68896
0.42 8.64000 13.62896
0.44 8.64000 13.55727
0.46 8.64000 13.47643
0.48 8.64000 13.38930
0.5 8.64000 13.29898
0.52 8.64000 13.20865
0.54 8.64000 13.12153
0.56 8.64000 13.04069
0.58 8.64000 12.96900
0.6 8.64000 12.90900
0.62 8.64000 12.86281
0.64 8.64000 12.83208
0.66 8.64000 12.81789
0.68 8.64000 12.82074
0.7 8.64000 12.84053
0.72 8.64000 12.87656
0.74 8.64000 12.92756
0.76 8.64000 12.99171
0.78 8.64000 13.06675
0.8 8.64000 13.15002
0.82 8.64000 13.23856
0.84 8.64000 13.32925
0.86 8.64000 13.41886
0.88 8.64000 13.50422
0.9 8.64000 13.58232
0.92 8.64000 13.65037
0.94 8.64000 13.70598
0.96 8.64000 13.74717
0.98 8.64000 13.77248
1.0 8.64000 13.78102

0.0 8.96000 14.67144
0.02 8.96000 14.65754
0.04 8.96000 14.61633
0.06 8.96000 14.54929
0.08 8.96000 14.45877
0.1 8.96000 14.34798
0.12 8.96000 14.22086
0.14 8.96000 14.08190
0.16 8.96000 13.93603
0.18 8.96000 13.78842
0.2 8.96000 13.64428
0.22 8.96000 13.50874
0.24 8.96000 13.38659
0.26 8.96000 13.28216
0.28 8.96000 13.19915
0.3 8.96000 13.14049
0.32 8.96000 13.10828
0.34 8.96000 13.10364
0.36 8.96000 13.12674
0.38 8.96000 13.17677
0.4 8.96000 13.25195
0.42 8.96000 13.34962
0.44 8.96000 13.46631
0.46 8.96000 13.59790
0.48 8.96000 13.73973
0.5 8.96000 13.88676
0.52 8.96000 14.03380
0.54 8.96000 14.17562
0.56 8.96000 14.30721
0.58 8.96000 14.42391
0.6 8.96000 14.52158
0.62 8.96000 14.59676
0.64 8.96000 14.64679
0.66 8.96000 14.66989
0.68 8.96000 14.66525
0.7 8.96000 14.63303
0.72 8.96000 14.57438
0.74 8.96000 14.49137
0.76 8.96000 14.38693
0.78 8.96000 14.26478
0.8 8.96000 14.12924
0.82 8.96000 13.98511
0.84 8.96000 13.83749
0.86 8.96000 13.69162
0.88 8.96000 13.55266
0.9 8.96000 13.42554
0.92 8.96000 13.31476
0.94 8.96000 13.22424
0.96 8.96000 13.15719
0.98 8.96000 13.11599
1.0 8.96000 13.10209

0.0 9.28000 7.93241
0.02 9.28000 7.91528
0.04 9.28000 7.86451
0.06 9.28000 7.78188
0.08 9.28000 7.67033
0.1 9.28000 7.53380
0.12 9.28000 7.37714
0.14 9.28000 7.20590
0.16 9.28000 7.02613
0.18 9.28000 6.84422
0.2 9.28000 6.66659
0.22 9.28000 6.49956
0.24 9.28000 6.34903
0.26 9.28000 6.22033
0.28 9.28000 6.11803
0.3 9.28000 6.04574
0.32 9.28000 6.00604
0.34 9.28000 6.00032
0.36 9.28000 6.02879
0.38 9.28000 6.09045
0.4 9.28000 6.18310
0.42 9.28000 6.30346
0.44 9.28000 6.44727
0.46 9.28000 6.60944
0.48 9.28000 6.78422
0.5 9.28000 6.96541
0.52 9.28000 7.14661
0.54 9.28000 7.32139
0.56 9.28000 7.48356
0.58 9.28000 7.62737
0.6 9.28000 7.74773
0.62 9.28000 7.84038
0.64 9.28000 7.90203
0.66 9.28000 7.93050
0.68 9.28000 7.92479
0.7 9.28000 7.88508
0.72 9.28000 7.81280
0.74 9.28000 7.71050
0.76 9.28000 7.58180
0.78 9.28000 7.43127
0.8 9.28000 7.26423
0.82 9.28000 7.08661
0.84 9.28000 6.90470
0.86 9.28000 6.72493
0.88 9.28000 6.55369
0.9 9.28000 6.39703
0.92 9.28000 6.26050
0.94 9.28000 6.14895
0.96 9.28000 6.06632
0.98 9.28000 6.01554
1.0 9.28000 5.99841

0.0 9.60000 1.91296
0.02 9.60000 1.91628
0.04 9.60000 1.92610
0.06 9.60000 1.94208
0.08 9.60000 1.96366
0.1 9.60000 1.99006
0.12 9.60000 2.02036
0.14 9.60000 2.05349
0.16 9.60000 2.08826
0.18 9.60000 2.12344
0.2 9.60000 2.15780
0.22 9.60000 2.19011
0.24 9.60000 2.21922
0.26 9.60000 2.24411
0.28 9.60000 2.26390
0.3 9.60000 2.27788
0.32 9.60000 2.28556
0.34 9.60000 2.28667
0.36 9.60000 2.28116
0.38 9.60000 2.26924
0.4 9.60000 2.25132
0.42 9.60000 2.22804
0.44 9.60000 2.20022
0.46 9.60000 2.16885
0.48 9.60000 2.13505
0.5 9.60000 2.10000
0.52 9.60000 2.06495
0.54 9.60000 2.03115
0.56 9.60000 1.99978
0.58 9.60000 1.97196
0.6 9.60000 1.94868
0.62 9.60000 1.93076
0.64 9.60000 1.91884
0.66 9.60000 1.91333
0.68 9.60000 1.91444
0.7 9.60000 1.92212
0.72 9.60000 1.93610
0.74 9.60000 1.95589
0.76 9.60000 1.98078
0.78 9.60000 2.00989
0.8 9.60000 2.04220
0.82 9.60000 2.07656
0.84 9.60000 2.11174
0.86 9.60000 2.14651
0.88 9.60000 2.17964
0.9 9.60000 2.20994
0.92 9.60000 2.23634
0.94 9.60000 2.25792
0.96 9.60000 2.27390
0.98 9.60000 2.28372
1.0 9.60000 2.28704

0.0 9.92000 4.93176
0.02 9.92000 4.95094
0.04 9.92000 5.00779
0.06 9.92000 5.10029
0.08 9.92000 5.22518
0.1 9.92000 5.37802
0.12 9.92000 5.55341
0.14 9.92000 5.74513
0.16 9.92000 5.94638
0.18 9.92000 6.15004
0.2 9.92000 6.34890
0.22 9.92000 6.53590
0.24 9.92000 6.70443
0.26 9.92000 6.84851
0.28 9.92000 6.96304
0.3 9.92000 7.04397
0.32 9.92000 7.08841
0.34 9.92000 7.09482
0.36 9.92000 7.06294
0.38 9.92000 6.99392
0.4 9.92000 6.89019
0.42 9.92000 6.75544
0.44 9.92000 6.59444
0.46 9.92000 6.41289
0.48 9.92000 6.21722
0.5 9.92000 6.01436
0.52 9.92000 5.81150
0.54 9.92000 5.61583
0.56 9.92000 5.43427
0.58 9.92000 5.27327
0.6 9.92000 5.13852
0.62 9.92000 5.03480
0.64 9.92000 4.96578
0.66 9.92000 4.93390
0.68 9.92000 4.94030
0.7 9.92000 4.98475
0.72 9.92000 5.06567
0.74 9.92000 5.18020
0.76 9.92000 5.32429
0.78 9.92000 5.49281
0.8 9.92000 5.67982
0.82 9.92000 5.87867
0.84 9.92000 6.08233
0.86 9.92000 6.28359
0.88 9.92000 6.47530
0.9 9.92000 6.65069
0.92 9.92000 6.80353
0.94 9.92000 6.92842
0.96 9.92000 7.02093
0.98 9.92000 7.07778
1.0 9.92000 7.09695

0.0 10.24000 12.81693
0.02 10.24000 12.82547
0.04 10.24000 12.85078
0.06 10.24000 12.89197
0.08 10.24000 12.94758
0.1 10.24000 13.01564
0.12 10.24000 13.09373
0.14 10.24000 13.17910
0.16 10.24000 13.26871
0.18 10.24000 13.35939
0.2 10.24000 13.44794
0.22 10.24000 13.53120
0.24 10.24000 13.60624
0.26 10.24000 13.67040
0.28 10.24000 13.72140
0.3 10.24000 13.75743
0.32 10.24000 13.77722
0.34 10.24000 13.78007
0.36 10.24000 13.76588
0.38 10.24000 13.73514
0.4 10.24000 13.68896
0.42 10.24000 13.62896
0.44 10.24000 13.55727
0.46 10.24000 13.47643
0.48 10.24000 13.38930
0.5 10.24000 13.29898
0.52 10.24000 13.20865
0.54 10.24000 13.12153
0.56 10.24000 13.04069
0.58 10.24000 12.96900
0.6 10.24000 12.90900
0.62 10.24000 12.86281
0.64 10.24000 12.83208
0.66 10.24000 12.81789
0.68 10.24000 12.82074
0.7 10.24000 12.84053
0.72 10.24000 12.87656
0.74 10.24000 12.92756
0.76 10.24000 12.99171
0.78 10.24000 13.06675
0.8 10.24000 13.15002
0.82 10.24000 13.23856
0.84 10.24000 13.32925
0.86 10.24000 13.41886
0.88 10.24000 13.50422
0.9 10.24000 13.58232
0.92 10.24000 13.65037
0.94 10.24000 13.70598
0.96 10.24000 13.74717
0.98 10.24000 13.77248
1.0 10.24000 13.78102

0.0 10.56000 14.67144
0.02 10.56000 14.65754
0.04 10.56000 14.61633
0.06 10.56000 14.54929
0.08 10.56000 14.45877
0.1 10.56000 14.34798
0.12 10.56000 14.22086
0.14 10.56000 14.08190
0.16 10.56000 13.93603
0.18 10.56000 13.78842
0.2 10.56000 13.64428
0.22 10.56000 13.50874
0.24 10.56000 13.38659
0.26 10.56000 13.28216
0.28 10.56000 13.19915
0.3 10.56000 13.14049
0.32 10.56000 13.10828
0.34 10.56000 13.10364
0.36 10.56000 13.12674
0.38 10.56000 13.17677
0.4 10.56000 13.25195
0.42 10.56000 13.34962
0.44 10.56000 13.46631
0.46 10.56000 13.59790
0.48 10.56000 13.73973
0.5 10.56000 13.88676
0.52 10.56000 14.03380
0.54 10.56000 14.17562
0.56 10.56000 14.30721
0.58 10.56000 14.42391
0.6 10.56000 14.52158
0.62 10.56000 14.59676
0.64 10.56000 14.64679
0.66 10.56000 14.66989
0.68 10.56000 14.66525
0.7 10.56000 14.63303
0.72 10.56000 14.57438
0.74 10.56000 14.49137
0.76 10.56000 14.38693
0.78 10.56000 14.26478
0.8 10.56000 14.12924
0.82 10.56000 13.98511
0.84 10.56000 13.83749
0.86 10.56000 13.69162
0.88 10.56000 13.55266
0.9 10.56000 13.42554
0.92 10.56000 13.31476
0.94 10.56000 13.22424
0.96 10.56000 13.15719
0.98 10.56000 13.11599
1.0 10.56000 13.10209

0.0 10.88000 7.93241
0.02 10.88000 7.91528
0.04 10.88000 7.86451
0.06 10.88000 7.78188
0.08 10.88000 7.67033
0.1 10.88000 7.53380
0.12 10.88000 7.37714
0.14 10.88000 7.20590
0.16 10.88000 7.02613
0.18 10.88000 6.84422
0.2 10.88000 6.66659
0.22 10.88000 6.49956
0.24 10.88000 6.34903
0.26 10.88000 6.22033
0.28 10.88000 6.11803
0.3 10.88000 6.04574
0.32 10.88000 6.00604
0.34 10.88000 6.00032
0.36 10.88000 6.02879
0.38 10.88000 6.09045
0.4 10.88000 6.18310
0.42 10.88000 6.30346
0.44 10.88000 6.44727
0.46 10.88000 6.60944
0.48 10.88000 6.78422
0.5 10.88000 6.96541
0.52 10.88000 7.14661
0.54 10.88000 7.32139
0.56 10.88000 7.48356
0.58 10.88000 7.62737
0.6 10.88000 7.74773
0.62 10.88000 7.84038
0.64 10.88000 7.90203
0.66 10.88000 7.93050
0.68 10.88000 7.92479
0.7 10.88000 7.88508
0.72 10.88000 7.81280
0.74 10.88000 7.71050
0.76 10.88000 7.58180
0.78 10.88000 7.43127
0.8 10.88000 7.26423
0.82 10.88000 7.08661
0.84 10.88000 6.90470
0.86 10.88000 6.72493
0.88 10.88000 6.55369
0.9 10.88000 6.39703
0.92 10.88000 6.26050
0.94 10.88000 6.14895
0.96 10.88000 6.06632
0.98 10.88000 6.01554
1.0 10.88000 5.99841

0.0 11.20000 1.91296
0.02 11.20000 1.91628
0.04 11.20000 1.92610
0.06 11.20000 1.94208
0.08 11.20000 1.96366
0.1 11.20000 1.99006
0.12 11.20000 2.02036
0.14 11.20000 2.05349
0.16 11.20000 2.08826
0.18 11.20000 2.12344
0.2 11.20000 2.15780
0.22 11.20000 2.19011
0.24 11.20000 2.21922
0.26 11.20000 2.24411
0.28 11.20000 2.26390
0.3 11.20000 2.27788
0.32 11.20000 2.28556
0.34 11.20000 2.28667
0.36 11.20000 2.28116
0.38 11.20000 2.26924
0.4 11.20000 2.25132
0.42 11.20000 2.22804
0.44 11.20000 2.20022
0.46 11.20000 2.16885
0.48 11.20000 2.13505
0.5 11.20000 2.10000
0.52 11.20000 2.06495
0.54 11.20000 2.03115
0.56 11.20000 1.99978
0.58 11.20000 1.97196
0.6 11.20000 1.94868
0.62 11.20000 1.93076
0.64 11.20000 1.91884
0.66 11.20000 1.91333
0.68 11.20000 1.91444
0.7 11.20000 1.92212
0.72 11.20000 1.93610
0.74 11.20000 1.95589
0.76 11.20000 1.98078
0.78 11.20000 2.00989
0.8 11.20000 2.04220
0.82 11.20000 2.07656
0.84 11.20000 2.11174
0.86 11.20000 2.14651
0.88 11.20000 2.17964
0.9 11.20000 2.20994
0.92 11.20000 2.23634
0.94 11.20000 2.25792
0.96 11.20000 2.27390
0.98 11.20000 2.28372
1.0 11.20000 2.28704

0.0 11.52000 4.93176
0.02 11.52000 4.95094
0.04 11.52000 5.00779
0.06 11.52000 5.10029
0.08 11.52000 5.22518
0.1 11.52000 5.37802
0.12 11.52000 5.55341
0.14 11.52000 5.74513
0.16 11.52000 5.94638
0.18 11.52000 6.15004
0.2 11.52000 6.34890
0.22 11.52000 6.53590
0.24 11.52000 6.70443
0.26 11.52000 6.84851
0.28 11.52000 6.96304
0.3 11.52000 7.04397
0.32 11.52000 7.08841
0.34 11.52000 7.09482
0.36 11.52000 7.06294
0.38 11.52000 6.99392
0.4 11.52000 6.89019
0.42 11.52000 6.75544
0.44 11.52000 6.59444
0.46 11.52000 6.41289
0.48 11.52000 6.21722
0.5 11.52000 6.01436
0.52 11.52000 5.81150
0.54 11.52000 5.61583
0.56 11.52000 5.43427
0.58 11.52000 5.27327
0.6 11.52000 5.13852
0.62 11.52000 5.03480
0.64 11.52000 4.96578
0.66 11.52000 4.93390
0.68 11.52000 4.94030
0.7 11.52000 4.98475
0.72 11.52000 5.06567
0.74 11.52000 5.18020
0.76 11.52000 5.32429
0.78 11.52000 5.49281
0.8 11.52000 5.67982
0.82 11.52000 5.87867
0.84 11.52000 6.08233
0.86 11.52000 6.28359
0.88 11.52000 6.47530
0.9 11.52000 6.65069
0.92 11.52000 6.80353
0.94 11.52000 6.92842
0.96 11.52000 7.02093
0.98 11.52000 7.07778
1.0 11.52000 7.09695

0.0 11.84000 12.81693
0.02 11.84000 12.82547
0.04 11.84000 12.85078
0.06 11.84000 12.89197
0.08 11.84000 12.94758
0.1 11.84000 13.01564
0.12 11.84000 13.09373
0.14 11.84000 13.17910
0.16 11.84000 13.26871
0.18 11.84000 13.35939
0.2 11.84000 13.44794
0.22 11.84000 13.53120
0.24 11.84000 13.60624
0.26 11.84000 13.67040
0.28 11.84000 13.72140
0.3 11.84000 13.75743
0.32 11.84000 13.77722
0.34 11.84000 13.78007
0.36 11.84000 13.76588
0.38 11.84000 13.73514
0.4 11.84000 13.68896
0.42 11.84000 13.62896
0.44 11.84000 13.55727
0.46 11.84000 13.47643
0.48 11.84000 13.38930
0.5 11.84000 13.29898
0.52 11.84000 13.20865
0.54 11.84000 13.12153
0.56 11.84000 13.04069
0.58 11.84000 12.96900
0.6 11.84000 12.90900
0.62 11.84000 12.86281
0.64 11.84000 12.83208
0.66 11.84000 12.81789
0.68 11.84000 12.82074
0.7 11.84000 12.84053
0.72 11.84000 12.87656
0.74 11.84000 12.92756
0.76 11.84000 12.99171
0.78 11.84000 13.06675
0.8 11.84000 13.15002
0.82 11.84000 13.23856
0.84 11.84000 13.32925
0.86 11.84000 13.41886
0.88 11.84000 13.50422
0.9 11.84000 13.58232
0.92 11.84000 13.65037
0.94 11.84000 13.70598
0.96 11.84000 13.74717
0.98 11.84000 13.77248
1.0 11.84000 13.78102

0.0 12.16000 14.67144
0.02 12.16000 14.65754
0.04 12.16000 14.61633
0.06 12.16000 14.54929
0.08 12.16000 14.45877
0.1 12.16000 14.34798
0.12 12.16000 14.22086
0.14 12.16000 14.08190
0.16 12.16000 13.93603
0.18 12.16000 13.78842
0.2 12.16000 13.64428
0.22 12.16000 13.50874
0.24 12.16000 13.38659
0.26 12.16000 13.28216
0.28 12.16000 13.19915
0.3 12.16000 13.14049
0.32 12.16000 13.10828
0.34 12.16000 13.10364
0.36 12.16000 13.12674
0.38 12.16000 13.17677
0.4 12.16000 13.25195
0.42 12.16000 13.34962
0.44 12.16000 13.46631
0.46 12.16000 13.59790
0.48 12.16000 13.73973
0.5 12.16000 13.88676
0.52 12.16000 14.03380
0.54 12.16000 14.17562
0.56 12.16000 14.30721
0.58 12.16000 14.42391
0.6 12.16000 14.52158
0.62 12.16000 14.59676
0.64 12.16000 14.64679
0.66 12.16000 14.66989
0.68 12.16000 14.66525
0.7 12.16000 14.63303
0.72 12.16000 14.57438
0.74 12.16000 14.49137
0.76 12.16000 14.38693
0.78 12.16000 14.26478
0.8 12.16000 14.12924
0.82 12.16000 13.98511
0.84 12.16000 13.83749
0.86 12.16000 13.69162
0.88 12.16000 13.55266
0.9 12.16000 13.42554
0.92 12.16000 13.31476
0.94 12.16000 13.22424
0.96 12.16000 13.15719
0.98 12.16000 13.11599
1.0 12.16000 13.10209

0.0 12.48000 7.93241
0.02 12.48000 7.91528
0.04 12.48000 7.86451
0.06 12.48000 7.78188
0.08 12.48000 7.67033
0.1 12.48000 7.53380
0.12 12.48000 7.37714
0.14 12.48000 7.20590
0.16 12.48000 7.02613
0.18 12.48000 6.84422
0.2 12.48000 6.66659
0.22 12.48000 6.49956
0.24 12.48000 6.34903
0.26 12.48000 6.22033
0.28 12.48000 6.11803
0.3 12.48000 6.04574
0.32 12.48000 6.00604
0.34 12.48000 6.00032
0.36 12.48000 6.02879
0.38 12.48000 6.09045
0.4 12.48000 6.18310
0.42 12.48000 6.30346
0.44 12.48000 6.44727
0.46 12.48000 6.60944
0.48 12.48000 6.78422
0.5 12.48000 6.96541
0.52 12.48000 7.14661
0.54 12.48000 7.32139
0.56 12.48000 7.48356
0.58 12.48000 7.62737
0.6 12.48000 7.74773
0.62 12.48000 7.84038
0.64 12.48000 7.90203
0.66 12.48000 7.93050
0.68 12.48000 7.92479
0.7 12.48000 7.88508
0.72 12.48000 7.81280
0.74 12.48000 7.71050
0.76 12.48000 7.58180
0.78 12.48000 7.43127
0.8 12.48000 7.26423
0.82 12.48000 7.08661
0.84 12.48000 6.90470
0.86 12.48000 6.72493
0.88 12.48000 6.55369
0.9 12.48000 6.39703
0.92 12.48000 6.26050
0.94 12.48000 6.14895
0.96 12.48000 6.06632
0.98 12.48000 6.01554
1.0 12.48000 5.99841

0.0 12.80000 1.91296
0.02 12.80000 1.91628
0.04 12.80000 1.92610
0.06 12.80000 1.94208
0.08 12.80000 1.96366
0.1 12.80000 1.99006
0.12 12.80000 2.02036
0.14 12.80000 2.05349
0.16 12.80000 2.08826
0.18 12.80000 2.12344
0.2 12.80000 2.15780
0.22 12.80000 2.19011
0.24 12.80000 2.21922
0.26 12.80000 2.24411
0.28 12.80000 2.26390
0.3 12.80000 2.27788
0.32 12.80000 2.28556
0.34 12.80000 2.28667
0.36 12.80000 2.28116
0.38 12.80000 2.26924
0.4 12.80000 2.25132
0.42 12.80000 2.22804
0.44 12.80000 2.20022
0.46 12.80000 2.16885
0.48 12.80000 2.13505
0.5 12.80000 2.10000
0.52 12.80000 2.06495
0.54 12.80000 2.03115
0.56 12.80000 1.99978
0.58 12.80000 1.97196
0.6 12.80000 1.94868
0.62 12.80000 1.93076
0.64 12.80000 1.91884
0.66 12.80000 1.91333
0.68 12.80000 1.91444
0.7 12.80000 1.92212
0.72 12.80000 1.93610
0.74 12.80000 1.95589
0.76 12.80000 1.98078
0.78 12.80000 2.00989
0.8 12.80000 2.04220
0.82 12.80000 2.07656
0.84 12.80000 2.11174
0.86 12.80000 2.14651
0.88 12.80000 2.17964
0.9 12.80000 2.20994
0.92 12.80000 2.23634
0.94 12.80000 2.25792
0.96 12.80000 2.27390
0.98 12.80000 2.28372
1.0 12.80000 2.28704

0.0 13.12000 4.93176
0.02 13.12000 4.95094
0.04 13.12000 5.00779
0.06 13.12000 5.10029
0.08 13.12000 5.22518
0.1 13.12000 5.37802
0.12 13.12000 5.55341
0.14 13.12000 5.74513
0.16 13.12000 5.94638
0.18 13.12000 6.15004
0.2 13.12000 6.34890
0.22 13.12000 6.53590
0.24 13.12000 6.70443
0.26 13.12000 6.84851
0.28 13.12000 6.96304
0.3 13.12000 7.04397
0.32 13.12000 7.08841
0.34 13.12000 7.09482
0.36 13.12000 7.06294
0.38 13.12000 6.99392
0.4 13.12000 6.89019
0.42 13.12000 6.75544
0.44 13.12000 6.59444
0.46 13.12000 6.41289
0.48 13.12000 6.21722
0.5 13.12000 6.01436
0.52 13.12000 5.81150
0.54 13.12000 5.61583
0.56 13.12000 5.43427
0.58 13.12000 5.27327
0.6 13.12000 5.13852
0.62 13.12000 5.03480
0.64 13.12000 4.96578
0.66 13.12000 4.93390
0.68 13.12000 4.94030
0.7 13.12000 4.98475
0.72 13.12000 5.06567
0.74 13.12000 5.18020
0.76 13.12000 5.32429
0.78 13.12000 5.49281
0.8 13.12000 5.67982
0.82 13.12000 5.87867
0.84 13.12000 6.08233
0.86 13.12000 6.28359
0.88 13.12000 6.47530
0.9 13.12000 6.65069
0.92 13.12000 6.80353
0.94 13.12000 6.92842
0.96 13.12000 7.02093
0.98 13.12000 7.07778
1.0 13.12000 7.09695

0.0 13.44000 12.81693
0.02 13.44000 12.82547
0.04 13.44000 12.85078
0.06 13.44000 12.89197
0.08 13.44000 12.94758
0.1 13.44000 13.01564
0.12 13.44000 13.09373
0.14 13.44000 13.17910
0.16 13.44000 13.26871
0.18 13.44000 13.35939
0.2 13.44000 13.44794
0.22 13.44000 13.53120
0.24 13.44000 13.60624
0.26 13.44000 13.67040
0.28 13.44000 13.72140
0.3 13.44000 13.75743
0.32 13.44000 13.77722
0.34 13.44000 13.78007
0.36 13.44000 13.76588
0.38 13.44000 13.73514
0.4 13.44000 13.68896
0.42 13.44000 13.62896
0.44 13.44000 13.55727
0.46 13.44000 13.47643
0.48 13.44000 13.38930
0.5 13.44000 13.29898
0.52 13.44000 13.20865
0.54 13.44000 13.12153
0.56 13.44000 13.04069
0.58 13.44000 12.96900
0.6 13.44000 12.90900
0.62 13.44000 12.86281
0.64 13.44000 12.83208
0.66 13.44000 12.81789
0.68 13.44000 12.82074
0.7 13.44000 12.84053
0.72 13.44000 12.87656
0.74 13.44000 12.92756
0.76 13.44000 12.99171
0.78 13.44000 13.06675
0.8 13.44000 13.15002
0.82 13.44000 13.23856
0.84 13.44000 13.32925
0.86 13.44000 13.41886
0.88 13.44000 13.50422
0.9 13.44000 13.58232
0.92 13.44000 13.65037
0.94 13.44000 13.70598
0.96 13.44000 13.74717
0.98 13.44000 13.77248
1.0 13.44000 13.78102

0.0 13.76000 14.67144
0.02 13.76000 14.65754
0.04 13.76000 14.61633
0.06 13.76000 14.54929
0.08 13.76000 14.45877
0.1 13.76000 14.34798
0.12 13.76000 14.22086
0.14 13.76000 14.08190
0.16 13.76000 13.93603
0.18 13.76000 13.78842
0.2 13.76000 13.64428
0.22 13.76000 13.50874
0.24 13.76000 13.38659
0.26 13.76000 13.28216
0.28 13.76000 13.19915
0.3 13.76000 13.14049
0.32 13.76000 13.10828
0.34 13.76000 13.10364
0.36 13.76000 13.12674
0.38 13.76000 13.17677
0.4 13.76000 13.25195
0.42 13.76000 13.34962
0.44 13.76000 13.46631
0.46 13.76000 13.59790
0.48 13.76000 13.73973
0.5 13.76000 13.88676
0.52 13.76000 14.03380
0.54 13.76000 14.17562
0.56 13.76000 14.30721
0.58 13.76000 14.42391
0.6 13.76000 14.52158
0.62 13.76000 14.59676
0.64 13.76000 14.64679
0.66 13.76000 14.66989
0.68 13.76000 14.66525
0.7 13.76000 14.63303
0.72 13.76000 14.57438
0.74 13.76000 14.49137
0.76 13.76000 14.38693
0.78 13.76000 14.26478
0.8 13.76000 14.12924
0.82 13.76000 13.98511
0.84 13.76000 13.83749
0.86 13.76000 13.69162
0.88 13.76000 13.55266
0.9 13.76000 13.42554
0.92 13.76000 13.31476
0.94 13.76000 13.22424
0.96 13.76000 13.15719
0.98 13.76000 13.11599
1.0 13.76000 13.10209

0.0 14.08000 7.93241
0.02 14.08000 7.91528
0.04 14.08000 7.86451
0.06 14.08000 7.78188
0.08 14.08000 7.67033
0.1 14.08000 7.53380
0.12 14.08000 7.37714
0.14 14.08000 7.20590
0.16 14.08000 7.02613
0.18 14.08000 6.84422
0.2 14.08000 6.66659
0.22 14.08000 6.49956
0.24 14.08000 6.34903
0.26 14.08000 6.22033
0.28 14.08000 6.11803
0.3 14.08000 6.04574
0.32 14.08000 6.00604
0.34 14.08000 6.00032
0.36 14.08000 6.02879
0.38 14.08000 6.09045
0.4 14.08000 6.18310
0.42 14.08000 6.30346
0.44 14.08000 6.44727
0.46 14.08000 6.60944
0.48 14.08000 6.78422
0.5 14.08000 6.96541
0.52 14.08000 7.14661
0.54 14.08000 7.32139
0.56 14.08000 7.48356
0.58 14.08000 7.62737
0.6 14.08000 7.74773
0.62 14.08000 7.84038
0.64 14.08000 7.90203
0.66 14.08000 7.93050
0.68 14.08000 7.92479
0.7 14.08000 7.88508
0.72 14.08000 7.81280
0.74 14.08000 7.71050
0.76 14.08000 7.58180
0.78 14.08000 7.43127
0.8 14.08000 7.26423
0.82 14.08000 7.08661
0.84 14.08000 6.90470
0.86 14.08000 6.72493
0.88 14.08000 6.55369
0.9 14.08000 6.39703
0.92 14.08000 6.26050
0.94 14.08000 6.14895
0.96 14.08000 6.06632
0.98 14.08000 6.01554
1.0 14.08000 5.99841

0.0 14.40000 1.91296
0.02 14.40000 1.91628
0.04 14.40000 1.92610
0.06 14.40000 1.94208
0.08 14.40000 1.96366
0.1 14.40000 1.99006
0.12 14.40000 2.02036
0.14 14.40000 2.05349
0.16 14.40000 2.08826
0.18 14.40000 2.12344
0.2 14.40000 2.15780
0.22 14.40000 2.19011
0.24 14.40000 2.21922
0.26 14.40000 2.24411
0.28 14.40000 2.26390
0.3 14.40000 2.27788
0.32 14.40000 2.28556
0.34 14.40000 2.28667
0.36 14.40000 2.28116
0.38 14.40000 2.26924
0.4 14.40000 2.25132
0.42 14.40000 2.22804
0.44 14.40000 2.20022
0.46 14.40000 2.16885
0.48 14.40000 2.13505
0.5 14.40000 2.10000
0.52 14.40000 2.06495
0.54 14.40000 2.03115
0.56 14.40000 1.99978
0.58 14.40000 1.97196
0.6 14.40000 1.94868
0.62 14.40000 1.93076
0.64 14.40000 1.91884
0.66 14.40000 1.91333
0.68 14.40000 1.91444
0.7 14.40000 1.92212
0.72 14.40000 1.93610
0.74 14.40000 1.95589
0.76 14.40000 1.98078
0.78 14.40000 2.00989
0.8 14.40000 2.04220
0.82 14.40000 2.07656
0.84 14.40000 2.11174
0.86 14.40000 2.14651
0.88 14.40000 2.17964
0.9 14.40000 2.20994
0.92 14.40000 2.23634
0.94 14.40000 2.25792
0.96 14.40000 2.27390
0.98 14.40000 2.28372
1.0 14.40000 2.28704

0.0 14.72000 4.93176
0.02 14.72000 4.95094
0.04 14.72000 5.00779
0.06 14.72000 5.10029
0.08 14.72000 5.22518
0.1 14.72000 5.37802
0.12 14.72000 5.55341
0.14 14.72000 5.74513
0.16 14.72000 5.94638
0.18 14.72000 6.15004
0.2 14.72000 6.34890
0.22 14.72000 6.53590
0.24 14.72000 6.70443
0.26 14.72000 6.84851
0.28 14.72000 6.96304
0.3 14.72000 7.04397
0.32 14.72000 7.08841
0.34 14.72000 7.09482
0.36 14.72000 7.06294
0.38 14.72000 6.99392
0.4 14.72000 6.89019
0.42 14.72000 6.75544
0.44 14.72000 6.59444
0.46 14.72000 6.41289
0.48 14.72000 6.21722
0.5 14.72000 6.01436
0.52 14.72000 5.81150
0.54 14.72000 5.61583
0.56 14.72000 5.43427
0.58 14.72000 5.27327
0.6 14.72000 5.13852
0.62 14.72000 5.03480
0.64 14.72000 4.96578
0.66 14.72000 4.93390
0.68 14.72000 4.94030
0.7 14.72000 4.98475
0.72 14.72000 5.06567
0.74 14.72000 5.18020
0.76 14.72000 5.32429
0.78 14.72000 5.49281
0.8 14.72000 5.67982
0.82 14.72000 5.87867
0.84 14.72000 6.08233
0.86 14.72000 6.28359
0.88 14.72000 6.47530
0.9 14.72000 6.65069
0.92 14.72000 6.80353
0.94 14.72000 6.92842
0.96 14.72000 7.02093
0.98 14.72000 7.07778
1.0 14.72000 7.09695

0.0 15.04000 12.81693
0.02 15.04000 12.82547
0.04 15.04000 12.85078
0.06 15.04000 12.89197
0.08 15.04000 12.94758
0.1 15.04000 13.01564
0.12 15.04000 13.09373
0.14 15.04000 13.17910
0.16 15.04000 13.26871
0.18 15.04000 13.35939
0.2 15.04000 13.44794
0.22 15.04000 13.53120
0.24 15.04000 13.60624
0.26 15.04000 13.67040
0.28 15.04000 13.72140
0.3 15.04000 13.75743
0.32 15.04000 13.77722
0.34 15.04000 13.78007
0.36 15.04000 13.76588
0.38 15.04000 13.73514
0.4 15.04000 13.68896
0.42 15.04000 13.62896
0.44 15.04000 13.55727
0.46 15.04000 13.47643
0.48 15.04000 13.38930
0.5 15.04000 13.29898
0.52 15.04000 13.20865
0.54 15.04000 13.12153
0.56 15.04000 13.04069
0.58 15.04000 12.96900
0.6 15.04000 12.90900
0.62 15.04000 12.86281
0.64 15.04000 12.83208
0.66 15.04000 12.81789
0.68 15.04000 12.82074
0.7 15.04000 12.84053
0.72 15.04000 12.87656
0.74 15.04000 12.92756
0.76 15.04000 12.99171
0.78 15.04000 13.06675
0.8 15.04000 13.15002
0.82 15.04000 13.23856
0.84 15.04000 13.32925
0.86 15.04000 13.41886
0.88 15.04000 13.50422
0.9 15.04000 13.58232
0.92 15.04000 13.65037
0.94 15.04000 13.70598
0.96 15.04000 13.74717
0.98 15.04000 13.77248
1.0 15.04000 13.78102

0.0 15.36000 14.67144
0.02 15.36000 14.65754
0.04 15.36000 14.61633
0.06 15.36000 14.54929
0.08 15.36000 14.45877
0.1 15.36000 14.34798
0.12 15.36000 14.22086
0.14 15.36000 14.08190
0.16 15.36000 13.93603
0.18 15.36000 13.78842
0.2 15.36000 13.64428
0.22 15.36000 13.50874
0.24 15.36000 13.38659
0.26 15.36000 13.28216
0.28 15.36000 13.19915
0.3 15.36000 13.14049
0.32 15.36000 13.10828
0.34 15.36000 13.10364
0.36 15.36000 13.12674
0.38 15.36000 13.17677
0.4 15.36000 13.25195
0.42 15.36000 13.34962
0.44 15.36000 13.46631
0.46 15.36000 13.59790
0.48 15.36000 13.73973
0.5 15.36000 13.88676
0.52 15.36000 14.03380
0.54 15.36000 14.17562
0.56 15.36000 14.30721
0.58 15.36000 14.42391
0.6 15.36000 14.52158
0.62 15.36000 14.59676
0.64 15.36000 14.64679
0.66 15.36000 14.66989
0.68 15.36000 14.66525
0.7 15.36000 14.63303
0.72 15.36000 14.57438
0.74 15.36000 14.49137
0.76 15.36000 14.38693
0.78 15.36000 14.26478
0.8 15.36000 14.12924
0.82 15.36000 13.98511
0.84 15.36000 13.83749
0.86 15.36000 13.69162
0.88 15.36000 13.55266
0.9 15.36000 13.42554
0.92 15.36000 13.31476
0.94 15.36000 13.22424
0.96 15.36000 13.15719
0.98 15.36000 13.11599
1.0 15.36000 13.10209

0.0 15.68000 7.93241
0.02 15.68000 7.91528
0.04 15.68000 7.86451
0.06 15.68000 7.78188
0.08 15.68000 7.67033
0.1 15.68000 7.53380
0.12 15.68000 7.37714
0.14 15.68000 7.20590
0.16 15.68000 7.02613
0.18 15.68000 6.84422
0.2 15.68000 6.66659
0.22 15.68000 6.49956
0.24 15.68000 6.34903
0.26 15.68000 6.22033
0.28 15.68000 6.11803
0.3 15.68000 6.04574
0.32 15.68000 6.00604
0.34 15.68000 6.00032
0.36 15.68000 6.02879
0.38 15.68000 6.09045
0.4 15.68000 6.18310
0.42 15.68000 6.30346
0.44 15.68000 6.44727
0.46 15.68000 6.60944
0.48 15.68000 6.78422
0.5 15.68000 6.96541
0.52 15.68000 7.14661
0.54 15.68000 7.32139
0.56 15.68000 7.48356
0.58 15.68000 7.62737
0.6 15.68000 7.74773
0.62 15.68000 7.84038
0.64 15.68000 7.90203
0.66 15.68000 7.93050
0.68 15.68000 7.92479
0.7 15.68000 7.88508
0.72 15.68000 7.81280
0.74 15.68000 7.71050
0.76 15.68000 7.58180
0.78 15.68000 7.43127
0.8 15.68000 7.26423
0.82 15.68000 7.08661
0.84 15.68000 6.90470
0.86 15.68000 6.72493
0.88 15.68000 6.55369
0.9 15.68000 6.39703
0.92 15.68000 6.26050
0.94 15.68000 6.14895
0.96 15.68000 6.06632
0.98 15.68000 6.01554
1.0 15.68000 5.99841

0.0 16.00000 1.91296
0.02 16.00000 1.91628
0.04 16.00000 1.92610
0.06 16.00000 1.94208
0.08 16.00000 1.96366
0.1 16.00000 1.99006
0.12 16.00000 2.02036
0.14 16.00000 2.05349
0.16 16.00000 2.08826
0.18 16.00000 2.12344
0.2 16.00000 2.15780
0.22 16.00000 2.19011
0.24 16.00000 2.21922
0.26 16.00000 2.24411
0.28 16.00000 2.26390
0.3 16.00000 2.27788
0.32 16.00000 2.28556
0.34 16.00000 2.28667
0.36 16.00000 2.28116
0.38 16.00000 2.26924
0.4 16.00000 2.25132
0.42 16.00000 2.22804
0.44 16.00000 2.20022
0.46 16.00000 2.16885
0.48 16.00000 2.13505
0.5 16.00000 2.10000
0.52 16.00000 2.06495
0.54 16.00000 2.03115
0.56 16.00000 1.99978
0.58 16.00000 1.97196
0.6 16.00000 1.94868
0.62 16.00000 1.93076
0.64 16.00000 1.91884
0.66 16.00000 1.91333
0.68 16.00000 1.91444
0.7 16.00000 1.92212
0.72 16.00000 1.93610
0.74 16.00000 1.95589
0.76 16.00000 1.98078
0.78 16.00000 2.00989
0.8 16.00000 2.04220
0.82 16.00000 2.07656
0.84 16.00000 2.11174
0.86 16.00000 2.14651
0.88 16.00000 2.17964
0.9 16.00000 2.20994
0.92 16.00000 2.23634
0.94 16.00000 2.25792
0.96 16.00000 2.27390
0.98 16.00000 2.28372
1.0 16.00000 2.28704

