0.0 0.00000 0.00000
0.02 0.00000 0.00000
0.04 0.00000 0.00000
0.06 0.00000 0.00000
0.08 0.00000 0.00000
0.1 0.00000 0.00000
0.12 0.00000 0.00000
0.14 0.00000 0.00000
0.16 0.00000 0.00000
0.18 0.00000 0.00000
0.2 0.00000 0.00000
0.22 0.00000 0.00000
0.24 0.00000 0.00000
0.26 0.00000 0.00000
0.28 0.00000 0.00000
0.3 0.00000 0.00000
0.32 0.00000 0.00000
0.34 0.00000 0.00000
0.36 0.00000 0.00000
0.38 0.00000 0.00000
0.4 0.00000 0.00000
0.42 0.00000 0.00000
0.44 0.00000 0.00000
0.46 0.00000 0.00000
0.48 0.00000 0.00000
0.5 0.00000 0.00000
0.52 0.00000 0.00000
0.54 0.00000 0.00000
0.56 0.00000 0.00000
0.58 0.00000 0.00000
0.6 0.00000 10.00000
0.62 0.00000 10.00000
0.64 0.00000 10.00000
0.66 0.00000 10.00000
0.68 0.00000 10.00000
0.7 0.00000 10.00000
0.72 0.00000 10.00000
0.74 0.00000 10.00000
0.76 0.00000 10.00000
0.78 0.00000 10.00000
0.8 0.00000 10.00000
0.82 0.00000 0.00000
0.84 0.00000 0.00000
0.86 0.00000 0.00000
0.88 0.00000 0.00000
0.9 0.00000 0.00000
0.92 0.00000 0.00000
0.94 0.00000 0.00000
0.96 0.00000 0.00000
0.98 0.00000 0.00000
1.0 0.00000 0.00000

0.0 0.02000 0.76080
0.02 0.02000 0.75843
0.04 0.02000 0.75148
0.06 0.02000 0.74043
0.08 0.02000 0.72608
0.1 0.02000 0.70954
0.12 0.02000 0.69216
0.14 0.02000 0.67553
0.16 0.02000 0.66145
0.18 0.02000 0.65188
0.2 0.02000 0.64890
0.22 0.02000 0.65466
0.24 0.02000 0.67135
0.26 0.02000 0.70118
0.28 0.02000 0.74631
0.3 0.02000 0.80885
0.32 0.02000 0.89079
0.34 0.02000 0.99403
0.36 0.02000 1.12030
0.38 0.02000 1.27113
0.4 0.02000 1.44786
0.42 0.02000 1.65149
0.44 0.02000 1.88267
0.46 0.02000 2.14152
0.48 0.02000 2.42747
0.5 0.02000 2.73899
0.52 0.02000 3.07320
0.54 0.02000 3.42539
0.56 0.02000 3.78831
0.58 0.02000 4.15122
0.6 0.02000 4.49868
0.62 0.02000 4.81083
0.64 0.02000 5.06991
0.66 0.02000 5.26372
0.68 0.02000 5.38470
0.7 0.02000 5.42898
0.72 0.02000 5.39594
0.74 0.02000 5.28797
0.76 0.02000 5.11068
0.78 0.02000 4.87337
0.8 0.02000 4.58990
0.82 0.02000 4.27969
0.84 0.02000 3.96418
0.86 0.02000 3.66036
0.88 0.02000 3.38042
0.9 0.02000 3.13305
0.92 0.02000 2.92434
0.94 0.02000 2.75848
0.96 0.02000 2.63829
0.98 0.02000 2.56552
1.0 0.02000 2.54116

0.0 0.04000 2.33333
0.02 0.04000 2.32723
0.04 0.04000 2.30927
0.06 0.04000 2.28044
0.08 0.04000 2.24234
0.1 0.04000 2.19717
0.12 0.04000 2.14760
0.14 0.04000 2.09669
0.16 0.04000 2.04782
0.18 0.04000 2.00453
0.2 0.04000 1.97040
0.22 0.04000 1.94895
0.24 0.04000 1.94350
0.26 0.04000 1.95703
0.28 0.04000 1.99208
0.3 0.04000 2.05065
0.32 0.04000 2.13413
0.34 0.04000 2.24317
0.36 0.04000 2.37771
0.38 0.04000 2.53689
0.4 0.04000 2.71907
0.42 0.04000 2.92182
0.44 0.04000 3.14200
0.46 0.04000 3.37578
0.48 0.04000 3.61873
0.5 0.04000 3.86595
0.52 0.04000 4.11218
0.54 0.04000 4.35194
0.56 0.04000 4.57970
0.58 0.04000 4.79012
0.6 0.04000 4.97816
0.62 0.04000 5.13939
0.64 0.04000 5.27012
0.66 0.04000 5.36761
0.68 0.04000 5.43023
0.7 0.04000 5.45753
0.72 0.04000 5.45029
0.74 0.04000 5.41051
0.76 0.04000 5.34133
0.78 0.04000 5.24694
0.8 0.04000 5.13237
0.82 0.04000 5.00330
0.84 0.04000 4.86584
0.86 0.04000 4.72622
0.88 0.04000 4.59059
0.9 0.04000 4.46475
0.92 0.04000 4.35399
0.94 0.04000 4.26285
0.96 0.04000 4.19501
0.98 0.04000 4.15320
1.0 0.04000 4.13908

0.0 0.06000 4.41343
0.02 0.06000 4.40281
0.04 0.06000 4.37145
0.06 0.06000 4.32075
0.08 0.06000 4.25304
0.1 0.06000 4.17144
0.12 0.06000 4.07978
0.14 0.06000 3.98243
0.16 0.06000 3.88416
0.18 0.06000 3.78997
0.2 0.06000 3.70487
0.22 0.06000 3.63376
0.24 0.06000 3.58119
0.26 0.06000 3.55120
0.28 0.06000 3.54718
0.3 0.06000 3.57172
0.32 0.06000 3.62653
0.34 0.06000 3.71233
0.36 0.06000 3.82882
0.38 0.06000 3.97469
0.4 0.06000 4.14763
0.42 0.06000 4.34440
0.44 0.06000 4.56091
0.46 0.06000 4.79238
0.48 0.06000 5.03346
0.5 0.06000 5.27844
0.52 0.06000 5.52139
0.54 0.06000 5.75639
0.56 0.06000 5.97775
0.58 0.06000 6.18014
0.6 0.06000 6.35883
0.62 0.06000 6.50983
0.64 0.06000 6.63004
0.66 0.06000 6.71734
0.68 0.06000 6.77067
0.7 0.06000 6.79009
0.72 0.06000 6.77676
0.74 0.06000 6.73287
0.76 0.06000 6.66164
0.78 0.06000 6.56710
0.8 0.06000 6.45403
0.82 0.06000 6.32776
0.84 0.06000 6.19395
0.86 0.06000 6.05843
0.88 0.06000 5.92697
0.9 0.06000 5.80506
0.92 0.06000 5.69774
0.94 0.06000 5.60939
0.96 0.06000 5.54361
0.98 0.06000 5.50305
1.0 0.06000 5.48935

0.0 0.08000 6.72735
0.02 0.08000 6.71278
0.04 0.08000 6.66970
0.06 0.08000 6.59986
0.08 0.08000 6.50616
0.1 0.08000 6.39249
0.12 0.08000 6.26360
0.14 0.08000 6.12497
0.16 0.08000 5.98253
0.18 0.08000 5.84251
0.2 0.08000 5.71121
0.22 0.08000 5.59472
0.24 0.08000 5.49876
0.26 0.08000 5.42842
0.28 0.08000 5.38799
0.3 0.08000 5.38082
0.32 0.08000 5.40914
0.34 0.08000 5.47402
0.36 0.08000 5.57529
0.38 0.08000 5.71154
0.4 0.08000 5.88020
0.42 0.08000 6.07754
0.44 0.08000 6.29886
0.46 0.08000 6.53863
0.48 0.08000 6.79065
0.5 0.08000 7.04827
0.52 0.08000 7.30465
0.54 0.08000 7.55294
0.56 0.08000 7.78655
0.58 0.08000 7.99938
0.6 0.08000 8.18598
0.62 0.08000 8.34179
0.64 0.08000 8.46328
0.66 0.08000 8.54806
0.68 0.08000 8.59496
0.7 0.08000 8.60406
0.72 0.08000 8.57673
0.74 0.08000 8.51549
0.76 0.08000 8.42401
0.78 0.08000 8.30693
0.8 0.08000 8.16966
0.82 0.08000 8.01827
0.84 0.08000 7.85921
0.86 0.08000 7.69907
0.88 0.08000 7.54440
0.9 0.08000 7.40143
0.92 0.08000 7.27587
0.94 0.08000 7.17269
0.96 0.08000 7.09595
0.98 0.08000 7.04867
1.0 0.08000 7.03271

0.0 0.10000 9.04763
0.02 0.10000 9.03064
0.04 0.10000 8.98037
0.06 0.10000 8.89877
0.08 0.10000 8.78906
0.1 0.10000 8.65559
0.12 0.10000 8.50366
0.14 0.10000 8.33935
0.16 0.10000 8.16930
0.18 0.10000 8.00047
0.2 0.10000 7.83989
0.22 0.10000 7.69440
0.24 0.10000 7.57039
0.26 0.10000 7.47360
0.28 0.10000 7.40889
0.3 0.10000 7.38007
0.32 0.10000 7.38973
0.34 0.10000 7.43918
0.36 0.10000 7.52837
0.38 0.10000 7.65590
0.4 0.10000 7.81905
0.42 0.10000 8.01385
0.44 0.10000 8.23528
0.46 0.10000 8.47735
0.48 0.10000 8.73337
0.5 0.10000 8.99615
0.52 0.10000 9.25826
0.54 0.10000 9.51228
0.56 0.10000 9.75105
0.58 0.10000 9.96793
0.6 0.10000 10.15700
0.62 0.10000 10.31332
0.64 0.10000 10.43302
0.66 0.10000 10.51352
0.68 0.10000 10.55354
0.7 0.10000 10.55317
0.72 0.10000 10.51387
0.74 0.10000 10.43841
0.76 0.10000 10.33077
0.78 0.10000 10.19596
0.8 0.10000 10.03990
0.82 0.10000 9.86915
0.84 0.10000 9.69073
0.86 0.10000 9.51181
0.88 0.10000 9.33949
0.9 0.10000 9.18054
0.92 0.10000 9.04116
0.94 0.10000 8.92676
0.96 0.10000 8.84175
0.98 0.10000 8.78940
1.0 0.10000 8.77172

0.0 0.12000 11.17047
0.02 0.12000 11.15298
0.04 0.12000 11.10120
0.06 0.12000 11.01711
0.08 0.12000 10.90396
0.1 0.12000 10.76610
0.12 0.12000 10.60889
0.14 0.12000 10.43846
0.16 0.12000 10.26149
0.18 0.12000 10.08501
0.2 0.12000 9.91611
0.22 0.12000 9.76168
0.24 0.12000 9.62820
0.26 0.12000 9.52148
0.28 0.12000 9.44645
0.3 0.12000 9.40699
0.32 0.12000 9.40576
0.34 0.12000 9.44415
0.36 0.12000 9.52219
0.38 0.12000 9.63851
0.4 0.12000 9.79048
0.42 0.12000 9.97420
0.44 0.12000 10.18467
0.46 0.12000 10.41599
0.48 0.12000 10.66149
0.5 0.12000 10.91404
0.52 0.12000 11.16624
0.54 0.12000 11.41070
0.56 0.12000 11.64030
0.58 0.12000 11.84841
0.6 0.12000 12.02915
0.62 0.12000 12.17757
0.64 0.12000 12.28985
0.66 0.12000 12.36338
0.68 0.12000 12.39689
0.7 0.12000 12.39049
0.72 0.12000 12.34563
0.74 0.12000 12.26506
0.76 0.12000 12.15276
0.78 0.12000 12.01374
0.8 0.12000 11.85390
0.82 0.12000 11.67980
0.84 0.12000 11.49841
0.86 0.12000 11.31692
0.88 0.12000 11.14240
0.9 0.12000 10.98162
0.92 0.12000 10.84076
0.94 0.12000 10.72522
0.96 0.12000 10.63940
0.98 0.12000 10.58656
1.0 0.12000 10.56873

0.0 0.14000 12.91360
0.02 0.14000 12.89758
0.04 0.14000 12.85011
0.06 0.14000 12.77301
0.08 0.14000 12.66921
0.1 0.14000 12.54269
0.12 0.14000 12.39830
0.14 0.14000 12.24161
0.16 0.14000 12.07869
0.18 0.14000 11.91594
0.2 0.14000 11.75978
0.22 0.14000 11.61650
0.24 0.14000 11.49200
0.26 0.14000 11.39154
0.28 0.14000 11.31964
0.3 0.14000 11.27983
0.32 0.14000 11.27456
0.34 0.14000 11.30510
0.36 0.14000 11.37151
0.38 0.14000 11.47259
0.4 0.14000 11.60597
0.42 0.14000 11.76814
0.44 0.14000 11.95460
0.46 0.14000 12.16003
0.48 0.14000 12.37841
0.5 0.14000 12.60329
0.52 0.14000 12.82799
0.54 0.14000 13.04583
0.56 0.14000 13.25037
0.58 0.14000 13.43562
0.6 0.14000 13.59625
0.62 0.14000 13.72780
0.64 0.14000 13.82679
0.66 0.14000 13.89088
0.68 0.14000 13.91891
0.7 0.14000 13.91098
0.72 0.14000 13.86839
0.74 0.14000 13.79364
0.76 0.14000 13.69032
0.78 0.14000 13.56297
0.8 0.14000 13.41691
0.82 0.14000 13.25808
0.84 0.14000 13.09281
0.86 0.14000 12.92758
0.88 0.14000 12.76879
0.9 0.14000 12.62257
0.92 0.14000 12.49451
0.94 0.14000 12.38949
0.96 0.14000 12.31150
0.98 0.14000 12.26350
1.0 0.14000 12.24729

0.0 0.16000 14.12807
0.02 0.16000 14.11527
0.04 0.16000 14.07738
0.06 0.16000 14.01583
0.08 0.16000 13.93298
0.1 0.16000 13.83199
0.12 0.16000 13.71676
0.14 0.16000 13.59173
0.16 0.16000 13.46176
0.18 0.16000 13.33196
0.2 0.16000 13.20747
0.22 0.16000 13.09332
0.24 0.16000 12.99422
0.26 0.16000 12.91439
0.28 0.16000 12.85743
0.3 0.16000 12.82616
0.32 0.16000 12.82256
0.34 0.16000 12.84764
0.36 0.16000 12.90144
0.38 0.16000 12.98301
0.4 0.16000 13.09045
0.42 0.16000 13.22096
0.44 0.16000 13.37095
0.46 0.16000 13.53616
0.48 0.16000 13.71177
0.5 0.16000 13.89263
0.52 0.16000 14.07340
0.54 0.16000 14.24874
0.56 0.16000 14.41348
0.58 0.16000 14.56285
0.6 0.16000 14.69257
0.62 0.16000 14.79908
0.64 0.16000 14.87957
0.66 0.16000 14.93218
0.68 0.16000 14.95596
0.7 0.16000 14.95099
0.72 0.16000 14.91830
0.74 0.16000 14.85988
0.76 0.16000 14.77857
0.78 0.16000 14.67800
0.8 0.16000 14.56243
0.82 0.16000 14.43657
0.84 0.16000 14.30547
0.86 0.16000 14.17432
0.88 0.16000 14.04821
0.9 0.16000 13.93204
0.92 0.16000 13.83026
0.94 0.16000 13.74678
0.96 0.16000 13.68478
0.98 0.16000 13.64661
1.0 0.16000 13.63372

0.0 0.18000 14.71227
0.02 0.18000 14.70413
0.04 0.18000 14.68000
0.06 0.18000 14.64084
0.08 0.18000 14.58817
0.1 0.18000 14.52405
0.12 0.18000 14.45100
0.14 0.18000 14.37191
0.16 0.18000 14.28995
0.18 0.18000 14.20841
0.2 0.18000 14.13065
0.22 0.18000 14.05991
0.24 0.18000 13.99926
0.26 0.18000 13.95143
0.28 0.18000 13.91874
0.3 0.18000 13.90303
0.32 0.18000 13.90554
0.34 0.18000 13.92694
0.36 0.18000 13.96721
0.38 0.18000 14.02574
0.4 0.18000 14.10126
0.42 0.18000 14.19192
0.44 0.18000 14.29537
0.46 0.18000 14.40880
0.48 0.18000 14.52906
0.5 0.18000 14.65279
0.52 0.18000 14.77646
0.54 0.18000 14.89659
0.56 0.18000 15.00978
0.58 0.18000 15.11291
0.6 0.18000 15.20316
0.62 0.18000 15.27820
0.64 0.18000 15.33617
0.66 0.18000 15.37584
0.68 0.18000 15.39657
0.7 0.18000 15.39838
0.72 0.18000 15.38193
0.74 0.18000 15.34849
0.76 0.18000 15.29990
0.78 0.18000 15.23850
0.8 0.18000 15.16703
0.82 0.18000 15.08856
0.84 0.18000 15.00636
0.86 0.18000 14.92378
0.88 0.18000 14.84414
0.9 0.18000 14.77061
0.92 0.18000 14.70608
0.94 0.18000 14.65309
0.96 0.18000 14.61369
0.98 0.18000 14.58943
1.0 0.18000 14.58123

0.0 0.20000 14.62275
0.02 0.20000 14.62018
0.04 0.20000 14.61258
0.06 0.20000 14.60028
0.08 0.20000 14.58384
0.1 0.20000 14.56400
0.12 0.20000 14.54168
0.14 0.20000 14.51790
0.16 0.20000 14.49381
0.18 0.20000 14.47059
0.2 0.20000 14.44944
0.22 0.20000 14.43152
0.24 0.20000 14.41793
0.26 0.20000 14.40962
0.28 0.20000 14.40741
0.3 0.20000 14.41193
0.32 0.20000 14.42360
0.34 0.20000 14.44262
0.36 0.20000 14.46893
0.38 0.20000 14.50227
0.4 0.20000 14.54212
0.42 0.20000 14.58777
0.44 0.20000 14.63829
0.46 0.20000 14.69261
0.48 0.20000 14.74953
0.5 0.20000 14.80775
0.52 0.20000 14.86596
0.54 0.20000 14.92280
0.56 0.20000 14.97700
0.58 0.20000 15.02736
0.6 0.20000 15.07279
0.62 0.20000 15.11240
0.64 0.20000 15.14545
0.66 0.20000 15.17146
0.68 0.20000 15.19013
0.7 0.20000 15.20144
0.72 0.20000 15.20558
0.74 0.20000 15.20299
0.76 0.20000 15.19429
0.78 0.20000 15.18030
0.8 0.20000 15.16201
0.82 0.20000 15.14050
0.84 0.20000 15.11694
0.86 0.20000 15.09253
0.88 0.20000 15.06847
0.9 0.20000 15.04590
0.92 0.20000 15.02585
0.94 0.20000 15.00925
0.96 0.20000 14.99683
0.98 0.20000 14.98915
1.0 0.20000 14.98656

0.0 0.22000 13.87923
0.02 0.22000 13.88259
0.04 0.22000 13.89256
0.06 0.22000 13.90884
0.08 0.22000 13.93096
0.1 0.22000 13.95827
0.12 0.22000 13.98996
0.14 0.22000 14.02513
0.16 0.22000 14.06276
0.18 0.22000 14.10180
0.2 0.22000 14.14117
0.22 0.22000 14.17982
0.24 0.22000 14.21676
0.26 0.22000 14.25108
0.28 0.22000 14.28199
0.3 0.22000 14.30885
0.32 0.22000 14.33119
0.34 0.22000 14.34872
0.36 0.22000 14.36135
0.38 0.22000 14.36915
0.4 0.22000 14.37242
0.42 0.22000 14.37161
0.44 0.22000 14.36733
0.46 0.22000 14.36031
0.48 0.22000 14.35141
0.5 0.22000 14.34155
0.52 0.22000 14.33167
0.54 0.22000 14.32274
0.56 0.22000 14.31566
0.58 0.22000 14.31129
0.6 0.22000 14.31037
0.62 0.22000 14.31352
0.64 0.22000 14.32118
0.66 0.22000 14.33364
0.68 0.22000 14.35099
0.7 0.22000 14.37315
0.72 0.22000 14.39981
0.74 0.22000 14.43053
0.76 0.22000 14.46464
0.78 0.22000 14.50138
0.8 0.22000 14.53985
0.82 0.22000 14.57903
0.84 0.22000 14.61790
0.86 0.22000 14.65536
0.88 0.22000 14.69038
0.9 0.22000 14.72195
0.92 0.22000 14.74915
0.94 0.22000 14.77118
0.96 0.22000 14.78741
0.98 0.22000 14.79734
1.0 0.22000 14.80068

0.0 0.24000 12.56334
0.02 0.24000 12.57238
0.04 0.24000 12.59920
0.06 0.24000 12.64289
0.08 0.24000 12.70199
0.1 0.24000 12.77451
0.12 0.24000 12.85803
0.14 0.24000 12.94975
0.16 0.24000 13.04662
0.18 0.24000 13.14545
0.2 0.24000 13.24298
0.22 0.24000 13.33604
0.24 0.24000 13.42165
0.26 0.24000 13.49710
0.28 0.24000 13.56008
0.3 0.24000 13.60873
0.32 0.24000 13.64173
0.34 0.24000 13.65831
0.36 0.24000 13.65833
0.38 0.24000 13.64224
0.4 0.24000 13.61105
0.42 0.24000 13.56635
0.44 0.24000 13.51021
0.46 0.24000 13.44509
0.48 0.24000 13.37381
0.5 0.24000 13.29939
0.52 0.24000 13.22496
0.54 0.24000 13.15366
0.56 0.24000 13.08851
0.58 0.24000 13.03232
0.6 0.24000 12.98757
0.62 0.24000 12.95632
0.64 0.24000 12.94014
0.66 0.24000 12.94008
0.68 0.24000 12.95658
0.7 0.24000 12.98947
0.72 0.24000 13.03802
0.74 0.24000 13.10090
0.76 0.24000 13.17625
0.78 0.24000 13.26176
0.8 0.24000 13.35472
0.82 0.24000 13.45216
0.84 0.24000 13.55090
0.86 0.24000 13.64769
0.88 0.24000 13.73933
0.9 0.24000 13.82278
0.92 0.24000 13.89525
0.94 0.24000 13.95430
0.96 0.24000 13.99796
0.98 0.24000 14.02476
1.0 0.24000 14.03380

0.0 0.26000 10.81110
0.02 0.26000 10.82501
0.04 0.26000 10.86625
0.06 0.26000 10.93342
0.08 0.26000 11.02419
0.1 0.26000 11.13543
0.12 0.26000 11.26333
0.14 0.26000 11.40349
0.16 0.26000 11.55111
0.18 0.26000 11.70115
0.2 0.26000 11.84852
0.22 0.26000 11.98821
0.24 0.26000 12.11554
0.26 0.26000 12.22627
0.28 0.26000 12.31678
0.3 0.26000 12.38416
0.32 0.26000 12.42636
0.34 0.26000 12.44223
0.36 0.26000 12.43156
0.38 0.26000 12.39510
0.4 0.26000 12.33453
0.42 0.26000 12.25237
0.44 0.26000 12.15194
0.46 0.26000 12.03721
0.48 0.26000 11.91264
0.5 0.26000 11.78306
0.52 0.26000 11.65348
0.54 0.26000 11.52891
0.56 0.26000 11.41415
0.58 0.26000 11.31371
0.6 0.26000 11.23152
0.62 0.26000 11.17091
0.64 0.26000 11.13442
0.66 0.26000 11.12371
0.68 0.26000 11.13953
0.7 0.26000 11.18168
0.72 0.26000 11.24901
0.74 0.26000 11.33946
0.76 0.26000 11.45014
0.78 0.26000 11.57742
0.8 0.26000 11.71706
0.82 0.26000 11.86437
0.84 0.26000 12.01437
0.86 0.26000 12.16195
0.88 0.26000 12.30207
0.9 0.26000 12.42994
0.92 0.26000 12.54115
0.94 0.26000 12.63190
0.96 0.26000 12.69905
0.98 0.26000 12.74028
1.0 0.26000 12.75419

0.0 0.28000 8.79994
0.02 0.28000 8.81741
0.04 0.28000 8.86922
0.06 0.28000 8.95356
0.08 0.28000 9.06749
0.1 0.28000 9.20707
0.12 0.28000 9.36744
0.14 0.28000 9.54303
0.16 0.28000 9.72776
0.18 0.28000 9.91524
0.2 0.28000 10.09901
0.22 0.28000 10.27275
0.24 0.28000 10.43052
0.26 0.28000 10.56694
0.28 0.28000 10.67745
0.3 0.28000 10.75837
0.32 0.28000 10.80711
0.34 0.28000 10.82224
0.36 0.28000 10.80350
0.38 0.28000 10.75188
0.4 0.28000 10.66951
0.42 0.28000 10.55963
0.44 0.28000 10.42648
0.46 0.28000 10.27510
0.48 0.28000 10.11119
0.5 0.28000 9.94090
0.52 0.28000 9.77061
0.54 0.28000 9.60670
0.56 0.28000 9.45530
0.58 0.28000 9.32214
0.6 0.28000 9.21225
0.62 0.28000 9.12986
0.64 0.28000 9.07822
0.66 0.28000 9.05946
0.68 0.28000 9.07456
0.7 0.28000 9.12328
0.72 0.28000 9.20417
0.74 0.28000 9.31465
0.76 0.28000 9.45105
0.78 0.28000 9.60879
0.8 0.28000 9.78250
0.82 0.28000 9.96625
0.84 0.28000 10.15371
0.86 0.28000 10.33842
0.88 0.28000 10.51399
0.9 0.28000 10.67434
0.92 0.28000 10.81390
0.94 0.28000 10.92782
0.96 0.28000 11.01216
0.98 0.28000 11.06396
1.0 0.28000 11.08143

0.0 0.30000 6.73158
0.02 0.30000 6.75095
0.04 0.30000 6.80838
0.06 0.30000 6.90188
0.08 0.30000 7.02815
0.1 0.30000 7.18281
0.12 0.30000 7.36045
0.14 0.30000 7.55486
0.16 0.30000 7.75928
0.18 0.30000 7.96660
0.2 0.30000 8.16962
0.22 0.30000 8.36130
0.24 0.30000 8.53502
0.26 0.30000 8.68483
0.28 0.30000 8.80562
0.3 0.30000 8.89331
0.32 0.30000 8.94504
0.34 0.30000 8.95920
0.36 0.30000 8.93554
0.38 0.30000 8.87514
0.4 0.30000 8.78041
0.42 0.30000 8.65498
0.44 0.30000 8.50356
0.46 0.30000 8.33178
0.48 0.30000 8.14603
0.5 0.30000 7.95316
0.52 0.30000 7.76029
0.54 0.30000 7.57453
0.56 0.30000 7.40275
0.58 0.30000 7.25132
0.6 0.30000 7.12588
0.62 0.30000 7.03115
0.64 0.30000 6.97074
0.66 0.30000 6.94706
0.68 0.30000 6.96121
0.7 0.30000 7.01292
0.72 0.30000 7.10061
0.74 0.30000 7.22138
0.76 0.30000 7.37117
0.78 0.30000 7.54489
0.8 0.30000 7.73655
0.82 0.30000 7.93955
0.84 0.30000 8.14686
0.86 0.30000 8.35127
0.88 0.30000 8.54568
0.9 0.30000 8.72330
0.92 0.30000 8.87795
0.94 0.30000 9.00423
0.96 0.30000 9.09771
0.98 0.30000 9.15514
1.0 0.30000 9.17451

0.0 0.32000 4.81250
0.02 0.32000 4.83191
0.04 0.32000 4.88947
0.06 0.32000 4.98315
0.08 0.32000 5.10967
0.1 0.32000 5.26460
0.12 0.32000 5.44253
0.14 0.32000 5.63722
0.16 0.32000 5.84188
0.18 0.32000 6.04936
0.2 0.32000 6.25243
0.22 0.32000 6.44403
0.24 0.32000 6.61751
0.26 0.32000 6.76689
0.28 0.32000 6.88705
0.3 0.32000 6.97389
0.32 0.32000 7.02454
0.34 0.32000 7.03739
0.36 0.32000 7.01219
0.38 0.32000 6.95005
0.4 0.32000 6.85337
0.42 0.32000 6.72582
0.44 0.32000 6.57212
0.46 0.32000 6.39797
0.48 0.32000 6.20976
0.5 0.32000 6.01439
0.52 0.32000 5.81901
0.54 0.32000 5.63080
0.56 0.32000 5.45664
0.58 0.32000 5.30295
0.6 0.32000 5.17539
0.62 0.32000 5.07871
0.64 0.32000 5.01656
0.66 0.32000 4.99136
0.68 0.32000 5.00420
0.7 0.32000 5.05484
0.72 0.32000 5.14168
0.74 0.32000 5.26183
0.76 0.32000 5.41120
0.78 0.32000 5.58468
0.8 0.32000 5.77627
0.82 0.32000 5.97933
0.84 0.32000 6.18680
0.86 0.32000 6.39145
0.88 0.32000 6.58614
0.9 0.32000 6.76406
0.92 0.32000 6.91900
0.94 0.32000 7.04552
0.96 0.32000 7.13919
0.98 0.32000 7.19675
1.0 0.32000 7.21616

0.0 0.34000 3.23387
0.02 0.34000 3.25145
0.04 0.34000 3.30358
0.06 0.34000 3.38844
0.08 0.34000 3.50304
0.1 0.34000 3.64337
0.12 0.34000 3.80451
0.14 0.34000 3.98082
0.16 0.34000 4.16613
0.18 0.34000 4.35397
0.2 0.34000 4.53778
0.22 0.34000 4.71115
0.24 0.34000 4.86808
0.26 0.34000 5.00312
0.28 0.34000 5.11163
0.3 0.34000 5.18992
0.32 0.34000 5.23536
0.34 0.34000 5.24650
0.36 0.34000 5.22313
0.38 0.34000 5.16624
0.4 0.34000 5.07802
0.42 0.34000 4.96179
0.44 0.34000 4.82185
0.46 0.34000 4.66335
0.48 0.34000 4.49210
0.5 0.34000 4.31435
0.52 0.34000 4.13660
0.54 0.34000 3.96535
0.56 0.34000 3.80684
0.58 0.34000 3.66690
0.6 0.34000 3.55067
0.62 0.34000 3.46245
0.64 0.34000 3.40556
0.66 0.34000 3.38218
0.68 0.34000 3.39332
0.7 0.34000 3.43876
0.72 0.34000 3.51704
0.74 0.34000 3.62555
0.76 0.34000 3.76059
0.78 0.34000 3.91751
0.8 0.34000 4.09088
0.82 0.34000 4.27469
0.84 0.34000 4.46252
0.86 0.34000 4.64783
0.88 0.34000 4.82414
0.9 0.34000 4.98528
0.92 0.34000 5.12561
0.94 0.34000 5.24020
0.96 0.34000 5.32506
0.98 0.34000 5.37719
1.0 0.34000 5.39477

0.0 0.36000 2.15294
0.02 0.36000 2.16700
0.04 0.36000 2.20869
0.06 0.36000 2.27654
0.08 0.36000 2.36818
0.1 0.36000 2.48040
0.12 0.36000 2.60926
0.14 0.36000 2.75026
0.16 0.36000 2.89847
0.18 0.36000 3.04870
0.2 0.36000 3.19572
0.22 0.36000 3.33442
0.24 0.36000 3.45997
0.26 0.36000 3.56803
0.28 0.36000 3.65490
0.3 0.36000 3.71762
0.32 0.36000 3.75409
0.34 0.36000 3.76315
0.36 0.36000 3.74463
0.38 0.36000 3.69932
0.4 0.36000 3.62898
0.42 0.36000 3.53625
0.44 0.36000 3.42457
0.46 0.36000 3.29805
0.48 0.36000 3.16135
0.5 0.36000 3.01945
0.52 0.36000 2.87755
0.54 0.36000 2.74085
0.56 0.36000 2.61433
0.58 0.36000 2.50265
0.6 0.36000 2.40992
0.62 0.36000 2.33957
0.64 0.36000 2.29426
0.66 0.36000 2.27574
0.68 0.36000 2.28480
0.7 0.36000 2.32127
0.72 0.36000 2.38398
0.74 0.36000 2.47085
0.76 0.36000 2.57892
0.78 0.36000 2.70447
0.8 0.36000 2.84316
0.82 0.36000 2.99018
0.84 0.36000 3.14041
0.86 0.36000 3.28861
0.88 0.36000 3.42961
0.9 0.36000 3.55847
0.92 0.36000 3.67069
0.94 0.36000 3.76233
0.96 0.36000 3.83018
0.98 0.36000 3.87187
1.0 0.36000 3.88593

0.0 0.38000 1.67779
0.02 0.38000 1.68697
0.04 0.38000 1.71420
0.06 0.38000 1.75852
0.08 0.38000 1.81838
0.1 0.38000 1.89169
0.12 0.38000 1.97590
0.14 0.38000 2.06806
0.16 0.38000 2.16496
0.18 0.38000 2.26323
0.2 0.38000 2.35946
0.22 0.38000 2.45032
0.24 0.38000 2.53266
0.26 0.38000 2.60366
0.28 0.38000 2.66090
0.3 0.38000 2.70245
0.32 0.38000 2.72695
0.34 0.38000 2.73363
0.36 0.38000 2.72239
0.38 0.38000 2.69372
0.4 0.38000 2.64879
0.42 0.38000 2.58929
0.44 0.38000 2.51747
0.46 0.38000 2.43600
0.48 0.38000 2.34791
0.5 0.38000 2.25644
0.52 0.38000 2.16497
0.54 0.38000 2.07687
0.56 0.38000 1.99541
0.58 0.38000 1.92359
0.6 0.38000 1.86409
0.62 0.38000 1.81915
0.64 0.38000 1.79049
0.66 0.38000 1.77924
0.68 0.38000 1.78592
0.7 0.38000 1.81042
0.72 0.38000 1.85197
0.74 0.38000 1.90921
0.76 0.38000 1.98021
0.78 0.38000 2.06255
0.8 0.38000 2.15341
0.82 0.38000 2.24964
0.84 0.38000 2.34791
0.86 0.38000 2.44481
0.88 0.38000 2.53697
0.9 0.38000 2.62117
0.92 0.38000 2.69448
0.94 0.38000 2.75434
0.96 0.38000 2.79866
0.98 0.38000 2.82589
1.0 0.38000 2.83507

0.0 0.40000 1.85681
0.02 0.40000 1.86024
0.04 0.40000 1.87039
0.06 0.40000 1.88692
0.08 0.40000 1.90927
0.1 0.40000 1.93666
0.12 0.40000 1.96816
0.14 0.40000 2.00268
0.16 0.40000 2.03905
0.18 0.40000 2.07603
0.2 0.40000 2.11237
0.22 0.40000 2.14684
0.24 0.40000 2.17829
0.26 0.40000 2.20568
0.28 0.40000 2.22811
0.3 0.40000 2.24488
0.32 0.40000 2.25548
0.34 0.40000 2.25962
0.36 0.40000 2.25725
0.38 0.40000 2.24857
0.4 0.40000 2.23397
0.42 0.40000 2.21407
0.44 0.40000 2.18970
0.46 0.40000 2.16182
0.48 0.40000 2.13152
0.5 0.40000 2.10000
0.52 0.40000 2.06848
0.54 0.40000 2.03819
0.56 0.40000 2.01030
0.58 0.40000 1.98593
0.6 0.40000 1.96604
0.62 0.40000 1.95144
0.64 0.40000 1.94275
0.66 0.40000 1.94038
0.68 0.40000 1.94453
0.7 0.40000 1.95512
0.72 0.40000 1.97189
0.74 0.40000 1.99432
0.76 0.40000 2.02171
0.78 0.40000 2.05316
0.8 0.40000 2.08763
0.82 0.40000 2.12397
0.84 0.40000 2.16095
0.86 0.40000 2.19732
0.88 0.40000 2.23184
0.9 0.40000 2.26334
0.92 0.40000 2.29073
0.94 0.40000 2.31307
0.96 0.40000 2.32961
0.98 0.40000 2.33976
1.0 0.40000 2.34318

0.0 0.42000 2.67403
0.02 0.42000 2.67137
0.04 0.42000 2.66351
0.06 0.42000 2.65071
0.08 0.42000 2.63346
0.1 0.42000 2.61237
0.12 0.42000 2.58824
0.14 0.42000 2.56193
0.16 0.42000 2.53443
0.18 0.42000 2.50674
0.2 0.42000 2.47989
0.22 0.42000 2.45489
0.24 0.42000 2.43268
0.26 0.42000 2.41411
0.28 0.42000 2.39989
0.3 0.42000 2.39061
0.32 0.42000 2.38666
0.34 0.42000 2.38826
0.36 0.42000 2.39543
0.38 0.42000 2.40800
0.4 0.42000 2.42560
0.42 0.42000 2.44772
0.44 0.42000 2.47363
0.46 0.42000 2.50253
0.48 0.42000 2.53347
0.5 0.42000 2.56545
0.52 0.42000 2.59743
0.54 0.42000 2.62838
0.56 0.42000 2.65727
0.58 0.42000 2.68319
0.6 0.42000 2.70530
0.62 0.42000 2.72291
0.64 0.42000 2.73548
0.66 0.42000 2.74265
0.68 0.42000 2.74425
0.7 0.42000 2.74030
0.72 0.42000 2.73101
0.74 0.42000 2.71680
0.76 0.42000 2.69822
0.78 0.42000 2.67601
0.8 0.42000 2.65101
0.82 0.42000 2.62416
0.84 0.42000 2.59647
0.86 0.42000 2.56897
0.88 0.42000 2.54266
0.9 0.42000 2.51853
0.92 0.42000 2.49744
0.94 0.42000 2.48019
0.96 0.42000 2.46740
0.98 0.42000 2.45953
1.0 0.42000 2.45687

0.0 0.44000 4.05074
0.02 0.44000 4.04228
0.04 0.44000 4.01719
0.06 0.44000 3.97638
0.08 0.44000 3.92130
0.1 0.44000 3.85392
0.12 0.44000 3.77664
0.14 0.44000 3.69224
0.16 0.44000 3.60373
0.18 0.44000 3.51428
0.2 0.44000 3.42709
0.22 0.44000 3.34531
0.24 0.44000 3.27187
0.26 0.44000 3.20943
0.28 0.44000 3.16025
0.3 0.44000 3.12613
0.32 0.44000 3.10834
0.34 0.44000 3.10757
0.36 0.44000 3.12392
0.38 0.44000 3.15688
0.4 0.44000 3.20534
0.42 0.44000 3.26766
0.44 0.44000 3.34172
0.46 0.44000 3.42495
0.48 0.44000 3.51448
0.5 0.44000 3.60723
0.52 0.44000 3.69997
0.54 0.44000 3.78951
0.56 0.44000 3.87274
0.58 0.44000 3.94679
0.6 0.44000 4.00912
0.62 0.44000 4.05758
0.64 0.44000 4.09053
0.66 0.44000 4.10688
0.68 0.44000 4.10612
0.7 0.44000 4.08833
0.72 0.44000 4.05421
0.74 0.44000 4.00503
0.76 0.44000 3.94258
0.78 0.44000 3.86914
0.8 0.44000 3.78736
0.82 0.44000 3.70018
0.84 0.44000 3.61073
0.86 0.44000 3.52221
0.88 0.44000 3.43781
0.9 0.44000 3.36054
0.92 0.44000 3.29315
0.94 0.44000 3.23807
0.96 0.44000 3.19726
0.98 0.44000 3.17218
1.0 0.44000 3.16372

0.0 0.46000 5.85324
0.02 0.46000 5.83981
0.04 0.46000 5.79999
0.06 0.46000 5.73521
0.08 0.46000 5.64777
0.1 0.46000 5.54077
0.12 0.46000 5.41803
0.14 0.46000 5.28392
0.16 0.46000 5.14321
0.18 0.46000 5.00092
0.2 0.46000 4.86212
0.22 0.46000 4.73175
0.24 0.46000 4.61449
0.26 0.46000 4.51452
0.28 0.46000 4.43543
0.3 0.46000 4.38007
0.32 0.46000 4.35045
0.34 0.46000 4.34767
0.36 0.46000 4.37189
0.38 0.46000 4.42230
0.4 0.46000 4.49717
0.42 0.46000 4.59392
0.44 0.46000 4.70917
0.46 0.46000 4.83891
0.48 0.46000 4.97860
0.5 0.46000 5.12335
0.52 0.46000 5.26810
0.54 0.46000 5.40779
0.56 0.46000 5.53753
0.58 0.46000 5.65278
0.6 0.46000 5.74953
0.62 0.46000 5.82441
0.64 0.46000 5.87482
0.66 0.46000 5.89903
0.68 0.46000 5.89625
0.7 0.46000 5.86663
0.72 0.46000 5.81127
0.74 0.46000 5.73218
0.76 0.46000 5.63221
0.78 0.46000 5.51495
0.8 0.46000 5.38459
0.82 0.46000 5.24578
0.84 0.46000 5.10349
0.86 0.46000 4.96278
0.88 0.46000 4.82867
0.9 0.46000 4.70593
0.92 0.46000 4.59893
0.94 0.46000 4.51149
0.96 0.46000 4.44671
0.98 0.46000 4.40689
1.0 0.46000 4.39346

0.0 0.48000 7.90597
0.02 0.48000 7.88889
0.04 0.48000 7.83827
0.06 0.48000 7.75590
0.08 0.48000 7.64471
0.1 0.48000 7.50865
0.12 0.48000 7.35256
0.14 0.48000 7.18197
0.16 0.48000 7.00296
0.18 0.48000 6.82189
0.2 0.48000 6.64520
0.22 0.48000 6.47918
0.24 0.48000 6.32975
0.26 0.48000 6.20223
0.28 0.48000 6.10117
0.3 0.48000 6.03020
0.32 0.48000 5.99187
0.34 0.48000 5.98758
0.36 0.48000 6.01754
0.38 0.48000 6.08071
0.4 0.48000 6.17492
0.42 0.48000 6.29688
0.44 0.48000 6.44232
0.46 0.48000 6.60612
0.48 0.48000 6.78256
0.5 0.48000 6.96541
0.52 0.48000 7.14827
0.54 0.48000 7.32470
0.56 0.48000 7.48851
0.58 0.48000 7.63395
0.6 0.48000 7.75590
0.62 0.48000 7.85012
0.64 0.48000 7.91329
0.66 0.48000 7.94324
0.68 0.48000 7.93896
0.7 0.48000 7.90063
0.72 0.48000 7.82966
0.74 0.48000 7.72860
0.76 0.48000 7.60108
0.78 0.48000 7.45164
0.8 0.48000 7.28563
0.82 0.48000 7.10894
0.84 0.48000 6.92787
0.86 0.48000 6.74886
0.88 0.48000 6.57827
0.9 0.48000 6.42217
0.92 0.48000 6.28611
0.94 0.48000 6.17492
0.96 0.48000 6.09255
0.98 0.48000 6.04193
1.0 0.48000 6.02486

0.0 0.50000 10.00873
0.02 0.50000 9.98969
0.04 0.50000 9.93324
0.06 0.50000 9.84138
0.08 0.50000 9.71737
0.1 0.50000 9.56563
0.12 0.50000 9.39153
0.14 0.50000 9.20125
0.16 0.50000 9.00157
0.18 0.50000 8.79956
0.2 0.50000 8.60240
0.22 0.50000 8.41712
0.24 0.50000 8.25029
0.26 0.50000 8.10785
0.28 0.50000 7.99489
0.3 0.50000 7.91543
0.32 0.50000 7.87233
0.34 0.50000 7.86714
0.36 0.50000 7.90009
0.38 0.50000 7.97006
0.4 0.50000 8.07459
0.42 0.50000 8.21003
0.44 0.50000 8.37163
0.46 0.50000 8.55369
0.48 0.50000 8.74982
0.5 0.50000 8.95310
0.52 0.50000 9.15639
0.54 0.50000 9.35251
0.56 0.50000 9.53458
0.58 0.50000 9.69617
0.6 0.50000 9.83162
0.62 0.50000 9.93615
0.64 0.50000 10.00611
0.66 0.50000 10.03906
0.68 0.50000 10.03388
0.7 0.50000 9.99077
0.72 0.50000 9.91132
0.74 0.50000 9.79835
0.76 0.50000 9.65592
0.78 0.50000 9.48909
0.8 0.50000 9.30380
0.82 0.50000 9.10665
0.84 0.50000 8.90464
0.86 0.50000 8.70495
0.88 0.50000 8.51468
0.9 0.50000 8.34058
0.92 0.50000 8.18883
0.94 0.50000 8.06483
0.96 0.50000 7.97297
0.98 0.50000 7.91652
1.0 0.50000 7.89747

0.0 0.52000 11.95630
0.02 0.52000 11.93716
0.04 0.52000 11.88041
0.06 0.52000 11.78809
0.08 0.52000 11.66345
0.1 0.52000 11.51092
0.12 0.52000 11.33592
0.14 0.52000 11.14466
0.16 0.52000 10.94392
0.18 0.52000 10.74084
0.2 0.52000 10.54263
0.22 0.52000 10.35632
0.24 0.52000 10.18855
0.26 0.52000 10.04527
0.28 0.52000 9.93160
0.3 0.52000 9.85157
0.32 0.52000 9.80807
0.34 0.52000 9.80265
0.36 0.52000 9.83554
0.38 0.52000 9.90561
0.4 0.52000 10.01040
0.42 0.52000 10.14625
0.44 0.52000 10.30836
0.46 0.52000 10.49104
0.48 0.52000 10.68785
0.5 0.52000 10.89185
0.52 0.52000 11.09584
0.54 0.52000 11.29265
0.56 0.52000 11.47533
0.58 0.52000 11.63745
0.6 0.52000 11.77329
0.62 0.52000 11.87809
0.64 0.52000 11.94816
0.66 0.52000 11.98105
0.68 0.52000 11.97563
0.7 0.52000 11.93212
0.72 0.52000 11.85210
0.74 0.52000 11.73842
0.76 0.52000 11.59515
0.78 0.52000 11.42737
0.8 0.52000 11.24107
0.82 0.52000 11.04285
0.84 0.52000 10.83977
0.86 0.52000 10.63904
0.88 0.52000 10.44777
0.9 0.52000 10.27277
0.92 0.52000 10.12025
0.94 0.52000 9.99561
0.96 0.52000 9.90328
0.98 0.52000 9.84654
1.0 0.52000 9.82740

0.0 0.54000 13.55852
0.02 0.54000 13.54116
0.04 0.54000 13.48970
0.06 0.54000 13.40597
0.08 0.54000 13.29293
0.1 0.54000 13.15459
0.12 0.54000 12.99587
0.14 0.54000 12.82240
0.16 0.54000 12.64034
0.18 0.54000 12.45614
0.2 0.54000 12.27635
0.22 0.54000 12.10736
0.24 0.54000 11.95517
0.26 0.54000 11.82518
0.28 0.54000 11.72204
0.3 0.54000 11.64940
0.32 0.54000 11.60988
0.34 0.54000 11.60488
0.36 0.54000 11.63463
0.38 0.54000 11.69809
0.4 0.54000 11.79303
0.42 0.54000 11.91613
0.44 0.54000 12.06304
0.46 0.54000 12.22861
0.48 0.54000 12.40698
0.5 0.54000 12.59187
0.52 0.54000 12.77676
0.54 0.54000 12.95514
0.56 0.54000 13.12070
0.58 0.54000 13.26762
0.6 0.54000 13.39071
0.62 0.54000 13.48566
0.64 0.54000 13.54911
0.66 0.54000 13.57886
0.68 0.54000 13.57387
0.7 0.54000 13.53434
0.72 0.54000 13.46171
0.74 0.54000 13.35856
0.76 0.54000 13.22858
0.78 0.54000 13.07638
0.8 0.54000 12.90739
0.82 0.54000 12.72760
0.84 0.54000 12.54340
0.86 0.54000 12.36134
0.88 0.54000 12.18787
0.9 0.54000 12.02915
0.92 0.54000 11.89082
0.94 0.54000 11.77778
0.96 0.54000 11.69404
0.98 0.54000 11.64258
1.0 0.54000 11.62522

0.0 0.56000 14.65899
0.02 0.56000 14.64511
0.04 0.56000 14.60398
0.06 0.56000 14.53705
0.08 0.56000 14.44670
0.1 0.56000 14.33614
0.12 0.56000 14.20928
0.14 0.56000 14.07064
0.16 0.56000 13.92512
0.18 0.56000 13.77790
0.2 0.56000 13.63421
0.22 0.56000 13.49915
0.24 0.56000 13.37751
0.26 0.56000 13.27364
0.28 0.56000 13.19121
0.3 0.56000 13.13317
0.32 0.56000 13.10160
0.34 0.56000 13.09764
0.36 0.56000 13.12144
0.38 0.56000 13.17218
0.4 0.56000 13.24810
0.42 0.56000 13.34652
0.44 0.56000 13.46398
0.46 0.56000 13.59634
0.48 0.56000 13.73895
0.5 0.56000 13.88676
0.52 0.56000 14.03458
0.54 0.56000 14.17718
0.56 0.56000 14.30955
0.58 0.56000 14.42701
0.6 0.56000 14.52543
0.62 0.56000 14.60134
0.64 0.56000 14.65209
0.66 0.56000 14.67589
0.68 0.56000 14.67192
0.7 0.56000 14.64035
0.72 0.56000 14.58232
0.74 0.56000 14.49989
0.76 0.56000 14.39601
0.78 0.56000 14.27438
0.8 0.56000 14.13931
0.82 0.56000 13.99562
0.84 0.56000 13.84840
0.86 0.56000 13.70289
0.88 0.56000 13.56424
0.9 0.56000 13.43739
0.92 0.56000 13.32682
0.94 0.56000 13.23647
0.96 0.56000 13.16954
0.98 0.56000 13.12841
1.0 0.56000 13.11454

0.0 0.58000 15.15031
0.02 0.58000 15.14129
0.04 0.58000 15.11452
0.06 0.58000 15.07097
0.08 0.58000 15.01218
0.1 0.58000 14.94023
0.12 0.58000 14.85769
0.14 0.58000 14.76748
0.16 0.58000 14.67281
0.18 0.58000 14.57703
0.2 0.58000 14.48356
0.22 0.58000 14.39571
0.24 0.58000 14.31662
0.26 0.58000 14.24909
0.28 0.58000 14.19553
0.3 0.58000 14.15785
0.32 0.58000 14.13741
0.34 0.58000 14.13495
0.36 0.58000 14.15057
0.38 0.58000 14.18373
0.4 0.58000 14.23329
0.42 0.58000 14.29750
0.44 0.58000 14.37411
0.46 0.58000 14.46042
0.48 0.58000 14.55340
0.5 0.58000 14.64977
0.52 0.58000 14.74614
0.54 0.58000 14.83912
0.56 0.58000 14.92544
0.58 0.58000 15.00204
0.6 0.58000 15.06625
0.62 0.58000 15.11581
0.64 0.58000 15.14897
0.66 0.58000 15.16459
0.68 0.58000 15.16213
0.7 0.58000 15.14169
0.72 0.58000 15.10401
0.74 0.58000 15.05046
0.76 0.58000 14.98292
0.78 0.58000 14.90383
0.8 0.58000 14.81598
0.82 0.58000 14.72251
0.84 0.58000 14.62673
0.86 0.58000 14.53206
0.88 0.58000 14.44185
0.9 0.58000 14.35931
0.92 0.58000 14.28736
0.94 0.58000 14.22857
0.96 0.58000 14.18502
0.98 0.58000 14.15826
1.0 0.58000 14.14923

0.0 0.60000 14.98470
0.02 0.60000 14.98140
0.04 0.60000 14.97163
0.06 0.60000 14.95573
0.08 0.60000 14.93427
0.1 0.60000 14.90801
0.12 0.60000 14.87790
0.14 0.60000 14.84499
0.16 0.60000 14.81046
0.18 0.60000 14.77555
0.2 0.60000 14.74149
0.22 0.60000 14.70951
0.24 0.60000 14.68075
0.26 0.60000 14.65624
0.28 0.60000 14.63686
0.3 0.60000 14.62330
0.32 0.60000 14.61606
0.34 0.60000 14.61542
0.36 0.60000 14.62141
0.38 0.60000 14.63382
0.4 0.60000 14.65225
0.42 0.60000 14.67604
0.44 0.60000 14.70438
0.46 0.60000 14.73628
0.48 0.60000 14.77062
0.5 0.60000 14.80620
0.52 0.60000 14.84179
0.54 0.60000 14.87613
0.56 0.60000 14.90803
0.58 0.60000 14.93637
0.6 0.60000 14.96016
0.62 0.60000 14.97859
0.64 0.60000 14.99100
0.66 0.60000 14.99699
0.68 0.60000 14.99635
0.7 0.60000 14.98911
0.72 0.60000 14.97555
0.74 0.60000 14.95617
0.76 0.60000 14.93166
0.78 0.60000 14.90289
0.8 0.60000 14.87092
0.82 0.60000 14.83686
0.84 0.60000 14.80195
0.86 0.60000 14.76742
0.88 0.60000 14.73451
0.9 0.60000 14.70439
0.92 0.60000 14.67814
0.94 0.60000 14.65668
0.96 0.60000 14.64078
0.98 0.60000 14.63101
1.0 0.60000 14.62771

0.0 0.62000 14.17858
0.02 0.62000 14.18134
0.04 0.62000 14.18953
0.06 0.62000 14.20285
0.08 0.62000 14.22084
0.1 0.62000 14.24286
0.12 0.62000 14.26814
0.14 0.62000 14.29578
0.16 0.62000 14.32481
0.18 0.62000 14.35421
0.2 0.62000 14.38295
0.22 0.62000 14.41002
0.24 0.62000 14.43445
0.26 0.62000 14.45541
0.28 0.62000 14.47215
0.3 0.62000 14.48410
0.32 0.62000 14.49083
0.34 0.62000 14.49213
0.36 0.62000 14.48796
0.38 0.62000 14.47848
0.4 0.62000 14.46404
0.42 0.62000 14.44516
0.44 0.62000 14.42253
0.46 0.62000 14.39696
0.48 0.62000 14.36937
0.5 0.62000 14.34075
0.52 0.62000 14.31214
0.54 0.62000 14.28455
0.56 0.62000 14.25898
0.58 0.62000 14.23634
0.6 0.62000 14.21747
0.62 0.62000 14.20303
0.64 0.62000 14.19355
0.66 0.62000 14.18938
0.68 0.62000 14.19068
0.7 0.62000 14.19741
0.72 0.62000 14.20936
0.74 0.62000 14.22610
0.76 0.62000 14.24705
0.78 0.62000 14.27149
0.8 0.62000 14.29855
0.82 0.62000 14.32729
0.84 0.62000 14.35670
0.86 0.62000 14.38573
0.88 0.62000 14.41337
0.9 0.62000 14.43865
0.92 0.62000 14.46067
0.94 0.62000 14.47866
0.96 0.62000 14.49198
0.98 0.62000 14.50017
1.0 0.62000 14.50293

0.0 0.64000 12.81107
0.02 0.64000 12.81962
0.04 0.64000 12.84497
0.06 0.64000 12.88621
0.08 0.64000 12.94190
0.1 0.64000 13.01006
0.12 0.64000 13.08828
0.14 0.64000 13.17379
0.16 0.64000 13.26357
0.18 0.64000 13.35444
0.2 0.64000 13.44319
0.22 0.64000 13.52669
0.24 0.64000 13.60197
0.26 0.64000 13.66638
0.28 0.64000 13.71766
0.3 0.64000 13.75398
0.32 0.64000 13.77408
0.34 0.64000 13.77724
0.36 0.64000 13.76338
0.38 0.64000 13.73298
0.4 0.64000 13.68715
0.42 0.64000 13.62750
0.44 0.64000 13.55617
0.46 0.64000 13.47569
0.48 0.64000 13.38894
0.5 0.64000 13.29898
0.52 0.64000 13.20902
0.54 0.64000 13.12226
0.56 0.64000 13.04178
0.58 0.64000 12.97045
0.6 0.64000 12.91081
0.62 0.64000 12.86497
0.64 0.64000 12.83458
0.66 0.64000 12.82071
0.68 0.64000 12.82388
0.7 0.64000 12.84397
0.72 0.64000 12.88030
0.74 0.64000 12.93157
0.76 0.64000 12.99599
0.78 0.64000 13.07127
0.8 0.64000 13.15476
0.82 0.64000 13.24351
0.84 0.64000 13.33438
0.86 0.64000 13.42416
0.88 0.64000 13.50967
0.9 0.64000 13.58789
0.92 0.64000 13.65605
0.94 0.64000 13.71174
0.96 0.64000 13.75299
0.98 0.64000 13.77834
1.0 0.64000 13.78689

0.0 0.66000 11.01619
0.02 0.66000 11.02969
0.04 0.66000 11.06972
0.06 0.66000 11.13487
0.08 0.66000 11.22282
0.1 0.66000 11.33045
0.12 0.66000 11.45398
0.14 0.66000 11.58900
0.16 0.66000 11.73076
0.18 0.66000 11.87423
0.2 0.66000 12.01433
0.22 0.66000 12.14611
0.24 0.66000 12.26491
0.26 0.66000 12.36651
0.28 0.66000 12.44733
0.3 0.66000 12.50452
0.32 0.66000 12.53605
0.34 0.66000 12.54082
0.36 0.66000 12.51866
0.38 0.66000 12.47037
0.4 0.66000 12.39767
0.42 0.66000 12.30314
0.44 0.66000 12.19014
0.46 0.66000 12.06268
0.48 0.66000 11.92530
0.5 0.66000 11.78285
0.52 0.66000 11.64041
0.54 0.66000 11.50302
0.56 0.66000 11.37557
0.58 0.66000 11.26257
0.6 0.66000 11.16804
0.62 0.66000 11.09534
0.64 0.66000 11.04705
0.66 0.66000 11.02489
0.68 0.66000 11.02966
0.7 0.66000 11.06119
0.72 0.66000 11.11837
0.74 0.66000 11.19920
0.76 0.66000 11.30080
0.78 0.66000 11.41959
0.8 0.66000 11.55137
0.82 0.66000 11.69148
0.84 0.66000 11.83495
0.86 0.66000 11.97670
0.88 0.66000 12.11173
0.9 0.66000 12.23525
0.92 0.66000 12.34289
0.94 0.66000 12.43084
0.96 0.66000 12.49598
0.98 0.66000 12.53602
1.0 0.66000 12.54952

0.0 0.68000 8.96977
0.02 0.68000 8.98690
0.04 0.68000 9.03771
0.06 0.68000 9.12037
0.08 0.68000 9.23198
0.1 0.68000 9.36858
0.12 0.68000 9.52532
0.14 0.68000 9.69667
0.16 0.68000 9.87655
0.18 0.68000 10.05859
0.2 0.68000 10.23635
0.22 0.68000 10.40355
0.24 0.68000 10.55425
0.26 0.68000 10.68312
0.28 0.68000 10.78561
0.3 0.68000 10.85810
0.32 0.68000 10.89801
0.34 0.68000 10.90394
0.36 0.68000 10.87570
0.38 0.68000 10.81428
0.4 0.68000 10.72187
0.42 0.68000 10.60175
0.44 0.68000 10.45818
0.46 0.68000 10.29626
0.48 0.68000 10.12174
0.5 0.68000 9.94079
0.52 0.68000 9.75985
0.54 0.68000 9.58532
0.56 0.68000 9.42340
0.58 0.68000 9.27984
0.6 0.68000 9.15972
0.62 0.68000 9.06731
0.64 0.68000 9.00589
0.66 0.68000 8.97764
0.68 0.68000 8.98357
0.7 0.68000 9.02349
0.72 0.68000 9.09597
0.74 0.68000 9.19846
0.76 0.68000 9.32734
0.78 0.68000 9.47804
0.8 0.68000 9.64523
0.82 0.68000 9.82299
0.84 0.68000 10.00504
0.86 0.68000 10.18491
0.88 0.68000 10.35626
0.9 0.68000 10.51301
0.92 0.68000 10.64960
0.94 0.68000 10.76121
0.96 0.68000 10.84388
0.98 0.68000 10.89468
1.0 0.68000 10.91181

0.0 0.70000 6.87223
0.02 0.70000 6.89133
0.04 0.70000 6.94793
0.06 0.70000 7.04003
0.08 0.70000 7.16438
0.1 0.70000 7.31657
0.12 0.70000 7.49121
0.14 0.70000 7.68211
0.16 0.70000 7.88252
0.18 0.70000 8.08534
0.2 0.70000 8.28338
0.22 0.70000 8.46964
0.24 0.70000 8.63752
0.26 0.70000 8.78108
0.28 0.70000 8.89523
0.3 0.70000 8.97594
0.32 0.70000 9.02035
0.34 0.70000 9.02690
0.36 0.70000 8.99537
0.38 0.70000 8.92686
0.4 0.70000 8.82382
0.42 0.70000 8.68990
0.44 0.70000 8.52985
0.46 0.70000 8.34935
0.48 0.70000 8.15480
0.5 0.70000 7.95310
0.52 0.70000 7.75140
0.54 0.70000 7.55685
0.56 0.70000 7.37635
0.58 0.70000 7.21631
0.6 0.70000 7.08239
0.62 0.70000 6.97935
0.64 0.70000 6.91084
0.66 0.70000 6.87930
0.68 0.70000 6.88585
0.7 0.70000 6.93027
0.72 0.70000 7.01098
0.74 0.70000 7.12513
0.76 0.70000 7.26869
0.78 0.70000 7.43656
0.8 0.70000 7.62282
0.82 0.70000 7.82087
0.84 0.70000 8.02368
0.86 0.70000 8.22409
0.88 0.70000 8.41499
0.9 0.70000 8.58963
0.92 0.70000 8.74182
0.94 0.70000 8.86617
0.96 0.70000 8.95828
0.98 0.70000 9.01488
1.0 0.70000 9.03397

0.0 0.72000 4.92900
0.02 0.72000 4.94818
0.04 0.72000 5.00505
0.06 0.72000 5.09758
0.08 0.72000 5.22251
0.1 0.72000 5.37540
0.12 0.72000 5.55084
0.14 0.72000 5.74263
0.16 0.72000 5.94396
0.18 0.72000 6.14771
0.2 0.72000 6.34666
0.22 0.72000 6.53377
0.24 0.72000 6.70242
0.26 0.72000 6.84662
0.28 0.72000 6.96128
0.3 0.72000 7.04234
0.32 0.72000 7.08694
0.34 0.72000 7.09348
0.36 0.72000 7.06176
0.38 0.72000 6.99290
0.4 0.72000 6.88934
0.42 0.72000 6.75476
0.44 0.72000 6.59392
0.46 0.72000 6.41254
0.48 0.72000 6.21704
0.5 0.72000 6.01436
0.52 0.72000 5.81167
0.54 0.72000 5.61617
0.56 0.72000 5.43479
0.58 0.72000 5.27396
0.6 0.72000 5.13937
0.62 0.72000 5.03581
0.64 0.72000 4.96695
0.66 0.72000 4.93523
0.68 0.72000 4.94178
0.7 0.72000 4.98637
0.72 0.72000 5.06743
0.74 0.72000 5.18209
0.76 0.72000 5.32630
0.78 0.72000 5.49494
0.8 0.72000 5.68205
0.82 0.72000 5.88100
0.84 0.72000 6.08475
0.86 0.72000 6.28609
0.88 0.72000 6.47787
0.9 0.72000 6.65332
0.92 0.72000 6.80621
0.94 0.72000 6.93113
0.96 0.72000 7.02367
0.98 0.72000 7.08053
1.0 0.72000 7.09971

0.0 0.74000 3.33036
0.02 0.74000 3.34776
0.04 0.74000 3.39932
0.06 0.74000 3.48323
0.08 0.74000 3.59650
0.1 0.74000 3.73514
0.12 0.74000 3.89423
0.14 0.74000 4.06813
0.16 0.74000 4.25069
0.18 0.74000 4.43544
0.2 0.74000 4.61584
0.22 0.74000 4.78550
0.24 0.74000 4.93841
0.26 0.74000 5.06917
0.28 0.74000 5.17313
0.3 0.74000 5.24662
0.32 0.74000 5.28705
0.34 0.74000 5.29298
0.36 0.74000 5.26420
0.38 0.74000 5.20174
0.4 0.74000 5.10782
0.42 0.74000 4.98577
0.44 0.74000 4.83992
0.46 0.74000 4.67543
0.48 0.74000 4.49814
0.5 0.74000 4.31433
0.52 0.74000 4.13053
0.54 0.74000 3.95324
0.56 0.74000 3.78875
0.58 0.74000 3.64290
0.6 0.74000 3.52084
0.62 0.74000 3.42692
0.64 0.74000 3.36447
0.66 0.74000 3.33569
0.68 0.74000 3.34162
0.7 0.74000 3.38204
0.72 0.74000 3.45554
0.74 0.74000 3.55950
0.76 0.74000 3.69025
0.78 0.74000 3.84317
0.8 0.74000 4.01283
0.82 0.74000 4.19323
0.84 0.74000 4.37798
0.86 0.74000 4.56054
0.88 0.74000 4.73444
0.9 0.74000 4.89353
0.92 0.74000 5.03216
0.94 0.74000 5.14544
0.96 0.74000 5.22935
0.98 0.74000 5.28091
1.0 0.74000 5.29830

0.0 0.76000 2.23287
0.02 0.76000 2.24677
0.04 0.76000 2.28799
0.06 0.76000 2.35506
0.08 0.76000 2.44560
0.1 0.76000 2.55642
0.12 0.76000 2.68358
0.14 0.76000 2.82259
0.16 0.76000 2.96851
0.18 0.76000 3.11619
0.2 0.76000 3.26039
0.22 0.76000 3.39600
0.24 0.76000 3.51823
0.26 0.76000 3.62275
0.28 0.76000 3.70585
0.3 0.76000 3.76460
0.32 0.76000 3.79691
0.34 0.76000 3.80166
0.36 0.76000 3.77866
0.38 0.76000 3.72874
0.4 0.76000 3.65367
0.42 0.76000 3.55612
0.44 0.76000 3.43954
0.46 0.76000 3.30806
0.48 0.76000 3.16636
0.5 0.76000 3.01944
0.52 0.76000 2.87253
0.54 0.76000 2.73082
0.56 0.76000 2.59935
0.58 0.76000 2.48277
0.6 0.76000 2.38521
0.62 0.76000 2.31014
0.64 0.76000 2.26023
0.66 0.76000 2.23723
0.68 0.76000 2.24197
0.7 0.76000 2.27429
0.72 0.76000 2.33303
0.74 0.76000 2.41614
0.76 0.76000 2.52065
0.78 0.76000 2.64288
0.8 0.76000 2.77850
0.82 0.76000 2.92270
0.84 0.76000 3.07037
0.86 0.76000 3.21630
0.88 0.76000 3.35530
0.9 0.76000 3.48246
0.92 0.76000 3.59328
0.94 0.76000 3.68383
0.96 0.76000 3.75089
0.98 0.76000 3.79211
1.0 0.76000 3.80601

0.0 0.78000 1.74401
0.02 0.78000 1.75306
0.04 0.78000 1.77989
0.06 0.78000 1.82356
0.08 0.78000 1.88251
0.1 0.78000 1.95467
0.12 0.78000 2.03746
0.14 0.78000 2.12797
0.16 0.78000 2.22298
0.18 0.78000 2.31914
0.2 0.78000 2.41303
0.22 0.78000 2.50133
0.24 0.78000 2.58092
0.26 0.78000 2.64898
0.28 0.78000 2.70310
0.3 0.78000 2.74137
0.32 0.78000 2.76242
0.34 0.78000 2.76553
0.36 0.78000 2.75058
0.38 0.78000 2.71810
0.4 0.78000 2.66924
0.42 0.78000 2.60575
0.44 0.78000 2.52987
0.46 0.78000 2.44430
0.48 0.78000 2.35206
0.5 0.78000 2.25643
0.52 0.78000 2.16081
0.54 0.78000 2.06857
0.56 0.78000 1.98300
0.58 0.78000 1.90712
0.6 0.78000 1.84363
0.62 0.78000 1.79477
0.64 0.78000 1.76229
0.66 0.78000 1.74734
0.68 0.78000 1.75045
0.7 0.78000 1.77150
0.72 0.78000 1.80977
0.74 0.78000 1.86389
0.76 0.78000 1.93195
0.78 0.78000 2.01154
0.8 0.78000 2.09984
0.82 0.78000 2.19373
0.84 0.78000 2.28989
0.86 0.78000 2.38490
0.88 0.78000 2.47541
0.9 0.78000 2.55820
0.92 0.78000 2.63036
0.94 0.78000 2.68931
0.96 0.78000 2.73298
0.98 0.78000 2.75981
1.0 0.78000 2.76886

0.0 0.80000 1.91166
0.02 0.80000 1.91498
0.04 0.80000 1.92481
0.06 0.80000 1.94080
0.08 0.80000 1.96240
0.1 0.80000 1.98883
0.12 0.80000 2.01915
0.14 0.80000 2.05231
0.16 0.80000 2.08712
0.18 0.80000 2.12234
0.2 0.80000 2.15675
0.22 0.80000 2.18910
0.24 0.80000 2.21827
0.26 0.80000 2.24322
0.28 0.80000 2.26307
0.3 0.80000 2.27712
0.32 0.80000 2.28486
0.34 0.80000 2.28604
0.36 0.80000 2.28061
0.38 0.80000 2.26876
0.4 0.80000 2.25091
0.42 0.80000 2.22771
0.44 0.80000 2.19998
0.46 0.80000 2.16869
0.48 0.80000 2.13497
0.5 0.80000 2.10000
0.52 0.80000 2.06503
0.54 0.80000 2.03131
0.56 0.80000 2.00002
0.58 0.80000 1.97229
0.6 0.80000 1.94909
0.62 0.80000 1.93124
0.64 0.80000 1.91939
0.66 0.80000 1.91396
0.68 0.80000 1.91514
0.7 0.80000 1.92288
0.72 0.80000 1.93693
0.74 0.80000 1.95678
0.76 0.80000 1.98173
0.78 0.80000 2.01090
0.8 0.80000 2.04325
0.82 0.80000 2.07766
0.84 0.80000 2.11288
0.86 0.80000 2.14769
0.88 0.80000 2.18085
0.9 0.80000 2.21117
0.92 0.80000 2.23760
0.94 0.80000 2.25920
0.96 0.80000 2.27519
0.98 0.80000 2.28502
1.0 0.80000 2.28834

0.0 0.82000 2.71947
0.02 0.82000 2.71672
0.04 0.82000 2.70859
0.06 0.82000 2.69534
0.08 0.82000 2.67747
0.1 0.82000 2.65559
0.12 0.82000 2.63049
0.14 0.82000 2.60305
0.16 0.82000 2.57425
0.18 0.82000 2.54510
0.2 0.82000 2.51665
0.22 0.82000 2.48990
0.24 0.82000 2.46581
0.26 0.82000 2.44521
0.28 0.82000 2.42885
0.3 0.82000 2.41731
0.32 0.82000 2.41100
0.34 0.82000 2.41014
0.36 0.82000 2.41477
0.38 0.82000 2.42472
0.4 0.82000 2.43964
0.42 0.82000 2.45901
0.44 0.82000 2.48215
0.46 0.82000 2.50822
0.48 0.82000 2.53632
0.5 0.82000 2.56545
0.52 0.82000 2.59458
0.54 0.82000 2.62268
0.56 0.82000 2.64876
0.58 0.82000 2.67189
0.6 0.82000 2.69126
0.62 0.82000 2.70618
0.64 0.82000 2.71613
0.66 0.82000 2.72076
0.68 0.82000 2.71990
0.7 0.82000 2.71359
0.72 0.82000 2.70205
0.74 0.82000 2.68569
0.76 0.82000 2.66510
0.78 0.82000 2.64100
0.8 0.82000 2.61425
0.82 0.82000 2.58580
0.84 0.82000 2.55666
0.86 0.82000 2.52786
0.88 0.82000 2.50042
0.9 0.82000 2.47531
0.92 0.82000 2.45344
0.94 0.82000 2.43556
0.96 0.82000 2.42232
0.98 0.82000 2.41418
1.0 0.82000 2.41143

0.0 0.84000 4.08838
0.02 0.84000 4.07984
0.04 0.84000 4.05453
0.06 0.84000 4.01335
0.08 0.84000 3.95776
0.1 0.84000 3.88972
0.12 0.84000 3.81164
0.14 0.84000 3.72630
0.16 0.84000 3.63671
0.18 0.84000 3.54606
0.2 0.84000 3.45755
0.22 0.84000 3.37431
0.24 0.84000 3.29931
0.26 0.84000 3.23520
0.28 0.84000 3.18424
0.3 0.84000 3.14825
0.32 0.84000 3.12851
0.34 0.84000 3.12571
0.36 0.84000 3.13995
0.38 0.84000 3.17073
0.4 0.84000 3.21697
0.42 0.84000 3.27702
0.44 0.84000 3.34877
0.46 0.84000 3.42966
0.48 0.84000 3.51685
0.5 0.84000 3.60723
0.52 0.84000 3.69761
0.54 0.84000 3.78479
0.56 0.84000 3.86569
0.58 0.84000 3.93743
0.6 0.84000 3.99748
0.62 0.84000 4.04372
0.64 0.84000 4.07451
0.66 0.84000 4.08875
0.68 0.84000 4.08595
0.7 0.84000 4.06620
0.72 0.84000 4.03021
0.74 0.84000 3.97926
0.76 0.84000 3.91514
0.78 0.84000 3.84014
0.8 0.84000 3.75691
0.82 0.84000 3.66840
0.84 0.84000 3.57774
0.86 0.84000 3.48816
0.88 0.84000 3.40281
0.9 0.84000 3.32474
0.92 0.84000 3.25670
0.94 0.84000 3.20110
0.96 0.84000 3.15992
0.98 0.84000 3.13461
1.0 0.84000 3.12608

0.0 0.86000 5.88442
0.02 0.86000 5.87093
0.04 0.86000 5.83093
0.06 0.86000 5.76584
0.08 0.86000 5.67797
0.1 0.86000 5.57043
0.12 0.86000 5.44703
0.14 0.86000 5.31214
0.16 0.86000 5.17054
0.18 0.86000 5.02725
0.2 0.86000 4.88734
0.22 0.86000 4.75578
0.24 0.86000 4.63722
0.26 0.86000 4.53586
0.28 0.86000 4.45530
0.3 0.86000 4.39840
0.32 0.86000 4.36716
0.34 0.86000 4.36269
0.36 0.86000 4.38516
0.38 0.86000 4.43378
0.4 0.86000 4.50681
0.42 0.86000 4.60167
0.44 0.86000 4.71502
0.46 0.86000 4.84282
0.48 0.86000 4.98056
0.5 0.86000 5.12335
0.52 0.86000 5.26615
0.54 0.86000 5.40388
0.56 0.86000 5.53169
0.58 0.86000 5.64503
0.6 0.86000 5.73989
0.62 0.86000 5.81293
0.64 0.86000 5.86154
0.66 0.86000 5.88401
0.68 0.86000 5.87955
0.7 0.86000 5.84831
0.72 0.86000 5.79140
0.74 0.86000 5.71084
0.76 0.86000 5.60948
0.78 0.86000 5.49092
0.8 0.86000 5.35936
0.82 0.86000 5.21945
0.84 0.86000 5.07616
0.86 0.86000 4.93457
0.88 0.86000 4.79968
0.9 0.86000 4.67628
0.92 0.86000 4.56873
0.94 0.86000 4.48086
0.96 0.86000 4.41577
0.98 0.86000 4.37578
1.0 0.86000 4.36228

0.0 0.88000 7.93180
0.02 0.88000 7.91467
0.04 0.88000 7.86390
0.06 0.88000 7.78128
0.08 0.88000 7.66973
0.1 0.88000 7.53322
0.12 0.88000 7.37657
0.14 0.88000 7.20534
0.16 0.88000 7.02560
0.18 0.88000 6.84370
0.2 0.88000 6.66610
0.22 0.88000 6.49909
0.24 0.88000 6.34858
0.26 0.88000 6.21991
0.28 0.88000 6.11764
0.3 0.88000 6.04538
0.32 0.88000 6.00571
0.34 0.88000 6.00003
0.36 0.88000 6.02853
0.38 0.88000 6.09022
0.4 0.88000 6.18291
0.42 0.88000 6.30331
0.44 0.88000 6.44716
0.46 0.88000 6.60936
0.48 0.88000 6.78418
0.5 0.88000 6.96541
0.52 0.88000 7.14665
0.54 0.88000 7.32147
0.56 0.88000 7.48367
0.58 0.88000 7.62752
0.6 0.88000 7.74792
0.62 0.88000 7.84061
0.64 0.88000 7.90229
0.66 0.88000 7.93080
0.68 0.88000 7.92512
0.7 0.88000 7.88544
0.72 0.88000 7.81319
0.74 0.88000 7.71092
0.76 0.88000 7.58225
0.78 0.88000 7.43174
0.8 0.88000 7.26473
0.82 0.88000 7.08713
0.84 0.88000 6.90523
0.86 0.88000 6.72549
0.88 0.88000 6.55426
0.9 0.88000 6.39761
0.92 0.88000 6.26110
0.94 0.88000 6.14955
0.96 0.88000 6.06693
0.98 0.88000 6.01615
1.0 0.88000 5.99903

0.0 0.90000 10.03013
0.02 0.90000 10.01104
0.04 0.90000 9.95447
0.06 0.90000 9.86240
0.08 0.90000 9.73810
0.1 0.90000 9.58598
0.12 0.90000 9.41142
0.14 0.90000 9.22062
0.16 0.90000 9.02032
0.18 0.90000 8.81762
0.2 0.90000 8.61972
0.22 0.90000 8.43361
0.24 0.90000 8.26589
0.26 0.90000 8.12250
0.28 0.90000 8.00853
0.3 0.90000 7.92801
0.32 0.90000 7.88379
0.34 0.90000 7.87745
0.36 0.90000 7.90920
0.38 0.90000 7.97793
0.4 0.90000 8.08120
0.42 0.90000 8.21535
0.44 0.90000 8.37564
0.46 0.90000 8.55637
0.48 0.90000 8.75116
0.5 0.90000 8.95310
0.52 0.90000 9.15504
0.54 0.90000 9.34983
0.56 0.90000 9.53057
0.58 0.90000 9.69085
0.6 0.90000 9.82500
0.62 0.90000 9.92827
0.64 0.90000 9.99700
0.66 0.90000 10.02876
0.68 0.90000 10.02241
0.7 0.90000 9.97820
0.72 0.90000 9.89768
0.74 0.90000 9.78370
0.76 0.90000 9.64032
0.78 0.90000 9.47260
0.8 0.90000 9.28649
0.82 0.90000 9.08858
0.84 0.90000 8.88589
0.86 0.90000 8.68559
0.88 0.90000 8.49478
0.9 0.90000 8.32023
0.92 0.90000 8.16810
0.94 0.90000 8.04381
0.96 0.90000 7.95174
0.98 0.90000 7.89516
1.0 0.90000 7.87607

0.0 0.92000 11.97402
0.02 0.92000 11.95485
0.04 0.92000 11.89800
0.06 0.92000 11.80550
0.08 0.92000 11.68062
0.1 0.92000 11.52778
0.12 0.92000 11.35240
0.14 0.92000 11.16070
0.16 0.92000 10.95946
0.18 0.92000 10.75581
0.2 0.92000 10.55697
0.22 0.92000 10.36998
0.24 0.92000 10.20147
0.26 0.92000 10.05741
0.28 0.92000 9.94289
0.3 0.92000 9.86199
0.32 0.92000 9.81756
0.34 0.92000 9.81119
0.36 0.92000 9.84309
0.38 0.92000 9.91213
0.4 0.92000 10.01588
0.42 0.92000 10.15066
0.44 0.92000 10.31169
0.46 0.92000 10.49327
0.48 0.92000 10.68896
0.5 0.92000 10.89185
0.52 0.92000 11.09473
0.54 0.92000 11.29043
0.56 0.92000 11.47201
0.58 0.92000 11.63304
0.6 0.92000 11.76781
0.62 0.92000 11.87156
0.64 0.92000 11.94061
0.66 0.92000 11.97251
0.68 0.92000 11.96613
0.7 0.92000 11.92170
0.72 0.92000 11.84080
0.74 0.92000 11.72629
0.76 0.92000 11.58223
0.78 0.92000 11.41371
0.8 0.92000 11.22673
0.82 0.92000 11.02789
0.84 0.92000 10.82424
0.86 0.92000 10.62300
0.88 0.92000 10.43129
0.9 0.92000 10.25591
0.92 0.92000 10.10308
0.94 0.92000 9.97820
0.96 0.92000 9.88569
0.98 0.92000 9.82885
1.0 0.92000 9.80967

0.0 0.94000 13.57320
0.02 0.94000 13.55582
0.04 0.94000 13.50427
0.06 0.94000 13.42039
0.08 0.94000 13.30715
0.1 0.94000 13.16856
0.12 0.94000 13.00953
0.14 0.94000 12.83569
0.16 0.94000 12.65321
0.18 0.94000 12.46854
0.2 0.94000 12.28823
0.22 0.94000 12.11867
0.24 0.94000 11.96587
0.26 0.94000 11.83523
0.28 0.94000 11.73139
0.3 0.94000 11.65803
0.32 0.94000 11.61774
0.34 0.94000 11.61196
0.36 0.94000 11.64088
0.38 0.94000 11.70349
0.4 0.94000 11.79757
0.42 0.94000 11.91978
0.44 0.94000 12.06579
0.46 0.94000 12.23045
0.48 0.94000 12.40790
0.5 0.94000 12.59187
0.52 0.94000 12.77584
0.54 0.94000 12.95330
0.56 0.94000 13.11795
0.58 0.94000 13.26396
0.6 0.94000 13.38618
0.62 0.94000 13.48025
0.64 0.94000 13.54286
0.66 0.94000 13.57178
0.68 0.94000 13.56600
0.7 0.94000 13.52571
0.72 0.94000 13.45235
0.74 0.94000 13.34851
0.76 0.94000 13.21787
0.78 0.94000 13.06507
0.8 0.94000 12.89551
0.82 0.94000 12.71520
0.84 0.94000 12.53054
0.86 0.94000 12.34805
0.88 0.94000 12.17421
0.9 0.94000 12.01518
0.92 0.94000 11.87659
0.94 0.94000 11.76335
0.96 0.94000 11.67947
0.98 0.94000 11.62793
1.0 0.94000 11.61054

0.0 0.96000 14.67115
0.02 0.96000 14.65725
0.04 0.96000 14.61605
0.06 0.96000 14.54900
0.08 0.96000 14.45849
0.1 0.96000 14.34771
0.12 0.96000 14.22059
0.14 0.96000 14.08164
0.16 0.96000 13.93578
0.18 0.96000 13.78817
0.2 0.96000 13.64405
0.22 0.96000 13.50852
0.24 0.96000 13.38638
0.26 0.96000 13.28196
0.28 0.96000 13.19896
0.3 0.96000 13.14032
0.32 0.96000 13.10812
0.34 0.96000 13.10350
0.36 0.96000 13.12662
0.38 0.96000 13.17666
0.4 0.96000 13.25186
0.42 0.96000 13.34954
0.44 0.96000 13.46626
0.46 0.96000 13.59787
0.48 0.96000 13.73971
0.5 0.96000 13.88676
0.52 0.96000 14.03381
0.54 0.96000 14.17566
0.56 0.96000 14.30727
0.58 0.96000 14.42398
0.6 0.96000 14.52167
0.62 0.96000 14.59686
0.64 0.96000 14.64691
0.66 0.96000 14.67003
0.68 0.96000 14.66540
0.7 0.96000 14.63320
0.72 0.96000 14.57456
0.74 0.96000 14.49156
0.76 0.96000 14.38714
0.78 0.96000 14.26500
0.8 0.96000 14.12947
0.82 0.96000 13.98535
0.84 0.96000 13.83775
0.86 0.96000 13.69188
0.88 0.96000 13.55293
0.9 0.96000 13.42582
0.92 0.96000 13.31504
0.94 0.96000 13.22452
0.96 0.96000 13.15748
0.98 0.96000 13.11627
1.0 0.96000 13.10238

0.0 0.98000 15.16039
0.02 0.98000 15.15134
0.04 0.98000 15.12452
0.06 0.98000 15.08087
0.08 0.98000 15.02194
0.1 0.98000 14.94982
0.12 0.98000 14.86706
0.14 0.98000 14.77660
0.16 0.98000 14.68164
0.18 0.98000 14.58554
0.2 0.98000 14.49171
0.22 0.98000 14.40348
0.24 0.98000 14.32396
0.26 0.98000 14.25598
0.28 0.98000 14.20195
0.3 0.98000 14.16377
0.32 0.98000 14.14281
0.34 0.98000 14.13980
0.36 0.98000 14.15486
0.38 0.98000 14.18744
0.4 0.98000 14.23640
0.42 0.98000 14.30000
0.44 0.98000 14.37599
0.46 0.98000 14.46168
0.48 0.98000 14.55403
0.5 0.98000 14.64977
0.52 0.98000 14.74551
0.54 0.98000 14.83786
0.56 0.98000 14.92355
0.58 0.98000 14.99954
0.6 0.98000 15.06314
0.62 0.98000 15.11210
0.64 0.98000 15.14468
0.66 0.98000 15.15974
0.68 0.98000 15.15673
0.7 0.98000 15.13577
0.72 0.98000 15.09759
0.74 0.98000 15.04356
0.76 0.98000 14.97558
0.78 0.98000 14.89606
0.8 0.98000 14.80783
0.82 0.98000 14.71400
0.84 0.98000 14.61790
0.86 0.98000 14.52294
0.88 0.98000 14.43248
0.9 0.98000 14.34972
0.92 0.98000 14.27760
0.94 0.98000 14.21867
0.96 0.98000 14.17502
0.98 0.98000 14.14820
1.0 0.98000 14.13915

0.0 1.00000 14.99304
0.02 1.00000 14.98973
0.04 1.00000 14.97991
0.06 1.00000 14.96393
0.08 1.00000 14.94236
0.1 1.00000 14.91595
0.12 1.00000 14.88566
0.14 1.00000 14.85254
0.16 1.00000 14.81778
0.18 1.00000 14.78260
0.2 1.00000 14.74825
0.22 1.00000 14.71595
0.24 1.00000 14.68684
0.26 1.00000 14.66196
0.28 1.00000 14.64218
0.3 1.00000 14.62821
0.32 1.00000 14.62054
0.34 1.00000 14.61944
0.36 1.00000 14.62496
0.38 1.00000 14.63690
0.4 1.00000 14.65483
0.42 1.00000 14.67812
0.44 1.00000 14.70595
0.46 1.00000 14.73733
0.48 1.00000 14.77115
0.5 1.00000 14.80620
0.52 1.00000 14.84126
0.54 1.00000 14.87508
0.56 1.00000 14.90646
0.58 1.00000 14.93429
0.6 1.00000 14.95758
0.62 1.00000 14.97551
0.64 1.00000 14.98745
0.66 1.00000 14.99297
0.68 1.00000 14.99187
0.7 1.00000 14.98420
0.72 1.00000 14.97023
0.74 1.00000 14.95045
0.76 1.00000 14.92557
0.78 1.00000 14.89646
0.8 1.00000 14.86416
0.82 1.00000 14.82981
0.84 1.00000 14.79463
0.86 1.00000 14.75987
0.88 1.00000 14.72675
0.9 1.00000 14.69646
0.92 1.00000 14.67005
0.94 1.00000 14.64848
0.96 1.00000 14.63250
0.98 1.00000 14.62268
1.0 1.00000 14.61937

