0.0 0.00000 0.00000
0.02 0.00000 0.00000
0.04 0.00000 0.00000
0.06 0.00000 0.00000
0.08 0.00000 0.00000
0.1 0.00000 0.00000
0.12 0.00000 0.00000
0.14 0.00000 0.00000
0.16 0.00000 0.00000
0.18 0.00000 0.00000
0.2 0.00000 0.00000
0.22 0.00000 0.00000
0.24 0.00000 0.00000
0.26 0.00000 0.00000
0.28 0.00000 0.00000
0.3 0.00000 0.00000
0.32 0.00000 0.00000
0.34 0.00000 0.00000
0.36 0.00000 0.00000
0.38 0.00000 0.00000
0.4 0.00000 0.00000
0.42 0.00000 0.00000
0.44 0.00000 0.00000
0.46 0.00000 0.00000
0.48 0.00000 0.00000
0.5 0.00000 0.00000
0.52 0.00000 0.00000
0.54 0.00000 0.00000
0.56 0.00000 0.00000
0.58 0.00000 0.00000
0.6 0.00000 10.00000
0.62 0.00000 10.00000
0.64 0.00000 10.00000
0.66 0.00000 10.00000
0.68 0.00000 10.00000
0.7 0.00000 10.00000
0.72 0.00000 10.00000
0.74 0.00000 10.00000
0.76 0.00000 10.00000
0.78 0.00000 10.00000
0.8 0.00000 10.00000
0.82 0.00000 0.00000
0.84 0.00000 0.00000
0.86 0.00000 0.00000
0.88 0.00000 0.00000
0.9 0.00000 0.00000
0.92 0.00000 0.00000
0.94 0.00000 0.00000
0.96 0.00000 0.00000
0.98 0.00000 0.00000
1.0 0.00000 0.00000

0.0 0.04000 2.33333
0.02 0.04000 2.32723
0.04 0.04000 2.30927
0.06 0.04000 2.28044
0.08 0.04000 2.24234
0.1 0.04000 2.19717
0.12 0.04000 2.14760
0.14 0.04000 2.09669
0.16 0.04000 2.04782
0.18 0.04000 2.00453
0.2 0.04000 1.97040
0.22 0.04000 1.94895
0.24 0.04000 1.94350
0.26 0.04000 1.95703
0.28 0.04000 1.99208
0.3 0.04000 2.05065
0.32 0.04000 2.13413
0.34 0.04000 2.24317
0.36 0.04000 2.37771
0.38 0.04000 2.53689
0.4 0.04000 2.71907
0.42 0.04000 2.92182
0.44 0.04000 3.14200
0.46 0.04000 3.37578
0.48 0.04000 3.61873
0.5 0.04000 3.86595
0.52 0.04000 4.11218
0.54 0.04000 4.35194
0.56 0.04000 4.57970
0.58 0.04000 4.79012
0.6 0.04000 4.97816
0.62 0.04000 5.13939
0.64 0.04000 5.27012
0.66 0.04000 5.36761
0.68 0.04000 5.43023
0.7 0.04000 5.45753
0.72 0.04000 5.45029
0.74 0.04000 5.41051
0.76 0.04000 5.34133
0.78 0.04000 5.24694
0.8 0.04000 5.13237
0.82 0.04000 5.00330
0.84 0.04000 4.86584
0.86 0.04000 4.72622
0.88 0.04000 4.59059
0.9 0.04000 4.46475
0.92 0.04000 4.35399
0.94 0.04000 4.26285
0.96 0.04000 4.19501
0.98 0.04000 4.15320
1.0 0.04000 4.13908

0.0 0.08000 6.72735
0.02 0.08000 6.71278
0.04 0.08000 6.66970
0.06 0.08000 6.59986
0.08 0.08000 6.50616
0.1 0.08000 6.39249
0.12 0.08000 6.26360
0.14 0.08000 6.12497
0.16 0.08000 5.98253
0.18 0.08000 5.84251
0.2 0.08000 5.71121
0.22 0.08000 5.59472
0.24 0.08000 5.49876
0.26 0.08000 5.42842
0.28 0.08000 5.38799
0.3 0.08000 5.38082
0.32 0.08000 5.40914
0.34 0.08000 5.47402
0.36 0.08000 5.57529
0.38 0.08000 5.71154
0.4 0.08000 5.88020
0.42 0.08000 6.07754
0.44 0.08000 6.29886
0.46 0.08000 6.53863
0.48 0.08000 6.79065
0.5 0.08000 7.04827
0.52 0.08000 7.30465
0.54 0.08000 7.55294
0.56 0.08000 7.78655
0.58 0.08000 7.99938
0.6 0.08000 8.18598
0.62 0.08000 8.34179
0.64 0.08000 8.46328
0.66 0.08000 8.54806
0.68 0.08000 8.59496
0.7 0.08000 8.60406
0.72 0.08000 8.57673
0.74 0.08000 8.51549
0.76 0.08000 8.42401
0.78 0.08000 8.30693
0.8 0.08000 8.16966
0.82 0.08000 8.01827
0.84 0.08000 7.85921
0.86 0.08000 7.69907
0.88 0.08000 7.54440
0.9 0.08000 7.40143
0.92 0.08000 7.27587
0.94 0.08000 7.17269
0.96 0.08000 7.09595
0.98 0.08000 7.04867
1.0 0.08000 7.03271

0.0 0.12000 11.17047
0.02 0.12000 11.15298
0.04 0.12000 11.10120
0.06 0.12000 11.01711
0.08 0.12000 10.90396
0.1 0.12000 10.76610
0.12 0.12000 10.60889
0.14 0.12000 10.43846
0.16 0.12000 10.26149
0.18 0.12000 10.08501
0.2 0.12000 9.91611
0.22 0.12000 9.76168
0.24 0.12000 9.62820
0.26 0.12000 9.52148
0.28 0.12000 9.44645
0.3 0.12000 9.40699
0.32 0.12000 9.40576
0.34 0.12000 9.44415
0.36 0.12000 9.52219
0.38 0.12000 9.63851
0.4 0.12000 9.79048
0.42 0.12000 9.97420
0.44 0.12000 10.18467
0.46 0.12000 10.41599
0.48 0.12000 10.66149
0.5 0.12000 10.91404
0.52 0.12000 11.16624
0.54 0.12000 11.41070
0.56 0.12000 11.64030
0.58 0.12000 11.84841
0.6 0.12000 12.02915
0.62 0.12000 12.17757
0.64 0.12000 12.28985
0.66 0.12000 12.36338
0.68 0.12000 12.39689
0.7 0.12000 12.39049
0.72 0.12000 12.34563
0.74 0.12000 12.26506
0.76 0.12000 12.15276
0.78 0.12000 12.01374
0.8 0.12000 11.85390
0.82 0.12000 11.67980
0.84 0.12000 11.49841
0.86 0.12000 11.31692
0.88 0.12000 11.14240
0.9 0.12000 10.98162
0.92 0.12000 10.84076
0.94 0.12000 10.72522
0.96 0.12000 10.63940
0.98 0.12000 10.58656
1.0 0.12000 10.56873

0.0 0.16000 14.12807
0.02 0.16000 14.11527
0.04 0.16000 14.07738
0.06 0.16000 14.01583
0.08 0.16000 13.93298
0.1 0.16000 13.83199
0.12 0.16000 13.71676
0.14 0.16000 13.59173
0.16 0.16000 13.46176
0.18 0.16000 13.33196
0.2 0.16000 13.20747
0.22 0.16000 13.09332
0.24 0.16000 12.99422
0.26 0.16000 12.91439
0.28 0.16000 12.85743
0.3 0.16000 12.82616
0.32 0.16000 12.82256
0.34 0.16000 12.84764
0.36 0.16000 12.90144
0.38 0.16000 12.98301
0.4 0.16000 13.09045
0.42 0.16000 13.22096
0.44 0.16000 13.37095
0.46 0.16000 13.53616
0.48 0.16000 13.71177
0.5 0.16000 13.89263
0.52 0.16000 14.07340
0.54 0.16000 14.24874
0.56 0.16000 14.41348
0.58 0.16000 14.56285
0.6 0.16000 14.69257
0.62 0.16000 14.79908
0.64 0.16000 14.87957
0.66 0.16000 14.93218
0.68 0.16000 14.95596
0.7 0.16000 14.95099
0.72 0.16000 14.91830
0.74 0.16000 14.85988
0.76 0.16000 14.77857
0.78 0.16000 14.67800
0.8 0.16000 14.56243
0.82 0.16000 14.43657
0.84 0.16000 14.30547
0.86 0.16000 14.17432
0.88 0.16000 14.04821
0.9 0.16000 13.93204
0.92 0.16000 13.83026
0.94 0.16000 13.74678
0.96 0.16000 13.68478
0.98 0.16000 13.64661
1.0 0.16000 13.63372

0.0 0.20000 14.62275
0.02 0.20000 14.62018
0.04 0.20000 14.61258
0.06 0.20000 14.60028
0.08 0.20000 14.58384
0.1 0.20000 14.56400
0.12 0.20000 14.54168
0.14 0.20000 14.51790
0.16 0.20000 14.49381
0.18 0.20000 14.47059
0.2 0.20000 14.44944
0.22 0.20000 14.43152
0.24 0.20000 14.41793
0.26 0.20000 14.40962
0.28 0.20000 14.40741
0.3 0.20000 14.41193
0.32 0.20000 14.42360
0.34 0.20000 14.44262
0.36 0.20000 14.46893
0.38 0.20000 14.50227
0.4 0.20000 14.54212
0.42 0.20000 14.58777
0.44 0.20000 14.63829
0.46 0.20000 14.69261
0.48 0.20000 14.74953
0.5 0.20000 14.80775
0.52 0.20000 14.86596
0.54 0.20000 14.92280
0.56 0.20000 14.97700
0.58 0.20000 15.02736
0.6 0.20000 15.07279
0.62 0.20000 15.11240
0.64 0.20000 15.14545
0.66 0.20000 15.17146
0.68 0.20000 15.19013
0.7 0.20000 15.20144
0.72 0.20000 15.20558
0.74 0.20000 15.20299
0.76 0.20000 15.19429
0.78 0.20000 15.18030
0.8 0.20000 15.16201
0.82 0.20000 15.14050
0.84 0.20000 15.11694
0.86 0.20000 15.09253
0.88 0.20000 15.06847
0.9 0.20000 15.04590
0.92 0.20000 15.02585
0.94 0.20000 15.00925
0.96 0.20000 14.99683
0.98 0.20000 14.98915
1.0 0.20000 14.98656

0.0 0.24000 12.56334
0.02 0.24000 12.57238
0.04 0.24000 12.59920
0.06 0.24000 12.64289
0.08 0.24000 12.70199
0.1 0.24000 12.77451
0.12 0.24000 12.85803
0.14 0.24000 12.94975
0.16 0.24000 13.04662
0.18 0.24000 13.14545
0.2 0.24000 13.24298
0.22 0.24000 13.33604
0.24 0.24000 13.42165
0.26 0.24000 13.49710
0.28 0.24000 13.56008
0.3 0.24000 13.60873
0.32 0.24000 13.64173
0.34 0.24000 13.65831
0.36 0.24000 13.65833
0.38 0.24000 13.64224
0.4 0.24000 13.61105
0.42 0.24000 13.56635
0.44 0.24000 13.51021
0.46 0.24000 13.44509
0.48 0.24000 13.37381
0.5 0.24000 13.29939
0.52 0.24000 13.22496
0.54 0.24000 13.15366
0.56 0.24000 13.08851
0.58 0.24000 13.03232
0.6 0.24000 12.98757
0.62 0.24000 12.95632
0.64 0.24000 12.94014
0.66 0.24000 12.94008
0.68 0.24000 12.95658
0.7 0.24000 12.98947
0.72 0.24000 13.03802
0.74 0.24000 13.10090
0.76 0.24000 13.17625
0.78 0.24000 13.26176
0.8 0.24000 13.35472
0.82 0.24000 13.45216
0.84 0.24000 13.55090
0.86 0.24000 13.64769
0.88 0.24000 13.73933
0.9 0.24000 13.82278
0.92 0.24000 13.89525
0.94 0.24000 13.95430
0.96 0.24000 13.99796
0.98 0.24000 14.02476
1.0 0.24000 14.03380

0.0 0.28000 8.79994
0.02 0.28000 8.81741
0.04 0.28000 8.86922
0.06 0.28000 8.95356
0.08 0.28000 9.06749
0.1 0.28000 9.20707
0.12 0.28000 9.36744
0.14 0.28000 9.54303
0.16 0.28000 9.72776
0.18 0.28000 9.91524
0.2 0.28000 10.09901
0.22 0.28000 10.27275
0.24 0.28000 10.43052
0.26 0.28000 10.56694
0.28 0.28000 10.67745
0.3 0.28000 10.75837
0.32 0.28000 10.80711
0.34 0.28000 10.82224
0.36 0.28000 10.80350
0.38 0.28000 10.75188
0.4 0.28000 10.66951
0.42 0.28000 10.55963
0.44 0.28000 10.42648
0.46 0.28000 10.27510
0.48 0.28000 10.11119
0.5 0.28000 9.94090
0.52 0.28000 9.77061
0.54 0.28000 9.60670
0.56 0.28000 9.45530
0.58 0.28000 9.32214
0.6 0.28000 9.21225
0.62 0.28000 9.12986
0.64 0.28000 9.07822
0.66 0.28000 9.05946
0.68 0.28000 9.07456
0.7 0.28000 9.12328
0.72 0.28000 9.20417
0.74 0.28000 9.31465
0.76 0.28000 9.45105
0.78 0.28000 9.60879
0.8 0.28000 9.78250
0.82 0.28000 9.96625
0.84 0.28000 10.15371
0.86 0.28000 10.33842
0.88 0.28000 10.51399
0.9 0.28000 10.67434
0.92 0.28000 10.81390
0.94 0.28000 10.92782
0.96 0.28000 11.01216
0.98 0.28000 11.06396
1.0 0.28000 11.08143

0.0 0.32000 4.81250
0.02 0.32000 4.83191
0.04 0.32000 4.88947
0.06 0.32000 4.98315
0.08 0.32000 5.10967
0.1 0.32000 5.26460
0.12 0.32000 5.44253
0.14 0.32000 5.63722
0.16 0.32000 5.84188
0.18 0.32000 6.04936
0.2 0.32000 6.25243
0.22 0.32000 6.44403
0.24 0.32000 6.61751
0.26 0.32000 6.76689
0.28 0.32000 6.88705
0.3 0.32000 6.97389
0.32 0.32000 7.02454
0.34 0.32000 7.03739
0.36 0.32000 7.01219
0.38 0.32000 6.95005
0.4 0.32000 6.85337
0.42 0.32000 6.72582
0.44 0.32000 6.57212
0.46 0.32000 6.39797
0.48 0.32000 6.20976
0.5 0.32000 6.01439
0.52 0.32000 5.81901
0.54 0.32000 5.63080
0.56 0.32000 5.45664
0.58 0.32000 5.30295
0.6 0.32000 5.17539
0.62 0.32000 5.07871
0.64 0.32000 5.01656
0.66 0.32000 4.99136
0.68 0.32000 5.00420
0.7 0.32000 5.05484
0.72 0.32000 5.14168
0.74 0.32000 5.26183
0.76 0.32000 5.41120
0.78 0.32000 5.58468
0.8 0.32000 5.77627
0.82 0.32000 5.97933
0.84 0.32000 6.18680
0.86 0.32000 6.39145
0.88 0.32000 6.58614
0.9 0.32000 6.76406
0.92 0.32000 6.91900
0.94 0.32000 7.04552
0.96 0.32000 7.13919
0.98 0.32000 7.19675
1.0 0.32000 7.21616

0.0 0.36000 2.15294
0.02 0.36000 2.16700
0.04 0.36000 2.20869
0.06 0.36000 2.27654
0.08 0.36000 2.36818
0.1 0.36000 2.48040
0.12 0.36000 2.60926
0.14 0.36000 2.75026
0.16 0.36000 2.89847
0.18 0.36000 3.04870
0.2 0.36000 3.19572
0.22 0.36000 3.33442
0.24 0.36000 3.45997
0.26 0.36000 3.56803
0.28 0.36000 3.65490
0.3 0.36000 3.71762
0.32 0.36000 3.75409
0.34 0.36000 3.76315
0.36 0.36000 3.74463
0.38 0.36000 3.69932
0.4 0.36000 3.62898
0.42 0.36000 3.53625
0.44 0.36000 3.42457
0.46 0.36000 3.29805
0.48 0.36000 3.16135
0.5 0.36000 3.01945
0.52 0.36000 2.87755
0.54 0.36000 2.74085
0.56 0.36000 2.61433
0.58 0.36000 2.50265
0.6 0.36000 2.40992
0.62 0.36000 2.33957
0.64 0.36000 2.29426
0.66 0.36000 2.27574
0.68 0.36000 2.28480
0.7 0.36000 2.32127
0.72 0.36000 2.38398
0.74 0.36000 2.47085
0.76 0.36000 2.57892
0.78 0.36000 2.70447
0.8 0.36000 2.84316
0.82 0.36000 2.99018
0.84 0.36000 3.14041
0.86 0.36000 3.28861
0.88 0.36000 3.42961
0.9 0.36000 3.55847
0.92 0.36000 3.67069
0.94 0.36000 3.76233
0.96 0.36000 3.83018
0.98 0.36000 3.87187
1.0 0.36000 3.88593

0.0 0.40000 1.85681
0.02 0.40000 1.86024
0.04 0.40000 1.87039
0.06 0.40000 1.88692
0.08 0.40000 1.90927
0.1 0.40000 1.93666
0.12 0.40000 1.96816
0.14 0.40000 2.00268
0.16 0.40000 2.03905
0.18 0.40000 2.07603
0.2 0.40000 2.11237
0.22 0.40000 2.14684
0.24 0.40000 2.17829
0.26 0.40000 2.20568
0.28 0.40000 2.22811
0.3 0.40000 2.24488
0.32 0.40000 2.25548
0.34 0.40000 2.25962
0.36 0.40000 2.25725
0.38 0.40000 2.24857
0.4 0.40000 2.23397
0.42 0.40000 2.21407
0.44 0.40000 2.18970
0.46 0.40000 2.16182
0.48 0.40000 2.13152
0.5 0.40000 2.10000
0.52 0.40000 2.06848
0.54 0.40000 2.03819
0.56 0.40000 2.01030
0.58 0.40000 1.98593
0.6 0.40000 1.96604
0.62 0.40000 1.95144
0.64 0.40000 1.94275
0.66 0.40000 1.94038
0.68 0.40000 1.94453
0.7 0.40000 1.95512
0.72 0.40000 1.97189
0.74 0.40000 1.99432
0.76 0.40000 2.02171
0.78 0.40000 2.05316
0.8 0.40000 2.08763
0.82 0.40000 2.12397
0.84 0.40000 2.16095
0.86 0.40000 2.19732
0.88 0.40000 2.23184
0.9 0.40000 2.26334
0.92 0.40000 2.29073
0.94 0.40000 2.31307
0.96 0.40000 2.32961
0.98 0.40000 2.33976
1.0 0.40000 2.34318

0.0 0.44000 4.05074
0.02 0.44000 4.04228
0.04 0.44000 4.01719
0.06 0.44000 3.97638
0.08 0.44000 3.92130
0.1 0.44000 3.85392
0.12 0.44000 3.77664
0.14 0.44000 3.69224
0.16 0.44000 3.60373
0.18 0.44000 3.51428
0.2 0.44000 3.42709
0.22 0.44000 3.34531
0.24 0.44000 3.27187
0.26 0.44000 3.20943
0.28 0.44000 3.16025
0.3 0.44000 3.12613
0.32 0.44000 3.10834
0.34 0.44000 3.10757
0.36 0.44000 3.12392
0.38 0.44000 3.15688
0.4 0.44000 3.20534
0.42 0.44000 3.26766
0.44 0.44000 3.34172
0.46 0.44000 3.42495
0.48 0.44000 3.51448
0.5 0.44000 3.60723
0.52 0.44000 3.69997
0.54 0.44000 3.78951
0.56 0.44000 3.87274
0.58 0.44000 3.94679
0.6 0.44000 4.00912
0.62 0.44000 4.05758
0.64 0.44000 4.09053
0.66 0.44000 4.10688
0.68 0.44000 4.10612
0.7 0.44000 4.08833
0.72 0.44000 4.05421
0.74 0.44000 4.00503
0.76 0.44000 3.94258
0.78 0.44000 3.86914
0.8 0.44000 3.78736
0.82 0.44000 3.70018
0.84 0.44000 3.61073
0.86 0.44000 3.52221
0.88 0.44000 3.43781
0.9 0.44000 3.36054
0.92 0.44000 3.29315
0.94 0.44000 3.23807
0.96 0.44000 3.19726
0.98 0.44000 3.17218
1.0 0.44000 3.16372

0.0 0.48000 7.90597
0.02 0.48000 7.88889
0.04 0.48000 7.83827
0.06 0.48000 7.75590
0.08 0.48000 7.64471
0.1 0.48000 7.50865
0.12 0.48000 7.35256
0.14 0.48000 7.18197
0.16 0.48000 7.00296
0.18 0.48000 6.82189
0.2 0.48000 6.64520
0.22 0.48000 6.47918
0.24 0.48000 6.32975
0.26 0.48000 6.20223
0.28 0.48000 6.10117
0.3 0.48000 6.03020
0.32 0.48000 5.99187
0.34 0.48000 5.98758
0.36 0.48000 6.01754
0.38 0.48000 6.08071
0.4 0.48000 6.17492
0.42 0.48000 6.29688
0.44 0.48000 6.44232
0.46 0.48000 6.60612
0.48 0.48000 6.78256
0.5 0.48000 6.96541
0.52 0.48000 7.14827
0.54 0.48000 7.32470
0.56 0.48000 7.48851
0.58 0.48000 7.63395
0.6 0.48000 7.75590
0.62 0.48000 7.85012
0.64 0.48000 7.91329
0.66 0.48000 7.94324
0.68 0.48000 7.93896
0.7 0.48000 7.90063
0.72 0.48000 7.82966
0.74 0.48000 7.72860
0.76 0.48000 7.60108
0.78 0.48000 7.45164
0.8 0.48000 7.28563
0.82 0.48000 7.10894
0.84 0.48000 6.92787
0.86 0.48000 6.74886
0.88 0.48000 6.57827
0.9 0.48000 6.42217
0.92 0.48000 6.28611
0.94 0.48000 6.17492
0.96 0.48000 6.09255
0.98 0.48000 6.04193
1.0 0.48000 6.02486

0.0 0.52000 11.95630
0.02 0.52000 11.93716
0.04 0.52000 11.88041
0.06 0.52000 11.78809
0.08 0.52000 11.66345
0.1 0.52000 11.51092
0.12 0.52000 11.33592
0.14 0.52000 11.14466
0.16 0.52000 10.94392
0.18 0.52000 10.74084
0.2 0.52000 10.54263
0.22 0.52000 10.35632
0.24 0.52000 10.18855
0.26 0.52000 10.04527
0.28 0.52000 9.93160
0.3 0.52000 9.85157
0.32 0.52000 9.80807
0.34 0.52000 9.80265
0.36 0.52000 9.83554
0.38 0.52000 9.90561
0.4 0.52000 10.01040
0.42 0.52000 10.14625
0.44 0.52000 10.30836
0.46 0.52000 10.49104
0.48 0.52000 10.68785
0.5 0.52000 10.89185
0.52 0.52000 11.09584
0.54 0.52000 11.29265
0.56 0.52000 11.47533
0.58 0.52000 11.63745
0.6 0.52000 11.77329
0.62 0.52000 11.87809
0.64 0.52000 11.94816
0.66 0.52000 11.98105
0.68 0.52000 11.97563
0.7 0.52000 11.93212
0.72 0.52000 11.85210
0.74 0.52000 11.73842
0.76 0.52000 11.59515
0.78 0.52000 11.42737
0.8 0.52000 11.24107
0.82 0.52000 11.04285
0.84 0.52000 10.83977
0.86 0.52000 10.63904
0.88 0.52000 10.44777
0.9 0.52000 10.27277
0.92 0.52000 10.12025
0.94 0.52000 9.99561
0.96 0.52000 9.90328
0.98 0.52000 9.84654
1.0 0.52000 9.82740

0.0 0.56000 14.65899
0.02 0.56000 14.64511
0.04 0.56000 14.60398
0.06 0.56000 14.53705
0.08 0.56000 14.44670
0.1 0.56000 14.33614
0.12 0.56000 14.20928
0.14 0.56000 14.07064
0.16 0.56000 13.92512
0.18 0.56000 13.77790
0.2 0.56000 13.63421
0.22 0.56000 13.49915
0.24 0.56000 13.37751
0.26 0.56000 13.27364
0.28 0.56000 13.19121
0.3 0.56000 13.13317
0.32 0.56000 13.10160
0.34 0.56000 13.09764
0.36 0.56000 13.12144
0.38 0.56000 13.17218
0.4 0.56000 13.24810
0.42 0.56000 13.34652
0.44 0.56000 13.46398
0.46 0.56000 13.59634
0.48 0.56000 13.73895
0.5 0.56000 13.88676
0.52 0.56000 14.03458
0.54 0.56000 14.17718
0.56 0.56000 14.30955
0.58 0.56000 14.42701
0.6 0.56000 14.52543
0.62 0.56000 14.60134
0.64 0.56000 14.65209
0.66 0.56000 14.67589
0.68 0.56000 14.67192
0.7 0.56000 14.64035
0.72 0.56000 14.58232
0.74 0.56000 14.49989
0.76 0.56000 14.39601
0.78 0.56000 14.27438
0.8 0.56000 14.13931
0.82 0.56000 13.99562
0.84 0.56000 13.84840
0.86 0.56000 13.70289
0.88 0.56000 13.56424
0.9 0.56000 13.43739
0.92 0.56000 13.32682
0.94 0.56000 13.23647
0.96 0.56000 13.16954
0.98 0.56000 13.12841
1.0 0.56000 13.11454

0.0 0.60000 14.98470
0.02 0.60000 14.98140
0.04 0.60000 14.97163
0.06 0.60000 14.95573
0.08 0.60000 14.93427
0.1 0.60000 14.90801
0.12 0.60000 14.87790
0.14 0.60000 14.84499
0.16 0.60000 14.81046
0.18 0.60000 14.77555
0.2 0.60000 14.74149
0.22 0.60000 14.70951
0.24 0.60000 14.68075
0.26 0.60000 14.65624
0.28 0.60000 14.63686
0.3 0.60000 14.62330
0.32 0.60000 14.61606
0.34 0.60000 14.61542
0.36 0.60000 14.62141
0.38 0.60000 14.63382
0.4 0.60000 14.65225
0.42 0.60000 14.67604
0.44 0.60000 14.70438
0.46 0.60000 14.73628
0.48 0.60000 14.77062
0.5 0.60000 14.80620
0.52 0.60000 14.84179
0.54 0.60000 14.87613
0.56 0.60000 14.90803
0.58 0.60000 14.93637
0.6 0.60000 14.96016
0.62 0.60000 14.97859
0.64 0.60000 14.99100
0.66 0.60000 14.99699
0.68 0.60000 14.99635
0.7 0.60000 14.98911
0.72 0.60000 14.97555
0.74 0.60000 14.95617
0.76 0.60000 14.93166
0.78 0.60000 14.90289
0.8 0.60000 14.87092
0.82 0.60000 14.83686
0.84 0.60000 14.80195
0.86 0.60000 14.76742
0.88 0.60000 14.73451
0.9 0.60000 14.70439
0.92 0.60000 14.67814
0.94 0.60000 14.65668
0.96 0.60000 14.64078
0.98 0.60000 14.63101
1.0 0.60000 14.62771

0.0 0.64000 12.81107
0.02 0.64000 12.81962
0.04 0.64000 12.84497
0.06 0.64000 12.88621
0.08 0.64000 12.94190
0.1 0.64000 13.01006
0.12 0.64000 13.08828
0.14 0.64000 13.17379
0.16 0.64000 13.26357
0.18 0.64000 13.35444
0.2 0.64000 13.44319
0.22 0.64000 13.52669
0.24 0.64000 13.60197
0.26 0.64000 13.66638
0.28 0.64000 13.71766
0.3 0.64000 13.75398
0.32 0.64000 13.77408
0.34 0.64000 13.77724
0.36 0.64000 13.76338
0.38 0.64000 13.73298
0.4 0.64000 13.68715
0.42 0.64000 13.62750
0.44 0.64000 13.55617
0.46 0.64000 13.47569
0.48 0.64000 13.38894
0.5 0.64000 13.29898
0.52 0.64000 13.20902
0.54 0.64000 13.12226
0.56 0.64000 13.04178
0.58 0.64000 12.97045
0.6 0.64000 12.91081
0.62 0.64000 12.86497
0.64 0.64000 12.83458
0.66 0.64000 12.82071
0.68 0.64000 12.82388
0.7 0.64000 12.84397
0.72 0.64000 12.88030
0.74 0.64000 12.93157
0.76 0.64000 12.99599
0.78 0.64000 13.07127
0.8 0.64000 13.15476
0.82 0.64000 13.24351
0.84 0.64000 13.33438
0.86 0.64000 13.42416
0.88 0.64000 13.50967
0.9 0.64000 13.58789
0.92 0.64000 13.65605
0.94 0.64000 13.71174
0.96 0.64000 13.75299
0.98 0.64000 13.77834
1.0 0.64000 13.78689

0.0 0.68000 8.96977
0.02 0.68000 8.98690
0.04 0.68000 9.03771
0.06 0.68000 9.12037
0.08 0.68000 9.23198
0.1 0.68000 9.36858
0.12 0.68000 9.52532
0.14 0.68000 9.69667
0.16 0.68000 9.87655
0.18 0.68000 10.05859
0.2 0.68000 10.23635
0.22 0.68000 10.40355
0.24 0.68000 10.55425
0.26 0.68000 10.68312
0.28 0.68000 10.78561
0.3 0.68000 10.85810
0.32 0.68000 10.89801
0.34 0.68000 10.90394
0.36 0.68000 10.87570
0.38 0.68000 10.81428
0.4 0.68000 10.72187
0.42 0.68000 10.60175
0.44 0.68000 10.45818
0.46 0.68000 10.29626
0.48 0.68000 10.12174
0.5 0.68000 9.94079
0.52 0.68000 9.75985
0.54 0.68000 9.58532
0.56 0.68000 9.42340
0.58 0.68000 9.27984
0.6 0.68000 9.15972
0.62 0.68000 9.06731
0.64 0.68000 9.00589
0.66 0.68000 8.97764
0.68 0.68000 8.98357
0.7 0.68000 9.02349
0.72 0.68000 9.09597
0.74 0.68000 9.19846
0.76 0.68000 9.32734
0.78 0.68000 9.47804
0.8 0.68000 9.64523
0.82 0.68000 9.82299
0.84 0.68000 10.00504
0.86 0.68000 10.18491
0.88 0.68000 10.35626
0.9 0.68000 10.51301
0.92 0.68000 10.64960
0.94 0.68000 10.76121
0.96 0.68000 10.84388
0.98 0.68000 10.89468
1.0 0.68000 10.91181

0.0 0.72000 4.92900
0.02 0.72000 4.94818
0.04 0.72000 5.00505
0.06 0.72000 5.09758
0.08 0.72000 5.22251
0.1 0.72000 5.37540
0.12 0.72000 5.55084
0.14 0.72000 5.74263
0.16 0.72000 5.94396
0.18 0.72000 6.14771
0.2 0.72000 6.34666
0.22 0.72000 6.53377
0.24 0.72000 6.70242
0.26 0.72000 6.84662
0.28 0.72000 6.96128
0.3 0.72000 7.04234
0.32 0.72000 7.08694
0.34 0.72000 7.09348
0.36 0.72000 7.06176
0.38 0.72000 6.99290
0.4 0.72000 6.88934
0.42 0.72000 6.75476
0.44 0.72000 6.59392
0.46 0.72000 6.41254
0.48 0.72000 6.21704
0.5 0.72000 6.01436
0.52 0.72000 5.81167
0.54 0.72000 5.61617
0.56 0.72000 5.43479
0.58 0.72000 5.27396
0.6 0.72000 5.13937
0.62 0.72000 5.03581
0.64 0.72000 4.96695
0.66 0.72000 4.93523
0.68 0.72000 4.94178
0.7 0.72000 4.98637
0.72 0.72000 5.06743
0.74 0.72000 5.18209
0.76 0.72000 5.32630
0.78 0.72000 5.49494
0.8 0.72000 5.68205
0.82 0.72000 5.88100
0.84 0.72000 6.08475
0.86 0.72000 6.28609
0.88 0.72000 6.47787
0.9 0.72000 6.65332
0.92 0.72000 6.80621
0.94 0.72000 6.93113
0.96 0.72000 7.02367
0.98 0.72000 7.08053
1.0 0.72000 7.09971

0.0 0.76000 2.23287
0.02 0.76000 2.24677
0.04 0.76000 2.28799
0.06 0.76000 2.35506
0.08 0.76000 2.44560
0.1 0.76000 2.55642
0.12 0.76000 2.68358
0.14 0.76000 2.82259
0.16 0.76000 2.96851
0.18 0.76000 3.11619
0.2 0.76000 3.26039
0.22 0.76000 3.39600
0.24 0.76000 3.51823
0.26 0.76000 3.62275
0.28 0.76000 3.70585
0.3 0.76000 3.76460
0.32 0.76000 3.79691
0.34 0.76000 3.80166
0.36 0.76000 3.77866
0.38 0.76000 3.72874
0.4 0.76000 3.65367
0.42 0.76000 3.55612
0.44 0.76000 3.43954
0.46 0.76000 3.30806
0.48 0.76000 3.16636
0.5 0.76000 3.01944
0.52 0.76000 2.87253
0.54 0.76000 2.73082
0.56 0.76000 2.59935
0.58 0.76000 2.48277
0.6 0.76000 2.38521
0.62 0.76000 2.31014
0.64 0.76000 2.26023
0.66 0.76000 2.23723
0.68 0.76000 2.24197
0.7 0.76000 2.27429
0.72 0.76000 2.33303
0.74 0.76000 2.41614
0.76 0.76000 2.52065
0.78 0.76000 2.64288
0.8 0.76000 2.77850
0.82 0.76000 2.92270
0.84 0.76000 3.07037
0.86 0.76000 3.21630
0.88 0.76000 3.35530
0.9 0.76000 3.48246
0.92 0.76000 3.59328
0.94 0.76000 3.68383
0.96 0.76000 3.75089
0.98 0.76000 3.79211
1.0 0.76000 3.80601

0.0 0.80000 1.91166
0.02 0.80000 1.91498
0.04 0.80000 1.92481
0.06 0.80000 1.94080
0.08 0.80000 1.96240
0.1 0.80000 1.98883
0.12 0.80000 2.01915
0.14 0.80000 2.05231
0.16 0.80000 2.08712
0.18 0.80000 2.12234
0.2 0.80000 2.15675
0.22 0.80000 2.18910
0.24 0.80000 2.21827
0.26 0.80000 2.24322
0.28 0.80000 2.26307
0.3 0.80000 2.27712
0.32 0.80000 2.28486
0.34 0.80000 2.28604
0.36 0.80000 2.28061
0.38 0.80000 2.26876
0.4 0.80000 2.25091
0.42 0.80000 2.22771
0.44 0.80000 2.19998
0.46 0.80000 2.16869
0.48 0.80000 2.13497
0.5 0.80000 2.10000
0.52 0.80000 2.06503
0.54 0.80000 2.03131
0.56 0.80000 2.00002
0.58 0.80000 1.97229
0.6 0.80000 1.94909
0.62 0.80000 1.93124
0.64 0.80000 1.91939
0.66 0.80000 1.91396
0.68 0.80000 1.91514
0.7 0.80000 1.92288
0.72 0.80000 1.93693
0.74 0.80000 1.95678
0.76 0.80000 1.98173
0.78 0.80000 2.01090
0.8 0.80000 2.04325
0.82 0.80000 2.07766
0.84 0.80000 2.11288
0.86 0.80000 2.14769
0.88 0.80000 2.18085
0.9 0.80000 2.21117
0.92 0.80000 2.23760
0.94 0.80000 2.25920
0.96 0.80000 2.27519
0.98 0.80000 2.28502
1.0 0.80000 2.28834

0.0 0.84000 4.08838
0.02 0.84000 4.07984
0.04 0.84000 4.05453
0.06 0.84000 4.01335
0.08 0.84000 3.95776
0.1 0.84000 3.88972
0.12 0.84000 3.81164
0.14 0.84000 3.72630
0.16 0.84000 3.63671
0.18 0.84000 3.54606
0.2 0.84000 3.45755
0.22 0.84000 3.37431
0.24 0.84000 3.29931
0.26 0.84000 3.23520
0.28 0.84000 3.18424
0.3 0.84000 3.14825
0.32 0.84000 3.12851
0.34 0.84000 3.12571
0.36 0.84000 3.13995
0.38 0.84000 3.17073
0.4 0.84000 3.21697
0.42 0.84000 3.27702
0.44 0.84000 3.34877
0.46 0.84000 3.42966
0.48 0.84000 3.51685
0.5 0.84000 3.60723
0.52 0.84000 3.69761
0.54 0.84000 3.78479
0.56 0.84000 3.86569
0.58 0.84000 3.93743
0.6 0.84000 3.99748
0.62 0.84000 4.04372
0.64 0.84000 4.07451
0.66 0.84000 4.08875
0.68 0.84000 4.08595
0.7 0.84000 4.06620
0.72 0.84000 4.03021
0.74 0.84000 3.97926
0.76 0.84000 3.91514
0.78 0.84000 3.84014
0.8 0.84000 3.75691
0.82 0.84000 3.66840
0.84 0.84000 3.57774
0.86 0.84000 3.48816
0.88 0.84000 3.40281
0.9 0.84000 3.32474
0.92 0.84000 3.25670
0.94 0.84000 3.20110
0.96 0.84000 3.15992
0.98 0.84000 3.13461
1.0 0.84000 3.12608

0.0 0.88000 7.93180
0.02 0.88000 7.91467
0.04 0.88000 7.86390
0.06 0.88000 7.78128
0.08 0.88000 7.66973
0.1 0.88000 7.53322
0.12 0.88000 7.37657
0.14 0.88000 7.20534
0.16 0.88000 7.02560
0.18 0.88000 6.84370
0.2 0.88000 6.66610
0.22 0.88000 6.49909
0.24 0.88000 6.34858
0.26 0.88000 6.21991
0.28 0.88000 6.11764
0.3 0.88000 6.04538
0.32 0.88000 6.00571
0.34 0.88000 6.00003
0.36 0.88000 6.02853
0.38 0.88000 6.09022
0.4 0.88000 6.18291
0.42 0.88000 6.30331
0.44 0.88000 6.44716
0.46 0.88000 6.60936
0.48 0.88000 6.78418
0.5 0.88000 6.96541
0.52 0.88000 7.14665
0.54 0.88000 7.32147
0.56 0.88000 7.48367
0.58 0.88000 7.62752
0.6 0.88000 7.74792
0.62 0.88000 7.84061
0.64 0.88000 7.90229
0.66 0.88000 7.93080
0.68 0.88000 7.92512
0.7 0.88000 7.88544
0.72 0.88000 7.81319
0.74 0.88000 7.71092
0.76 0.88000 7.58225
0.78 0.88000 7.43174
0.8 0.88000 7.26473
0.82 0.88000 7.08713
0.84 0.88000 6.90523
0.86 0.88000 6.72549
0.88 0.88000 6.55426
0.9 0.88000 6.39761
0.92 0.88000 6.26110
0.94 0.88000 6.14955
0.96 0.88000 6.06693
0.98 0.88000 6.01615
1.0 0.88000 5.99903

0.0 0.92000 11.97402
0.02 0.92000 11.95485
0.04 0.92000 11.89800
0.06 0.92000 11.80550
0.08 0.92000 11.68062
0.1 0.92000 11.52778
0.12 0.92000 11.35240
0.14 0.92000 11.16070
0.16 0.92000 10.95946
0.18 0.92000 10.75581
0.2 0.92000 10.55697
0.22 0.92000 10.36998
0.24 0.92000 10.20147
0.26 0.92000 10.05741
0.28 0.92000 9.94289
0.3 0.92000 9.86199
0.32 0.92000 9.81756
0.34 0.92000 9.81119
0.36 0.92000 9.84309
0.38 0.92000 9.91213
0.4 0.92000 10.01588
0.42 0.92000 10.15066
0.44 0.92000 10.31169
0.46 0.92000 10.49327
0.48 0.92000 10.68896
0.5 0.92000 10.89185
0.52 0.92000 11.09473
0.54 0.92000 11.29043
0.56 0.92000 11.47201
0.58 0.92000 11.63304
0.6 0.92000 11.76781
0.62 0.92000 11.87156
0.64 0.92000 11.94061
0.66 0.92000 11.97251
0.68 0.92000 11.96613
0.7 0.92000 11.92170
0.72 0.92000 11.84080
0.74 0.92000 11.72629
0.76 0.92000 11.58223
0.78 0.92000 11.41371
0.8 0.92000 11.22673
0.82 0.92000 11.02789
0.84 0.92000 10.82424
0.86 0.92000 10.62300
0.88 0.92000 10.43129
0.9 0.92000 10.25591
0.92 0.92000 10.10308
0.94 0.92000 9.97820
0.96 0.92000 9.88569
0.98 0.92000 9.82885
1.0 0.92000 9.80967

0.0 0.96000 14.67115
0.02 0.96000 14.65725
0.04 0.96000 14.61605
0.06 0.96000 14.54900
0.08 0.96000 14.45849
0.1 0.96000 14.34771
0.12 0.96000 14.22059
0.14 0.96000 14.08164
0.16 0.96000 13.93578
0.18 0.96000 13.78817
0.2 0.96000 13.64405
0.22 0.96000 13.50852
0.24 0.96000 13.38638
0.26 0.96000 13.28196
0.28 0.96000 13.19896
0.3 0.96000 13.14032
0.32 0.96000 13.10812
0.34 0.96000 13.10350
0.36 0.96000 13.12662
0.38 0.96000 13.17666
0.4 0.96000 13.25186
0.42 0.96000 13.34954
0.44 0.96000 13.46626
0.46 0.96000 13.59787
0.48 0.96000 13.73971
0.5 0.96000 13.88676
0.52 0.96000 14.03381
0.54 0.96000 14.17566
0.56 0.96000 14.30727
0.58 0.96000 14.42398
0.6 0.96000 14.52167
0.62 0.96000 14.59686
0.64 0.96000 14.64691
0.66 0.96000 14.67003
0.68 0.96000 14.66540
0.7 0.96000 14.63320
0.72 0.96000 14.57456
0.74 0.96000 14.49156
0.76 0.96000 14.38714
0.78 0.96000 14.26500
0.8 0.96000 14.12947
0.82 0.96000 13.98535
0.84 0.96000 13.83775
0.86 0.96000 13.69188
0.88 0.96000 13.55293
0.9 0.96000 13.42582
0.92 0.96000 13.31504
0.94 0.96000 13.22452
0.96 0.96000 13.15748
0.98 0.96000 13.11627
1.0 0.96000 13.10238

0.0 1.00000 14.99304
0.02 1.00000 14.98973
0.04 1.00000 14.97991
0.06 1.00000 14.96393
0.08 1.00000 14.94236
0.1 1.00000 14.91595
0.12 1.00000 14.88566
0.14 1.00000 14.85254
0.16 1.00000 14.81778
0.18 1.00000 14.78260
0.2 1.00000 14.74825
0.22 1.00000 14.71595
0.24 1.00000 14.68684
0.26 1.00000 14.66196
0.28 1.00000 14.64218
0.3 1.00000 14.62821
0.32 1.00000 14.62054
0.34 1.00000 14.61944
0.36 1.00000 14.62496
0.38 1.00000 14.63690
0.4 1.00000 14.65483
0.42 1.00000 14.67812
0.44 1.00000 14.70595
0.46 1.00000 14.73733
0.48 1.00000 14.77115
0.5 1.00000 14.80620
0.52 1.00000 14.84126
0.54 1.00000 14.87508
0.56 1.00000 14.90646
0.58 1.00000 14.93429
0.6 1.00000 14.95758
0.62 1.00000 14.97551
0.64 1.00000 14.98745
0.66 1.00000 14.99297
0.68 1.00000 14.99187
0.7 1.00000 14.98420
0.72 1.00000 14.97023
0.74 1.00000 14.95045
0.76 1.00000 14.92557
0.78 1.00000 14.89646
0.8 1.00000 14.86416
0.82 1.00000 14.82981
0.84 1.00000 14.79463
0.86 1.00000 14.75987
0.88 1.00000 14.72675
0.9 1.00000 14.69646
0.92 1.00000 14.67005
0.94 1.00000 14.64848
0.96 1.00000 14.63250
0.98 1.00000 14.62268
1.0 1.00000 14.61937

0.0 1.04000 12.81680
0.02 1.04000 12.82534
0.04 1.04000 12.85065
0.06 1.04000 12.89184
0.08 1.04000 12.94745
0.1 1.04000 13.01551
0.12 1.04000 13.09361
0.14 1.04000 13.17898
0.16 1.04000 13.26859
0.18 1.04000 13.35928
0.2 1.04000 13.44783
0.22 1.04000 13.53110
0.24 1.04000 13.60614
0.26 1.04000 13.67031
0.28 1.04000 13.72131
0.3 1.04000 13.75735
0.32 1.04000 13.77715
0.34 1.04000 13.78000
0.36 1.04000 13.76582
0.38 1.04000 13.73509
0.4 1.04000 13.68892
0.42 1.04000 13.62893
0.44 1.04000 13.55724
0.46 1.04000 13.47641
0.48 1.04000 13.38929
0.5 1.04000 13.29898
0.52 1.04000 13.20866
0.54 1.04000 13.12154
0.56 1.04000 13.04071
0.58 1.04000 12.96903
0.6 1.04000 12.90904
0.62 1.04000 12.86286
0.64 1.04000 12.83214
0.66 1.04000 12.81795
0.68 1.04000 12.82081
0.7 1.04000 12.84061
0.72 1.04000 12.87665
0.74 1.04000 12.92765
0.76 1.04000 12.99181
0.78 1.04000 13.06686
0.8 1.04000 13.15013
0.82 1.04000 13.23868
0.84 1.04000 13.32936
0.86 1.04000 13.41898
0.88 1.04000 13.50435
0.9 1.04000 13.58244
0.92 1.04000 13.65050
0.94 1.04000 13.70611
0.96 1.04000 13.74730
0.98 1.04000 13.77262
1.0 1.04000 13.78116

0.0 1.08000 8.97370
0.02 1.08000 8.99083
0.04 1.08000 9.04161
0.06 1.08000 9.12423
0.08 1.08000 9.23579
0.1 1.08000 9.37231
0.12 1.08000 9.52898
0.14 1.08000 9.70022
0.16 1.08000 9.87999
0.18 1.08000 10.06191
0.2 1.08000 10.23953
0.22 1.08000 10.40657
0.24 1.08000 10.55711
0.26 1.08000 10.68581
0.28 1.08000 10.78812
0.3 1.08000 10.86041
0.32 1.08000 10.90011
0.34 1.08000 10.90584
0.36 1.08000 10.87737
0.38 1.08000 10.81572
0.4 1.08000 10.72308
0.42 1.08000 10.60272
0.44 1.08000 10.45892
0.46 1.08000 10.29676
0.48 1.08000 10.12198
0.5 1.08000 9.94079
0.52 1.08000 9.75960
0.54 1.08000 9.58483
0.56 1.08000 9.42266
0.58 1.08000 9.27886
0.6 1.08000 9.15850
0.62 1.08000 9.06586
0.64 1.08000 9.00421
0.66 1.08000 8.97574
0.68 1.08000 8.98147
0.7 1.08000 9.02117
0.72 1.08000 9.09346
0.74 1.08000 9.19577
0.76 1.08000 9.32447
0.78 1.08000 9.47501
0.8 1.08000 9.64205
0.82 1.08000 9.81967
0.84 1.08000 10.00159
0.86 1.08000 10.18136
0.88 1.08000 10.35261
0.9 1.08000 10.50927
0.92 1.08000 10.64579
0.94 1.08000 10.75735
0.96 1.08000 10.83998
0.98 1.08000 10.89075
1.0 1.08000 10.90788

0.0 1.12000 4.93170
0.02 1.12000 4.95088
0.04 1.12000 5.00772
0.06 1.12000 5.10023
0.08 1.12000 5.22512
0.1 1.12000 5.37796
0.12 1.12000 5.55335
0.14 1.12000 5.74507
0.16 1.12000 5.94632
0.18 1.12000 6.14999
0.2 1.12000 6.34885
0.22 1.12000 6.53585
0.24 1.12000 6.70438
0.26 1.12000 6.84847
0.28 1.12000 6.96300
0.3 1.12000 7.04393
0.32 1.12000 7.08838
0.34 1.12000 7.09478
0.36 1.12000 7.06291
0.38 1.12000 6.99389
0.4 1.12000 6.89017
0.42 1.12000 6.75543
0.44 1.12000 6.59443
0.46 1.12000 6.41288
0.48 1.12000 6.21721
0.5 1.12000 6.01436
0.52 1.12000 5.81150
0.54 1.12000 5.61584
0.56 1.12000 5.43429
0.58 1.12000 5.27329
0.6 1.12000 5.13854
0.62 1.12000 5.03482
0.64 1.12000 4.96580
0.66 1.12000 4.93393
0.68 1.12000 4.94033
0.7 1.12000 4.98479
0.72 1.12000 5.06571
0.74 1.12000 5.18025
0.76 1.12000 5.32433
0.78 1.12000 5.49286
0.8 1.12000 5.67987
0.82 1.12000 5.87873
0.84 1.12000 6.08239
0.86 1.12000 6.28365
0.88 1.12000 6.47536
0.9 1.12000 6.65075
0.92 1.12000 6.80360
0.94 1.12000 6.92848
0.96 1.12000 7.02099
0.98 1.12000 7.07784
1.0 1.12000 7.09702

0.0 1.16000 2.23472
0.02 1.16000 2.24862
0.04 1.16000 2.28983
0.06 1.16000 2.35688
0.08 1.16000 2.44740
0.1 1.16000 2.55818
0.12 1.16000 2.68530
0.14 1.16000 2.82426
0.16 1.16000 2.97013
0.18 1.16000 3.11775
0.2 1.16000 3.26188
0.22 1.16000 3.39743
0.24 1.16000 3.51958
0.26 1.16000 3.62401
0.28 1.16000 3.70703
0.3 1.16000 3.76569
0.32 1.16000 3.79791
0.34 1.16000 3.80255
0.36 1.16000 3.77945
0.38 1.16000 3.72942
0.4 1.16000 3.65424
0.42 1.16000 3.55658
0.44 1.16000 3.43988
0.46 1.16000 3.30829
0.48 1.16000 3.16647
0.5 1.16000 3.01944
0.52 1.16000 2.87241
0.54 1.16000 2.73059
0.56 1.16000 2.59900
0.58 1.16000 2.48231
0.6 1.16000 2.38464
0.62 1.16000 2.30946
0.64 1.16000 2.25944
0.66 1.16000 2.23634
0.68 1.16000 2.24098
0.7 1.16000 2.27320
0.72 1.16000 2.33185
0.74 1.16000 2.41487
0.76 1.16000 2.51930
0.78 1.16000 2.64146
0.8 1.16000 2.77700
0.82 1.16000 2.92113
0.84 1.16000 3.06875
0.86 1.16000 3.21462
0.88 1.16000 3.35358
0.9 1.16000 3.48070
0.92 1.16000 3.59149
0.94 1.16000 3.68201
0.96 1.16000 3.74906
0.98 1.16000 3.79026
1.0 1.16000 3.80416

0.0 1.20000 1.91293
0.02 1.20000 1.91625
0.04 1.20000 1.92607
0.06 1.20000 1.94205
0.08 1.20000 1.96363
0.1 1.20000 1.99003
0.12 1.20000 2.02034
0.14 1.20000 2.05346
0.16 1.20000 2.08823
0.18 1.20000 2.12342
0.2 1.20000 2.15777
0.22 1.20000 2.19008
0.24 1.20000 2.21920
0.26 1.20000 2.24409
0.28 1.20000 2.26388
0.3 1.20000 2.27786
0.32 1.20000 2.28555
0.34 1.20000 2.28665
0.36 1.20000 2.28115
0.38 1.20000 2.26922
0.4 1.20000 2.25131
0.42 1.20000 2.22803
0.44 1.20000 2.20021
0.46 1.20000 2.16885
0.48 1.20000 2.13505
0.5 1.20000 2.10000
0.52 1.20000 2.06495
0.54 1.20000 2.03115
0.56 1.20000 1.99979
0.58 1.20000 1.97197
0.6 1.20000 1.94869
0.62 1.20000 1.93078
0.64 1.20000 1.91885
0.66 1.20000 1.91335
0.68 1.20000 1.91445
0.7 1.20000 1.92214
0.72 1.20000 1.93612
0.74 1.20000 1.95591
0.76 1.20000 1.98080
0.78 1.20000 2.00992
0.8 1.20000 2.04223
0.82 1.20000 2.07658
0.84 1.20000 2.11177
0.86 1.20000 2.14654
0.88 1.20000 2.17966
0.9 1.20000 2.20997
0.92 1.20000 2.23637
0.94 1.20000 2.25795
0.96 1.20000 2.27393
0.98 1.20000 2.28375
1.0 1.20000 2.28707

0.0 1.24000 4.08925
0.02 1.24000 4.08071
0.04 1.24000 4.05540
0.06 1.24000 4.01421
0.08 1.24000 3.95860
0.1 1.24000 3.89055
0.12 1.24000 3.81245
0.14 1.24000 3.72709
0.16 1.24000 3.63748
0.18 1.24000 3.54679
0.2 1.24000 3.45825
0.22 1.24000 3.37499
0.24 1.24000 3.29995
0.26 1.24000 3.23579
0.28 1.24000 3.18480
0.3 1.24000 3.14876
0.32 1.24000 3.12897
0.34 1.24000 3.12613
0.36 1.24000 3.14032
0.38 1.24000 3.17105
0.4 1.24000 3.21724
0.42 1.24000 3.27724
0.44 1.24000 3.34893
0.46 1.24000 3.42977
0.48 1.24000 3.51690
0.5 1.24000 3.60723
0.52 1.24000 3.69755
0.54 1.24000 3.78468
0.56 1.24000 3.86552
0.58 1.24000 3.93721
0.6 1.24000 3.99721
0.62 1.24000 4.04340
0.64 1.24000 4.07414
0.66 1.24000 4.08833
0.68 1.24000 4.08548
0.7 1.24000 4.06569
0.72 1.24000 4.02966
0.74 1.24000 3.97866
0.76 1.24000 3.91451
0.78 1.24000 3.83947
0.8 1.24000 3.75620
0.82 1.24000 3.66766
0.84 1.24000 3.57698
0.86 1.24000 3.48737
0.88 1.24000 3.40200
0.9 1.24000 3.32391
0.92 1.24000 3.25585
0.94 1.24000 3.20024
0.96 1.24000 3.15906
0.98 1.24000 3.13374
1.0 1.24000 3.12520

0.0 1.28000 7.93240
0.02 1.28000 7.91527
0.04 1.28000 7.86449
0.06 1.28000 7.78186
0.08 1.28000 7.67031
0.1 1.28000 7.53379
0.12 1.28000 7.37713
0.14 1.28000 7.20588
0.16 1.28000 7.02612
0.18 1.28000 6.84420
0.2 1.28000 6.66658
0.22 1.28000 6.49955
0.24 1.28000 6.34902
0.26 1.28000 6.22032
0.28 1.28000 6.11802
0.3 1.28000 6.04573
0.32 1.28000 6.00603
0.34 1.28000 6.00032
0.36 1.28000 6.02879
0.38 1.28000 6.09044
0.4 1.28000 6.18309
0.42 1.28000 6.30345
0.44 1.28000 6.44727
0.46 1.28000 6.60944
0.48 1.28000 6.78422
0.5 1.28000 6.96541
0.52 1.28000 7.14661
0.54 1.28000 7.32139
0.56 1.28000 7.48356
0.58 1.28000 7.62737
0.6 1.28000 7.74774
0.62 1.28000 7.84039
0.64 1.28000 7.90204
0.66 1.28000 7.93051
0.68 1.28000 7.92480
0.7 1.28000 7.88509
0.72 1.28000 7.81281
0.74 1.28000 7.71051
0.76 1.28000 7.58181
0.78 1.28000 7.43128
0.8 1.28000 7.26424
0.82 1.28000 7.08662
0.84 1.28000 6.90471
0.86 1.28000 6.72494
0.88 1.28000 6.55370
0.9 1.28000 6.39704
0.92 1.28000 6.26052
0.94 1.28000 6.14896
0.96 1.28000 6.06634
0.98 1.28000 6.01556
1.0 1.28000 5.99843

0.0 1.32000 11.97443
0.02 1.32000 11.95526
0.04 1.32000 11.89841
0.06 1.32000 11.80590
0.08 1.32000 11.68101
0.1 1.32000 11.52817
0.12 1.32000 11.35278
0.14 1.32000 11.16107
0.16 1.32000 10.95982
0.18 1.32000 10.75615
0.2 1.32000 10.55730
0.22 1.32000 10.37030
0.24 1.32000 10.20177
0.26 1.32000 10.05769
0.28 1.32000 9.94316
0.3 1.32000 9.86223
0.32 1.32000 9.81778
0.34 1.32000 9.81138
0.36 1.32000 9.84326
0.38 1.32000 9.91228
0.4 1.32000 10.01601
0.42 1.32000 10.15076
0.44 1.32000 10.31176
0.46 1.32000 10.49332
0.48 1.32000 10.68899
0.5 1.32000 10.89185
0.52 1.32000 11.09471
0.54 1.32000 11.29038
0.56 1.32000 11.47193
0.58 1.32000 11.63294
0.6 1.32000 11.76769
0.62 1.32000 11.87141
0.64 1.32000 11.94043
0.66 1.32000 11.97231
0.68 1.32000 11.96591
0.7 1.32000 11.92146
0.72 1.32000 11.84054
0.74 1.32000 11.72601
0.76 1.32000 11.58193
0.78 1.32000 11.41340
0.8 1.32000 11.22640
0.82 1.32000 11.02754
0.84 1.32000 10.82388
0.86 1.32000 10.62263
0.88 1.32000 10.43091
0.9 1.32000 10.25552
0.92 1.32000 10.10268
0.94 1.32000 9.97779
0.96 1.32000 9.88529
0.98 1.32000 9.82844
1.0 1.32000 9.80926

0.0 1.36000 14.67143
0.02 1.36000 14.65753
0.04 1.36000 14.61633
0.06 1.36000 14.54928
0.08 1.36000 14.45876
0.1 1.36000 14.34798
0.12 1.36000 14.22085
0.14 1.36000 14.08190
0.16 1.36000 13.93603
0.18 1.36000 13.78841
0.2 1.36000 13.64428
0.22 1.36000 13.50874
0.24 1.36000 13.38659
0.26 1.36000 13.28216
0.28 1.36000 13.19914
0.3 1.36000 13.14049
0.32 1.36000 13.10827
0.34 1.36000 13.10363
0.36 1.36000 13.12674
0.38 1.36000 13.17677
0.4 1.36000 13.25195
0.42 1.36000 13.34961
0.44 1.36000 13.46631
0.46 1.36000 13.59790
0.48 1.36000 13.73973
0.5 1.36000 13.88676
0.52 1.36000 14.03380
0.54 1.36000 14.17562
0.56 1.36000 14.30721
0.58 1.36000 14.42391
0.6 1.36000 14.52158
0.62 1.36000 14.59676
0.64 1.36000 14.64679
0.66 1.36000 14.66989
0.68 1.36000 14.66525
0.7 1.36000 14.63304
0.72 1.36000 14.57438
0.74 1.36000 14.49137
0.76 1.36000 14.38694
0.78 1.36000 14.26479
0.8 1.36000 14.12925
0.82 1.36000 13.98511
0.84 1.36000 13.83750
0.86 1.36000 13.69163
0.88 1.36000 13.55267
0.9 1.36000 13.42555
0.92 1.36000 13.31477
0.94 1.36000 13.22425
0.96 1.36000 13.15720
0.98 1.36000 13.11599
1.0 1.36000 13.10209

0.0 1.40000 14.99324
0.02 1.40000 14.98992
0.04 1.40000 14.98010
0.06 1.40000 14.96412
0.08 1.40000 14.94254
0.1 1.40000 14.91614
0.12 1.40000 14.88584
0.14 1.40000 14.85271
0.16 1.40000 14.81794
0.18 1.40000 14.78276
0.2 1.40000 14.74840
0.22 1.40000 14.71610
0.24 1.40000 14.68698
0.26 1.40000 14.66209
0.28 1.40000 14.64230
0.3 1.40000 14.62832
0.32 1.40000 14.62064
0.34 1.40000 14.61954
0.36 1.40000 14.62504
0.38 1.40000 14.63697
0.4 1.40000 14.65489
0.42 1.40000 14.67817
0.44 1.40000 14.70598
0.46 1.40000 14.73735
0.48 1.40000 14.77116
0.5 1.40000 14.80620
0.52 1.40000 14.84125
0.54 1.40000 14.87506
0.56 1.40000 14.90642
0.58 1.40000 14.93424
0.6 1.40000 14.95752
0.62 1.40000 14.97544
0.64 1.40000 14.98737
0.66 1.40000 14.99287
0.68 1.40000 14.99177
0.7 1.40000 14.98409
0.72 1.40000 14.97011
0.74 1.40000 14.95032
0.76 1.40000 14.92543
0.78 1.40000 14.89631
0.8 1.40000 14.86401
0.82 1.40000 14.82965
0.84 1.40000 14.79446
0.86 1.40000 14.75969
0.88 1.40000 14.72657
0.9 1.40000 14.69627
0.92 1.40000 14.66987
0.94 1.40000 14.64829
0.96 1.40000 14.63231
0.98 1.40000 14.62249
1.0 1.40000 14.61917

0.0 1.44000 12.81693
0.02 1.44000 12.82547
0.04 1.44000 12.85078
0.06 1.44000 12.89197
0.08 1.44000 12.94758
0.1 1.44000 13.01564
0.12 1.44000 13.09373
0.14 1.44000 13.17910
0.16 1.44000 13.26871
0.18 1.44000 13.35939
0.2 1.44000 13.44793
0.22 1.44000 13.53120
0.24 1.44000 13.60624
0.26 1.44000 13.67040
0.28 1.44000 13.72139
0.3 1.44000 13.75743
0.32 1.44000 13.77722
0.34 1.44000 13.78007
0.36 1.44000 13.76588
0.38 1.44000 13.73514
0.4 1.44000 13.68896
0.42 1.44000 13.62896
0.44 1.44000 13.55727
0.46 1.44000 13.47643
0.48 1.44000 13.38930
0.5 1.44000 13.29898
0.52 1.44000 13.20865
0.54 1.44000 13.12153
0.56 1.44000 13.04069
0.58 1.44000 12.96900
0.6 1.44000 12.90900
0.62 1.44000 12.86281
0.64 1.44000 12.83208
0.66 1.44000 12.81789
0.68 1.44000 12.82074
0.7 1.44000 12.84053
0.72 1.44000 12.87656
0.74 1.44000 12.92756
0.76 1.44000 12.99171
0.78 1.44000 13.06675
0.8 1.44000 13.15002
0.82 1.44000 13.23856
0.84 1.44000 13.32925
0.86 1.44000 13.41886
0.88 1.44000 13.50422
0.9 1.44000 13.58232
0.92 1.44000 13.65038
0.94 1.44000 13.70598
0.96 1.44000 13.74717
0.98 1.44000 13.77249
1.0 1.44000 13.78102

0.0 1.48000 8.97379
0.02 1.48000 8.99092
0.04 1.48000 9.04170
0.06 1.48000 9.12432
0.08 1.48000 9.23588
0.1 1.48000 9.37240
0.12 1.48000 9.52906
0.14 1.48000 9.70031
0.16 1.48000 9.88007
0.18 1.48000 10.06199
0.2 1.48000 10.23961
0.22 1.48000 10.40664
0.24 1.48000 10.55718
0.26 1.48000 10.68587
0.28 1.48000 10.78818
0.3 1.48000 10.86046
0.32 1.48000 10.90016
0.34 1.48000 10.90588
0.36 1.48000 10.87741
0.38 1.48000 10.81576
0.4 1.48000 10.72311
0.42 1.48000 10.60275
0.44 1.48000 10.45893
0.46 1.48000 10.29677
0.48 1.48000 10.12199
0.5 1.48000 9.94079
0.52 1.48000 9.75959
0.54 1.48000 9.58481
0.56 1.48000 9.42265
0.58 1.48000 9.27883
0.6 1.48000 9.15847
0.62 1.48000 9.06582
0.64 1.48000 9.00417
0.66 1.48000 8.97570
0.68 1.48000 8.98142
0.7 1.48000 9.02112
0.72 1.48000 9.09340
0.74 1.48000 9.19571
0.76 1.48000 9.32440
0.78 1.48000 9.47494
0.8 1.48000 9.64197
0.82 1.48000 9.81960
0.84 1.48000 10.00151
0.86 1.48000 10.18128
0.88 1.48000 10.35252
0.9 1.48000 10.50918
0.92 1.48000 10.64570
0.94 1.48000 10.75726
0.96 1.48000 10.83989
0.98 1.48000 10.89066
1.0 1.48000 10.90779

0.0 1.52000 4.93176
0.02 1.52000 4.95094
0.04 1.52000 5.00779
0.06 1.52000 5.10029
0.08 1.52000 5.22518
0.1 1.52000 5.37802
0.12 1.52000 5.55341
0.14 1.52000 5.74513
0.16 1.52000 5.94638
0.18 1.52000 6.15004
0.2 1.52000 6.34890
0.22 1.52000 6.53590
0.24 1.52000 6.70443
0.26 1.52000 6.84851
0.28 1.52000 6.96304
0.3 1.52000 7.04396
0.32 1.52000 7.08841
0.34 1.52000 7.09481
0.36 1.52000 7.06294
0.38 1.52000 6.99392
0.4 1.52000 6.89019
0.42 1.52000 6.75544
0.44 1.52000 6.59444
0.46 1.52000 6.41289
0.48 1.52000 6.21722
0.5 1.52000 6.01436
0.52 1.52000 5.81150
0.54 1.52000 5.61583
0.56 1.52000 5.43427
0.58 1.52000 5.27327
0.6 1.52000 5.13852
0.62 1.52000 5.03480
0.64 1.52000 4.96578
0.66 1.52000 4.93390
0.68 1.52000 4.94030
0.7 1.52000 4.98475
0.72 1.52000 5.06567
0.74 1.52000 5.18021
0.76 1.52000 5.32429
0.78 1.52000 5.49282
0.8 1.52000 5.67982
0.82 1.52000 5.87867
0.84 1.52000 6.08234
0.86 1.52000 6.28359
0.88 1.52000 6.47531
0.9 1.52000 6.65069
0.92 1.52000 6.80354
0.94 1.52000 6.92842
0.96 1.52000 7.02093
0.98 1.52000 7.07778
1.0 1.52000 7.09695

0.0 1.56000 2.23477
0.02 1.56000 2.24866
0.04 1.56000 2.28987
0.06 1.56000 2.35692
0.08 1.56000 2.44744
0.1 1.56000 2.55822
0.12 1.56000 2.68534
0.14 1.56000 2.82430
0.16 1.56000 2.97017
0.18 1.56000 3.11779
0.2 1.56000 3.26192
0.22 1.56000 3.39746
0.24 1.56000 3.51961
0.26 1.56000 3.62404
0.28 1.56000 3.70706
0.3 1.56000 3.76571
0.32 1.56000 3.79793
0.34 1.56000 3.80257
0.36 1.56000 3.77946
0.38 1.56000 3.72944
0.4 1.56000 3.65426
0.42 1.56000 3.55659
0.44 1.56000 3.43989
0.46 1.56000 3.30830
0.48 1.56000 3.16648
0.5 1.56000 3.01944
0.52 1.56000 2.87241
0.54 1.56000 2.73058
0.56 1.56000 2.59899
0.58 1.56000 2.48230
0.6 1.56000 2.38463
0.62 1.56000 2.30945
0.64 1.56000 2.25942
0.66 1.56000 2.23632
0.68 1.56000 2.24096
0.7 1.56000 2.27317
0.72 1.56000 2.33183
0.74 1.56000 2.41484
0.76 1.56000 2.51927
0.78 1.56000 2.64142
0.8 1.56000 2.77696
0.82 1.56000 2.92110
0.84 1.56000 3.06871
0.86 1.56000 3.21458
0.88 1.56000 3.35354
0.9 1.56000 3.48066
0.92 1.56000 3.59145
0.94 1.56000 3.68197
0.96 1.56000 3.74902
0.98 1.56000 3.79022
1.0 1.56000 3.80412

0.0 1.60000 1.91296
0.02 1.60000 1.91628
0.04 1.60000 1.92610
0.06 1.60000 1.94208
0.08 1.60000 1.96366
0.1 1.60000 1.99006
0.12 1.60000 2.02036
0.14 1.60000 2.05349
0.16 1.60000 2.08826
0.18 1.60000 2.12344
0.2 1.60000 2.15780
0.22 1.60000 2.19010
0.24 1.60000 2.21922
0.26 1.60000 2.24411
0.28 1.60000 2.26390
0.3 1.60000 2.27788
0.32 1.60000 2.28556
0.34 1.60000 2.28667
0.36 1.60000 2.28116
0.38 1.60000 2.26924
0.4 1.60000 2.25132
0.42 1.60000 2.22804
0.44 1.60000 2.20022
0.46 1.60000 2.16885
0.48 1.60000 2.13505
0.5 1.60000 2.10000
0.52 1.60000 2.06495
0.54 1.60000 2.03115
0.56 1.60000 1.99978
0.58 1.60000 1.97196
0.6 1.60000 1.94868
0.62 1.60000 1.93076
0.64 1.60000 1.91884
0.66 1.60000 1.91333
0.68 1.60000 1.91444
0.7 1.60000 1.92212
0.72 1.60000 1.93610
0.74 1.60000 1.95589
0.76 1.60000 1.98078
0.78 1.60000 2.00990
0.8 1.60000 2.04220
0.82 1.60000 2.07656
0.84 1.60000 2.11174
0.86 1.60000 2.14651
0.88 1.60000 2.17964
0.9 1.60000 2.20994
0.92 1.60000 2.23634
0.94 1.60000 2.25792
0.96 1.60000 2.27390
0.98 1.60000 2.28372
1.0 1.60000 2.28704

0.0 1.64000 4.08927
0.02 1.64000 4.08073
0.04 1.64000 4.05542
0.06 1.64000 4.01423
0.08 1.64000 3.95862
0.1 1.64000 3.89056
0.12 1.64000 3.81247
0.14 1.64000 3.72711
0.16 1.64000 3.63749
0.18 1.64000 3.54681
0.2 1.64000 3.45827
0.22 1.64000 3.37500
0.24 1.64000 3.29996
0.26 1.64000 3.23581
0.28 1.64000 3.18481
0.3 1.64000 3.14878
0.32 1.64000 3.12898
0.34 1.64000 3.12613
0.36 1.64000 3.14033
0.38 1.64000 3.17106
0.4 1.64000 3.21725
0.42 1.64000 3.27725
0.44 1.64000 3.34894
0.46 1.64000 3.42978
0.48 1.64000 3.51690
0.5 1.64000 3.60723
0.52 1.64000 3.69755
0.54 1.64000 3.78468
0.56 1.64000 3.86552
0.58 1.64000 3.93721
0.6 1.64000 3.99721
0.62 1.64000 4.04339
0.64 1.64000 4.07413
0.66 1.64000 4.08832
0.68 1.64000 4.08547
0.7 1.64000 4.06568
0.72 1.64000 4.02965
0.74 1.64000 3.97865
0.76 1.64000 3.91449
0.78 1.64000 3.83945
0.8 1.64000 3.75619
0.82 1.64000 3.66764
0.84 1.64000 3.57696
0.86 1.64000 3.48735
0.88 1.64000 3.40198
0.9 1.64000 3.32389
0.92 1.64000 3.25583
0.94 1.64000 3.20022
0.96 1.64000 3.15904
0.98 1.64000 3.13372
1.0 1.64000 3.12518

0.0 1.68000 7.93241
0.02 1.68000 7.91528
0.04 1.68000 7.86451
0.06 1.68000 7.78188
0.08 1.68000 7.67033
0.1 1.68000 7.53380
0.12 1.68000 7.37714
0.14 1.68000 7.20590
0.16 1.68000 7.02613
0.18 1.68000 6.84422
0.2 1.68000 6.66659
0.22 1.68000 6.49956
0.24 1.68000 6.34903
0.26 1.68000 6.22033
0.28 1.68000 6.11803
0.3 1.68000 6.04574
0.32 1.68000 6.00604
0.34 1.68000 6.00032
0.36 1.68000 6.02879
0.38 1.68000 6.09045
0.4 1.68000 6.18310
0.42 1.68000 6.30346
0.44 1.68000 6.44727
0.46 1.68000 6.60944
0.48 1.68000 6.78422
0.5 1.68000 6.96541
0.52 1.68000 7.14661
0.54 1.68000 7.32139
0.56 1.68000 7.48356
0.58 1.68000 7.62737
0.6 1.68000 7.74773
0.62 1.68000 7.84038
0.64 1.68000 7.90203
0.66 1.68000 7.93051
0.68 1.68000 7.92479
0.7 1.68000 7.88509
0.72 1.68000 7.81280
0.74 1.68000 7.71050
0.76 1.68000 7.58180
0.78 1.68000 7.43127
0.8 1.68000 7.26423
0.82 1.68000 7.08661
0.84 1.68000 6.90470
0.86 1.68000 6.72493
0.88 1.68000 6.55369
0.9 1.68000 6.39703
0.92 1.68000 6.26050
0.94 1.68000 6.14895
0.96 1.68000 6.06632
0.98 1.68000 6.01554
1.0 1.68000 5.99842

0.0 1.72000 11.97444
0.02 1.72000 11.95527
0.04 1.72000 11.89842
0.06 1.72000 11.80591
0.08 1.72000 11.68102
0.1 1.72000 11.52818
0.12 1.72000 11.35279
0.14 1.72000 11.16108
0.16 1.72000 10.95982
0.18 1.72000 10.75616
0.2 1.72000 10.55731
0.22 1.72000 10.37030
0.24 1.72000 10.20178
0.26 1.72000 10.05769
0.28 1.72000 9.94316
0.3 1.72000 9.86224
0.32 1.72000 9.81779
0.34 1.72000 9.81139
0.36 1.72000 9.84326
0.38 1.72000 9.91229
0.4 1.72000 10.01601
0.42 1.72000 10.15076
0.44 1.72000 10.31176
0.46 1.72000 10.49332
0.48 1.72000 10.68899
0.5 1.72000 10.89185
0.52 1.72000 11.09471
0.54 1.72000 11.29038
0.56 1.72000 11.47193
0.58 1.72000 11.63293
0.6 1.72000 11.76768
0.62 1.72000 11.87141
0.64 1.72000 11.94043
0.66 1.72000 11.97231
0.68 1.72000 11.96590
0.7 1.72000 11.92146
0.72 1.72000 11.84053
0.74 1.72000 11.72600
0.76 1.72000 11.58192
0.78 1.72000 11.41339
0.8 1.72000 11.22639
0.82 1.72000 11.02753
0.84 1.72000 10.82387
0.86 1.72000 10.62262
0.88 1.72000 10.43090
0.9 1.72000 10.25551
0.92 1.72000 10.10267
0.94 1.72000 9.97778
0.96 1.72000 9.88528
0.98 1.72000 9.82843
1.0 1.72000 9.80925

0.0 1.76000 14.67144
0.02 1.76000 14.65754
0.04 1.76000 14.61633
0.06 1.76000 14.54929
0.08 1.76000 14.45877
0.1 1.76000 14.34798
0.12 1.76000 14.22086
0.14 1.76000 14.08190
0.16 1.76000 13.93603
0.18 1.76000 13.78842
0.2 1.76000 13.64428
0.22 1.76000 13.50874
0.24 1.76000 13.38659
0.26 1.76000 13.28216
0.28 1.76000 13.19915
0.3 1.76000 13.14049
0.32 1.76000 13.10828
0.34 1.76000 13.10364
0.36 1.76000 13.12674
0.38 1.76000 13.17677
0.4 1.76000 13.25195
0.42 1.76000 13.34962
0.44 1.76000 13.46631
0.46 1.76000 13.59790
0.48 1.76000 13.73973
0.5 1.76000 13.88676
0.52 1.76000 14.03380
0.54 1.76000 14.17562
0.56 1.76000 14.30721
0.58 1.76000 14.42391
0.6 1.76000 14.52158
0.62 1.76000 14.59676
0.64 1.76000 14.64679
0.66 1.76000 14.66989
0.68 1.76000 14.66525
0.7 1.76000 14.63303
0.72 1.76000 14.57438
0.74 1.76000 14.49137
0.76 1.76000 14.38693
0.78 1.76000 14.26478
0.8 1.76000 14.12924
0.82 1.76000 13.98511
0.84 1.76000 13.83749
0.86 1.76000 13.69162
0.88 1.76000 13.55266
0.9 1.76000 13.42554
0.92 1.76000 13.31476
0.94 1.76000 13.22424
0.96 1.76000 13.15719
0.98 1.76000 13.11599
1.0 1.76000 13.10209

0.0 1.80000 14.99324
0.02 1.80000 14.98993
0.04 1.80000 14.98011
0.06 1.80000 14.96412
0.08 1.80000 14.94255
0.1 1.80000 14.91614
0.12 1.80000 14.88584
0.14 1.80000 14.85272
0.16 1.80000 14.81795
0.18 1.80000 14.78276
0.2 1.80000 14.74841
0.22 1.80000 14.71610
0.24 1.80000 14.68698
0.26 1.80000 14.66209
0.28 1.80000 14.64230
0.3 1.80000 14.62832
0.32 1.80000 14.62064
0.34 1.80000 14.61954
0.36 1.80000 14.62504
0.38 1.80000 14.63697
0.4 1.80000 14.65489
0.42 1.80000 14.67817
0.44 1.80000 14.70599
0.46 1.80000 14.73735
0.48 1.80000 14.77116
0.5 1.80000 14.80620
0.52 1.80000 14.84125
0.54 1.80000 14.87506
0.56 1.80000 14.90642
0.58 1.80000 14.93424
0.6 1.80000 14.95752
0.62 1.80000 14.97544
0.64 1.80000 14.98737
0.66 1.80000 14.99287
0.68 1.80000 14.99177
0.7 1.80000 14.98409
0.72 1.80000 14.97011
0.74 1.80000 14.95032
0.76 1.80000 14.92543
0.78 1.80000 14.89631
0.8 1.80000 14.86400
0.82 1.80000 14.82965
0.84 1.80000 14.79446
0.86 1.80000 14.75969
0.88 1.80000 14.72657
0.9 1.80000 14.69627
0.92 1.80000 14.66986
0.94 1.80000 14.64828
0.96 1.80000 14.63230
0.98 1.80000 14.62248
1.0 1.80000 14.61917

0.0 1.84000 12.81693
0.02 1.84000 12.82547
0.04 1.84000 12.85078
0.06 1.84000 12.89197
0.08 1.84000 12.94758
0.1 1.84000 13.01564
0.12 1.84000 13.09373
0.14 1.84000 13.17910
0.16 1.84000 13.26871
0.18 1.84000 13.35939
0.2 1.84000 13.44794
0.22 1.84000 13.53120
0.24 1.84000 13.60624
0.26 1.84000 13.67040
0.28 1.84000 13.72140
0.3 1.84000 13.75743
0.32 1.84000 13.77722
0.34 1.84000 13.78007
0.36 1.84000 13.76588
0.38 1.84000 13.73514
0.4 1.84000 13.68896
0.42 1.84000 13.62896
0.44 1.84000 13.55727
0.46 1.84000 13.47643
0.48 1.84000 13.38930
0.5 1.84000 13.29898
0.52 1.84000 13.20865
0.54 1.84000 13.12153
0.56 1.84000 13.04069
0.58 1.84000 12.96900
0.6 1.84000 12.90900
0.62 1.84000 12.86281
0.64 1.84000 12.83208
0.66 1.84000 12.81789
0.68 1.84000 12.82074
0.7 1.84000 12.84053
0.72 1.84000 12.87656
0.74 1.84000 12.92756
0.76 1.84000 12.99171
0.78 1.84000 13.06675
0.8 1.84000 13.15002
0.82 1.84000 13.23856
0.84 1.84000 13.32925
0.86 1.84000 13.41886
0.88 1.84000 13.50422
0.9 1.84000 13.58232
0.92 1.84000 13.65037
0.94 1.84000 13.70598
0.96 1.84000 13.74717
0.98 1.84000 13.77248
1.0 1.84000 13.78102

0.0 1.88000 8.97379
0.02 1.88000 8.99092
0.04 1.88000 9.04170
0.06 1.88000 9.12433
0.08 1.88000 9.23588
0.1 1.88000 9.37240
0.12 1.88000 9.52906
0.14 1.88000 9.70031
0.16 1.88000 9.88007
0.18 1.88000 10.06199
0.2 1.88000 10.23961
0.22 1.88000 10.40665
0.24 1.88000 10.55718
0.26 1.88000 10.68588
0.28 1.88000 10.78818
0.3 1.88000 10.86046
0.32 1.88000 10.90016
0.34 1.88000 10.90588
0.36 1.88000 10.87741
0.38 1.88000 10.81576
0.4 1.88000 10.72311
0.42 1.88000 10.60275
0.44 1.88000 10.45893
0.46 1.88000 10.29677
0.48 1.88000 10.12199
0.5 1.88000 9.94079
0.52 1.88000 9.75959
0.54 1.88000 9.58481
0.56 1.88000 9.42265
0.58 1.88000 9.27883
0.6 1.88000 9.15847
0.62 1.88000 9.06582
0.64 1.88000 9.00417
0.66 1.88000 8.97570
0.68 1.88000 8.98142
0.7 1.88000 9.02112
0.72 1.88000 9.09340
0.74 1.88000 9.19571
0.76 1.88000 9.32440
0.78 1.88000 9.47494
0.8 1.88000 9.64197
0.82 1.88000 9.81959
0.84 1.88000 10.00151
0.86 1.88000 10.18127
0.88 1.88000 10.35252
0.9 1.88000 10.50918
0.92 1.88000 10.64570
0.94 1.88000 10.75726
0.96 1.88000 10.83988
0.98 1.88000 10.89066
1.0 1.88000 10.90779

0.0 1.92000 4.93176
0.02 1.92000 4.95094
0.04 1.92000 5.00779
0.06 1.92000 5.10029
0.08 1.92000 5.22518
0.1 1.92000 5.37802
0.12 1.92000 5.55341
0.14 1.92000 5.74513
0.16 1.92000 5.94638
0.18 1.92000 6.15004
0.2 1.92000 6.34890
0.22 1.92000 6.53590
0.24 1.92000 6.70443
0.26 1.92000 6.84851
0.28 1.92000 6.96304
0.3 1.92000 7.04397
0.32 1.92000 7.08841
0.34 1.92000 7.09482
0.36 1.92000 7.06294
0.38 1.92000 6.99392
0.4 1.92000 6.89019
0.42 1.92000 6.75544
0.44 1.92000 6.59444
0.46 1.92000 6.41289
0.48 1.92000 6.21722
0.5 1.92000 6.01436
0.52 1.92000 5.81150
0.54 1.92000 5.61583
0.56 1.92000 5.43427
0.58 1.92000 5.27327
0.6 1.92000 5.13852
0.62 1.92000 5.03480
0.64 1.92000 4.96578
0.66 1.92000 4.93390
0.68 1.92000 4.94030
0.7 1.92000 4.98475
0.72 1.92000 5.06567
0.74 1.92000 5.18020
0.76 1.92000 5.32429
0.78 1.92000 5.49281
0.8 1.92000 5.67982
0.82 1.92000 5.87867
0.84 1.92000 6.08233
0.86 1.92000 6.28359
0.88 1.92000 6.47530
0.9 1.92000 6.65069
0.92 1.92000 6.80353
0.94 1.92000 6.92842
0.96 1.92000 7.02093
0.98 1.92000 7.07778
1.0 1.92000 7.09695

0.0 1.96000 2.23477
0.02 1.96000 2.24867
0.04 1.96000 2.28987
0.06 1.96000 2.35692
0.08 1.96000 2.44744
0.1 1.96000 2.55822
0.12 1.96000 2.68534
0.14 1.96000 2.82430
0.16 1.96000 2.97017
0.18 1.96000 3.11779
0.2 1.96000 3.26192
0.22 1.96000 3.39746
0.24 1.96000 3.51961
0.26 1.96000 3.62404
0.28 1.96000 3.70706
0.3 1.96000 3.76571
0.32 1.96000 3.79793
0.34 1.96000 3.80257
0.36 1.96000 3.77946
0.38 1.96000 3.72944
0.4 1.96000 3.65426
0.42 1.96000 3.55659
0.44 1.96000 3.43989
0.46 1.96000 3.30830
0.48 1.96000 3.16648
0.5 1.96000 3.01944
0.52 1.96000 2.87241
0.54 1.96000 2.73058
0.56 1.96000 2.59899
0.58 1.96000 2.48230
0.6 1.96000 2.38463
0.62 1.96000 2.30945
0.64 1.96000 2.25942
0.66 1.96000 2.23632
0.68 1.96000 2.24095
0.7 1.96000 2.27317
0.72 1.96000 2.33183
0.74 1.96000 2.41484
0.76 1.96000 2.51927
0.78 1.96000 2.64142
0.8 1.96000 2.77696
0.82 1.96000 2.92110
0.84 1.96000 3.06871
0.86 1.96000 3.21458
0.88 1.96000 3.35354
0.9 1.96000 3.48066
0.92 1.96000 3.59145
0.94 1.96000 3.68196
0.96 1.96000 3.74901
0.98 1.96000 3.79022
1.0 1.96000 3.80412

0.0 2.00000 1.91296
0.02 2.00000 1.91628
0.04 2.00000 1.92610
0.06 2.00000 1.94208
0.08 2.00000 1.96366
0.1 2.00000 1.99006
0.12 2.00000 2.02036
0.14 2.00000 2.05349
0.16 2.00000 2.08826
0.18 2.00000 2.12344
0.2 2.00000 2.15780
0.22 2.00000 2.19011
0.24 2.00000 2.21922
0.26 2.00000 2.24411
0.28 2.00000 2.26390
0.3 2.00000 2.27788
0.32 2.00000 2.28556
0.34 2.00000 2.28667
0.36 2.00000 2.28116
0.38 2.00000 2.26924
0.4 2.00000 2.25132
0.42 2.00000 2.22804
0.44 2.00000 2.20022
0.46 2.00000 2.16885
0.48 2.00000 2.13505
0.5 2.00000 2.10000
0.52 2.00000 2.06495
0.54 2.00000 2.03115
0.56 2.00000 1.99978
0.58 2.00000 1.97196
0.6 2.00000 1.94868
0.62 2.00000 1.93076
0.64 2.00000 1.91884
0.66 2.00000 1.91333
0.68 2.00000 1.91444
0.7 2.00000 1.92212
0.72 2.00000 1.93610
0.74 2.00000 1.95589
0.76 2.00000 1.98078
0.78 2.00000 2.00989
0.8 2.00000 2.04220
0.82 2.00000 2.07656
0.84 2.00000 2.11174
0.86 2.00000 2.14651
0.88 2.00000 2.17964
0.9 2.00000 2.20994
0.92 2.00000 2.23634
0.94 2.00000 2.25792
0.96 2.00000 2.27390
0.98 2.00000 2.28372
1.0 2.00000 2.28704

