# columns=iterations, rows=time
0.0000e+00 1.0000e-15 1.0000e-15 1.0000e-15 1.0000e-15 1.0000e-15 1.0000e-15 1.0000e-15 1.0000e-15 1.0000e-15 1.0000e-15
1.0000e-02 1.0000e-15 1.0000e-15 1.0000e-15 1.0000e-15 1.0000e-15 1.0000e-15 1.0000e-15 1.0000e-15 1.0000e-15 1.0000e-15
2.0000e-02 1.0000e-15 1.0000e-15 1.0000e-15 1.0000e-15 1.0000e-15 1.0000e-15 1.0000e-15 1.0000e-15 1.0000e-15 1.0000e-15
3.0000e-02 1.0000e-15 1.0000e-15 1.0000e-15 1.0000e-15 1.0000e-15 1.0000e-15 1.0000e-15 1.0000e-15 1.0000e-15 1.0000e-15
4.0000e-02 1.0000e-15 1.0000e-15 1.0000e-15 1.0000e-15 1.0000e-15 1.0000e-15 1.0000e-15 1.0000e-15 1.0000e-15 1.0000e-15
5.0000e-02 1.0000e-15 1.0000e-15 1.0000e-15 1.0000e-15 1.0000e-15 1.0000e-15 1.0000e-15 1.0000e-15 1.0000e-15 1.0000e-15
6.0000e-02 1.0000e-15 1.0000e-15 1.0000e-15 1.0000e-15 1.0000e-15 1.0000e-15 1.0000e-15 1.0000e-15 1.0000e-15 1.0000e-15
7.0000e-02 1.0000e-15 1.0000e-15 1.0000e-15 1.0000e-15 1.0000e-15 1.0000e-15 1.0000e-15 1.0000e-15 1.0000e-15 1.0000e-15
8.0000e-02 1.0000e-15 1.0000e-15 1.0000e-15 1.0000e-15 1.0000e-15 1.0000e-15 1.0000e-15 1.0000e-15 1.0000e-15 1.0000e-15
9.0000e-02 1.0000e-15 1.0000e-15 1.0000e-15 1.0000e-15 1.0000e-15 1.0000e-15 1.0000e-15 1.0000e-15 1.0000e-15 1.0000e-15
1.0000e-01 1.0000e-15 1.0000e-15 1.0000e-15 1.0000e-15 1.0000e-15 1.0000e-15 1.0000e-15 1.0000e-15 1.0000e-15 1.0000e-15
1.1000e-01 1.0000e-15 1.0000e-15 1.0000e-15 1.0000e-15 1.0000e-15 1.0000e-15 1.0000e-15 1.0000e-15 1.0000e-15 1.0000e-15
1.2000e-01 1.0000e-15 1.0000e-15 1.0000e-15 1.0000e-15 1.0000e-15 1.0000e-15 1.0000e-15 1.0000e-15 1.0000e-15 1.0000e-15
1.3000e-01 1.0000e-15 1.0000e-15 1.0000e-15 1.0000e-15 1.0000e-15 1.0000e-15 1.0000e-15 1.0000e-15 1.0000e-15 1.0000e-15
1.4000e-01 1.0000e-15 1.0000e-15 1.0000e-15 1.0000e-15 1.0000e-15 1.0000e-15 1.0000e-15 1.0000e-15 1.0000e-15 1.0000e-15
1.5000e-01 1.0000e-15 1.0000e-15 1.0000e-15 1.0000e-15 1.0000e-15 1.0000e-15 1.0000e-15 1.0000e-15 1.0000e-15 1.0000e-15
1.6000e-01 1.0000e-15 1.0000e-15 1.0000e-15 1.0000e-15 1.0000e-15 1.0000e-15 1.0000e-15 1.0000e-15 1.0000e-15 1.0000e-15
1.7000e-01 1.0000e-15 1.0000e-15 1.0000e-15 1.0000e-15 1.0000e-15 1.0000e-15 1.0000e-15 1.0000e-15 1.0000e-15 1.0000e-15
1.8000e-01 1.0000e-15 1.0000e-15 1.0000e-15 1.0000e-15 1.0000e-15 1.0000e-15 1.0000e-15 1.0000e-15 1.0000e-15 1.0000e-15
1.9000e-01 1.0000e-15 1.0000e-15 1.0000e-15 1.0000e-15 1.0000e-15 1.0000e-15 1.0000e-15 1.0000e-15 1.0000e-15 1.0000e-15
2.0000e-01 1.0000e-15 1.0000e-15 1.0000e-15 1.0000e-15 1.0000e-15 1.0000e-15 1.0000e-15 1.0000e-15 1.0000e-15 1.0000e-15
2.1000e-01 1.0000e-15 1.0000e-15 1.0000e-15 1.0000e-15 1.0000e-15 1.0000e-15 1.0000e-15 1.0000e-15 1.0000e-15 1.0000e-15
2.2000e-01 1.0000e-15 1.0000e-15 1.0000e-15 1.0000e-15 1.0000e-15 1.0000e-15 1.0000e-15 1.0000e-15 1.0000e-15 1.0000e-15
2.3000e-01 1.0000e-15 1.0000e-15 1.0000e-15 1.0000e-15 1.0000e-15 1.0000e-15 1.0000e-15 1.0000e-15 1.0000e-15 1.0000e-15
2.4000e-01 1.0000e-15 1.0000e-15 1.0000e-15 1.0000e-15 1.0000e-15 1.0000e-15 1.0000e-15 1.0000e-15 1.0000e-15 1.0000e-15
2.5000e-01 1.0000e-15 1.0000e-15 1.0000e-15 1.0000e-15 1.0000e-15 1.0000e-15 1.0000e-15 1.0000e-15 1.0000e-15 1.0000e-15
2.6000e-01 1.0000e-15 1.0000e-15 1.0000e-15 1.0000e-15 1.0000e-15 1.0000e-15 1.0000e-15 1.0000e-15 1.0000e-15 1.0000e-15
2.7000e-01 1.0000e-15 1.0000e-15 1.0000e-15 1.0000e-15 1.0000e-15 1.0000e-15 1.0000e-15 1.0000e-15 1.0000e-15 1.0000e-15
2.8000e-01 1.0000e-15 1.0000e-15 1.0000e-15 1.0000e-15 1.0000e-15 1.0000e-15 1.0000e-15 1.0000e-15 1.0000e-15 1.0000e-15
2.9000e-01 1.0000e-15 1.0000e-15 1.0000e-15 1.0000e-15 1.0000e-15 1.0000e-15 1.0000e-15 1.0000e-15 1.0000e-15 1.0000e-15
3.0000e-01 1.0000e-15 1.0000e-15 1.0000e-15 1.0000e-15 1.0000e-15 1.0000e-15 1.0000e-15 1.0000e-15 1.0000e-15 1.0000e-15
3.1000e-01 1.0000e-15 1.0000e-15 1.0000e-15 1.0000e-15 1.0000e-15 1.0000e-15 1.0000e-15 1.0000e-15 1.0000e-15 1.0000e-15
3.2000e-01 1.0000e-15 1.0000e-15 1.0000e-15 1.0000e-15 1.0000e-15 1.0000e-15 1.0000e-15 1.0000e-15 1.0000e-15 1.0000e-15
3.3000e-01 1.0000e-15 1.0000e-15 1.0000e-15 1.0000e-15 1.0000e-15 1.0000e-15 1.0000e-15 1.0000e-15 1.0000e-15 1.0000e-15
3.4000e-01 1.0000e-15 1.0000e-15 1.0000e-15 1.0000e-15 1.0000e-15 1.0000e-15 1.0000e-15 1.0000e-15 1.0000e-15 1.0000e-15
3.5000e-01 1.0000e-15 1.0000e-15 1.0000e-15 1.0000e-15 1.0000e-15 1.0000e-15 1.0000e-15 1.0000e-15 1.0000e-15 1.0000e-15
3.6000e-01 1.0000e-15 1.0000e-15 1.0000e-15 1.0000e-15 1.0000e-15 1.0000e-15 1.0000e-15 1.0000e-15 1.0000e-15 1.0000e-15
3.7000e-01 1.0000e-15 1.0000e-15 1.0000e-15 1.0000e-15 1.0000e-15 1.0000e-15 1.0000e-15 1.0000e-15 1.0000e-15 1.0000e-15
3.8000e-01 1.0000e-15 1.0000e-15 1.0000e-15 1.0000e-15 1.0000e-15 1.0000e-15 1.0000e-15 1.0000e-15 1.0000e-15 1.0000e-15
3.9000e-01 1.0000e-15 1.0000e-15 1.0000e-15 1.0000e-15 1.0000e-15 1.0000e-15 1.0000e-15 1.0000e-15 1.0000e-15 1.0000e-15
4.0000e-01 1.0000e-15 1.0000e-15 1.0000e-15 1.0000e-15 1.0000e-15 1.0000e-15 1.0000e-15 1.0000e-15 1.0000e-15 1.0000e-15
4.1000e-01 1.0000e-15 1.0000e-15 1.0000e-15 1.0000e-15 1.0000e-15 1.0000e-15 1.0000e-15 1.0000e-15 1.0000e-15 1.0000e-15
4.2000e-01 1.0000e-15 1.0000e-15 1.0000e-15 1.0000e-15 1.0000e-15 1.0000e-15 1.0000e-15 1.0000e-15 1.0000e-15 1.0000e-15
4.3000e-01 1.0000e-15 1.0000e-15 1.0000e-15 1.0000e-15 1.0000e-15 1.0000e-15 1.0000e-15 1.0000e-15 1.0000e-15 1.0000e-15
4.4000e-01 1.0000e-15 1.0000e-15 1.0000e-15 1.0000e-15 1.0000e-15 1.0000e-15 1.0000e-15 1.0000e-15 1.0000e-15 1.0000e-15
4.5000e-01 1.0000e-15 1.0000e-15 1.0000e-15 1.0000e-15 1.0000e-15 1.0000e-15 1.0000e-15 1.0000e-15 1.0000e-15 1.0000e-15
4.6000e-01 1.0000e-15 1.0000e-15 1.0000e-15 1.0000e-15 1.0000e-15 1.0000e-15 1.0000e-15 1.0000e-15 1.0000e-15 1.0000e-15
4.7000e-01 1.0000e-15 1.0000e-15 1.0000e-15 1.0000e-15 1.0000e-15 1.0000e-15 1.0000e-15 1.0000e-15 1.0000e-15 1.0000e-15
4.8000e-01 1.0000e-15 1.0000e-15 1.0000e-15 1.0000e-15 1.0000e-15 1.0000e-15 1.0000e-15 1.0000e-15 1.0000e-15 1.0000e-15
4.9000e-01 1.0000e-15 1.0000e-15 1.0000e-15 1.0000e-15 1.0000e-15 1.0000e-15 1.0000e-15 1.0000e-15 1.0000e-15 1.0000e-15
5.0000e-01 1.0000e-15 1.0000e-15 1.0000e-15 1.0000e-15 1.0000e-15 1.0000e-15 1.0000e-15 1.0000e-15 1.0000e-15 1.0000e-15
5.1000e-01 1.0000e-15 1.0000e-15 1.0000e-15 1.0000e-15 1.0000e-15 1.0000e-15 1.0000e-15 1.0000e-15 1.0000e-15 1.0000e-15
5.2000e-01 1.0000e-15 1.0000e-15 1.0000e-15 1.0000e-15 1.0000e-15 1.0000e-15 1.0000e-15 1.0000e-15 1.0000e-15 1.0000e-15
5.3000e-01 1.0000e-15 1.0000e-15 1.0000e-15 1.0000e-15 1.0000e-15 1.0000e-15 1.0000e-15 1.0000e-15 1.0000e-15 1.0000e-15
5.4000e-01 1.0000e-15 1.0000e-15 1.0000e-15 1.0000e-15 1.0000e-15 1.0000e-15 1.0000e-15 1.0000e-15 1.0000e-15 1.0000e-15
5.5000e-01 1.0000e-15 1.0000e-15 1.0000e-15 1.0000e-15 1.0000e-15 1.0000e-15 1.0000e-15 1.0000e-15 1.0000e-15 1.0000e-15
5.6000e-01 1.0000e-15 1.0000e-15 1.0000e-15 1.0000e-15 1.0000e-15 1.0000e-15 1.0000e-15 1.0000e-15 1.0000e-15 1.0000e-15
5.7000e-01 1.0000e-15 1.0000e-15 1.0000e-15 1.0000e-15 1.0000e-15 1.0000e-15 1.0000e-15 1.0000e-15 1.0000e-15 1.0000e-15
5.8000e-01 1.0000e-15 1.0000e-15 1.0000e-15 1.0000e-15 1.0000e-15 1.0000e-15 1.0000e-15 1.0000e-15 1.0000e-15 1.0000e-15
5.9000e-01 1.0000e-15 1.0000e-15 1.0000e-15 1.0000e-15 1.0000e-15 1.0000e-15 1.0000e-15 1.0000e-15 1.0000e-15 1.0000e-15
6.0000e-01 1.0000e-15 1.0000e-15 1.0000e-15 1.0000e-15 1.0000e-15 1.0000e-15 1.0000e-15 1.0000e-15 1.0000e-15 1.0000e-15
6.1000e-01 1.0000e-15 1.0000e-15 1.0000e-15 1.0000e-15 1.0000e-15 1.0000e-15 1.0000e-15 1.0000e-15 1.0000e-15 1.0000e-15
6.2000e-01 1.0000e-15 1.0000e-15 1.0000e-15 1.0000e-15 1.0000e-15 1.0000e-15 1.0000e-15 1.0000e-15 1.0000e-15 1.0000e-15
6.3000e-01 1.0000e-15 1.0000e-15 1.0000e-15 1.0000e-15 1.0000e-15 1.0000e-15 1.0000e-15 1.0000e-15 1.0000e-15 1.0000e-15
6.4000e-01 1.0000e-15 1.0000e-15 1.0000e-15 1.0000e-15 1.0000e-15 1.0000e-15 1.0000e-15 1.0000e-15 1.0000e-15 1.0000e-15
6.5000e-01 1.0000e-15 1.0000e-15 1.0000e-15 1.0000e-15 1.0000e-15 1.0000e-15 1.0000e-15 1.0000e-15 1.0000e-15 1.0000e-15
6.6000e-01 1.0000e-15 1.0000e-15 1.0000e-15 1.0000e-15 1.0000e-15 1.0000e-15 1.0000e-15 1.0000e-15 1.0000e-15 1.0000e-15
6.7000e-01 1.0000e-15 1.0000e-15 1.0000e-15 1.0000e-15 1.0000e-15 1.0000e-15 1.0000e-15 1.0000e-15 1.0000e-15 1.0000e-15
6.8000e-01 1.0000e-15 1.0000e-15 1.0000e-15 1.0000e-15 1.0000e-15 1.0000e-15 1.0000e-15 1.0000e-15 1.0000e-15 1.0000e-15
6.9000e-01 1.0000e-15 1.0000e-15 1.0000e-15 1.0000e-15 1.0000e-15 1.0000e-15 1.0000e-15 1.0000e-15 1.0000e-15 1.0000e-15
7.0000e-01 1.0000e-15 1.0000e-15 1.0000e-15 1.0000e-15 1.0000e-15 1.0000e-15 1.0000e-15 1.0000e-15 1.0000e-15 1.0000e-15
7.1000e-01 1.0000e-15 1.0000e-15 1.0000e-15 1.0000e-15 1.0000e-15 1.0000e-15 1.0000e-15 1.0000e-15 1.0000e-15 1.0000e-15
7.2000e-01 1.0000e-15 1.0000e-15 1.0000e-15 1.0000e-15 1.0000e-15 1.0000e-15 1.0000e-15 1.0000e-15 1.0000e-15 1.0000e-15
7.3000e-01 1.0000e-15 1.0000e-15 1.0000e-15 1.0000e-15 1.0000e-15 1.0000e-15 1.0000e-15 1.0000e-15 1.0000e-15 1.0000e-15
7.4000e-01 1.0000e-15 1.0000e-15 1.0000e-15 1.0000e-15 1.0000e-15 1.0000e-15 1.0000e-15 1.0000e-15 1.0000e-15 1.0000e-15
7.5000e-01 1.0000e-15 1.0000e-15 1.0000e-15 1.0000e-15 1.0000e-15 1.0000e-15 1.0000e-15 1.0000e-15 1.0000e-15 1.0000e-15
7.6000e-01 1.0000e-15 1.0000e-15 1.0000e-15 1.0000e-15 1.0000e-15 1.0000e-15 1.0000e-15 1.0000e-15 1.0000e-15 1.0000e-15
7.7000e-01 1.0000e-15 1.0000e-15 1.0000e-15 1.0000e-15 1.0000e-15 1.0000e-15 1.0000e-15 1.0000e-15 1.0000e-15 1.0000e-15
7.8000e-01 1.0000e-15 1.0000e-15 1.0000e-15 1.0000e-15 1.0000e-15 1.0000e-15 1.0000e-15 1.0000e-15 1.0000e-15 1.0000e-15
7.9000e-01 1.0000e-15 1.0000e-15 1.0000e-15 1.0000e-15 1.0000e-15 1.0000e-15 1.0000e-15 1.0000e-15 1.0000e-15 1.0000e-15
8.0000e-01 1.0000e-15 1.0000e-15 1.0000e-15 1.0000e-15 1.0000e-15 1.0000e-15 1.0000e-15 1.0000e-15 1.0000e-15 1.0000e-15
8.1000e-01 7.0734e-01 1.0000e-15 1.0000e-15 1.0000e-15 1.0000e-15 1.0000e-15 1.0000e-15 1.0000e-15 1.0000e-15 1.0000e-15
8.2000e-01 3.7458e-01 1.0000e-15 1.0000e-15 1.0000e-15 1.0000e-15 1.0000e-15 1.0000e-15 1.0000e-15 1.0000e-15 1.0000e-15
8.3000e-01 1.9845e-01 1.0000e-15 1.0000e-15 1.0000e-15 1.0000e-15 1.0000e-15 1.0000e-15 1.0000e-15 1.0000e-15 1.0000e-15
8.4000e-01 1.0524e-01 1.0000e-15 1.0000e-15 1.0000e-15 1.0000e-15 1.0000e-15 1.0000e-15 1.0000e-15 1.0000e-15 1.0000e-15
8.5000e-01 5.5960e-02 1.0000e-15 1.0000e-15 1.0000e-15 1.0000e-15 1.0000e-15 1.0000e-15 1.0000e-15 1.0000e-15 1.0000e-15
8.6000e-01 2.9977e-02 1.0000e-15 1.0000e-15 1.0000e-15 1.0000e-15 1.0000e-15 1.0000e-15 1.0000e-15 1.0000e-15 1.0000e-15
8.7000e-01 1.6382e-02 1.0000e-15 1.0000e-15 1.0000e-15 1.0000e-15 1.0000e-15 1.0000e-15 1.0000e-15 1.0000e-15 1.0000e-15
8.8000e-01 9.4055e-03 1.0000e-15 1.0000e-15 1.0000e-15 1.0000e-15 1.0000e-15 1.0000e-15 1.0000e-15 1.0000e-15 1.0000e-15
8.9000e-01 5.9636e-03 1.0000e-15 1.0000e-15 1.0000e-15 1.0000e-15 1.0000e-15 1.0000e-15 1.0000e-15 1.0000e-15 1.0000e-15
9.0000e-01 4.3349e-03 1.0000e-15 1.0000e-15 1.0000e-15 1.0000e-15 1.0000e-15 1.0000e-15 1.0000e-15 1.0000e-15 1.0000e-15
9.1000e-01 3.5396e-03 1.0000e-15 1.0000e-15 1.0000e-15 1.0000e-15 1.0000e-15 1.0000e-15 1.0000e-15 1.0000e-15 1.0000e-15
9.2000e-01 3.0829e-03 1.0000e-15 1.0000e-15 1.0000e-15 1.0000e-15 1.0000e-15 1.0000e-15 1.0000e-15 1.0000e-15 1.0000e-15
9.3000e-01 2.7599e-03 1.0000e-15 1.0000e-15 1.0000e-15 1.0000e-15 1.0000e-15 1.0000e-15 1.0000e-15 1.0000e-15 1.0000e-15
9.4000e-01 2.4966e-03 1.0000e-15 1.0000e-15 1.0000e-15 1.0000e-15 1.0000e-15 1.0000e-15 1.0000e-15 1.0000e-15 1.0000e-15
9.5000e-01 2.2670e-03 1.0000e-15 1.0000e-15 1.0000e-15 1.0000e-15 1.0000e-15 1.0000e-15 1.0000e-15 1.0000e-15 1.0000e-15
9.6000e-01 2.0614e-03 1.0000e-15 1.0000e-15 1.0000e-15 1.0000e-15 1.0000e-15 1.0000e-15 1.0000e-15 1.0000e-15 1.0000e-15
9.7000e-01 1.8754e-03 1.0000e-15 1.0000e-15 1.0000e-15 1.0000e-15 1.0000e-15 1.0000e-15 1.0000e-15 1.0000e-15 1.0000e-15
9.8000e-01 1.7066e-03 1.0000e-15 1.0000e-15 1.0000e-15 1.0000e-15 1.0000e-15 1.0000e-15 1.0000e-15 1.0000e-15 1.0000e-15
9.9000e-01 1.5532e-03 1.0000e-15 1.0000e-15 1.0000e-15 1.0000e-15 1.0000e-15 1.0000e-15 1.0000e-15 1.0000e-15 1.0000e-15
1.0000e+00 1.4136e-03 1.0000e-15 1.0000e-15 1.0000e-15 1.0000e-15 1.0000e-15 1.0000e-15 1.0000e-15 1.0000e-15 1.0000e-15
1.0100e+00 1.2865e-03 1.0000e-15 1.0000e-15 1.0000e-15 1.0000e-15 1.0000e-15 1.0000e-15 1.0000e-15 1.0000e-15 1.0000e-15
1.0200e+00 1.1709e-03 1.0000e-15 1.0000e-15 1.0000e-15 1.0000e-15 1.0000e-15 1.0000e-15 1.0000e-15 1.0000e-15 1.0000e-15
1.0300e+00 1.0657e-03 1.0000e-15 1.0000e-15 1.0000e-15 1.0000e-15 1.0000e-15 1.0000e-15 1.0000e-15 1.0000e-15 1.0000e-15
1.0400e+00 9.6999e-04 1.0000e-15 1.0000e-15 1.0000e-15 1.0000e-15 1.0000e-15 1.0000e-15 1.0000e-15 1.0000e-15 1.0000e-15
1.0500e+00 8.8285e-04 1.0000e-15 1.0000e-15 1.0000e-15 1.0000e-15 1.0000e-15 1.0000e-15 1.0000e-15 1.0000e-15 1.0000e-15
1.0600e+00 8.0354e-04 1.0000e-15 1.0000e-15 1.0000e-15 1.0000e-15 1.0000e-15 1.0000e-15 1.0000e-15 1.0000e-15 1.0000e-15
1.0700e+00 7.3135e-04 1.0000e-15 1.0000e-15 1.0000e-15 1.0000e-15 1.0000e-15 1.0000e-15 1.0000e-15 1.0000e-15 1.0000e-15
1.0800e+00 6.6565e-04 1.0000e-15 1.0000e-15 1.0000e-15 1.0000e-15 1.0000e-15 1.0000e-15 1.0000e-15 1.0000e-15 1.0000e-15
1.0900e+00 6.0585e-04 1.0000e-15 1.0000e-15 1.0000e-15 1.0000e-15 1.0000e-15 1.0000e-15 1.0000e-15 1.0000e-15 1.0000e-15
1.1000e+00 5.5142e-04 1.0000e-15 1.0000e-15 1.0000e-15 1.0000e-15 1.0000e-15 1.0000e-15 1.0000e-15 1.0000e-15 1.0000e-15
1.1100e+00 5.0188e-04 1.0000e-15 1.0000e-15 1.0000e-15 1.0000e-15 1.0000e-15 1.0000e-15 1.0000e-15 1.0000e-15 1.0000e-15
1.1200e+00 4.5679e-04 1.0000e-15 1.0000e-15 1.0000e-15 1.0000e-15 1.0000e-15 1.0000e-15 1.0000e-15 1.0000e-15 1.0000e-15
1.1300e+00 4.1576e-04 1.0000e-15 1.0000e-15 1.0000e-15 1.0000e-15 1.0000e-15 1.0000e-15 1.0000e-15 1.0000e-15 1.0000e-15
1.1400e+00 3.7841e-04 1.0000e-15 1.0000e-15 1.0000e-15 1.0000e-15 1.0000e-15 1.0000e-15 1.0000e-15 1.0000e-15 1.0000e-15
1.1500e+00 3.4441e-04 1.0000e-15 1.0000e-15 1.0000e-15 1.0000e-15 1.0000e-15 1.0000e-15 1.0000e-15 1.0000e-15 1.0000e-15
1.1600e+00 3.1347e-04 1.0000e-15 1.0000e-15 1.0000e-15 1.0000e-15 1.0000e-15 1.0000e-15 1.0000e-15 1.0000e-15 1.0000e-15
1.1700e+00 2.8531e-04 1.0000e-15 1.0000e-15 1.0000e-15 1.0000e-15 1.0000e-15 1.0000e-15 1.0000e-15 1.0000e-15 1.0000e-15
1.1800e+00 2.5968e-04 1.0000e-15 1.0000e-15 1.0000e-15 1.0000e-15 1.0000e-15 1.0000e-15 1.0000e-15 1.0000e-15 1.0000e-15
1.1900e+00 2.3635e-04 1.0000e-15 1.0000e-15 1.0000e-15 1.0000e-15 1.0000e-15 1.0000e-15 1.0000e-15 1.0000e-15 1.0000e-15
1.2000e+00 2.1512e-04 1.0000e-15 1.0000e-15 1.0000e-15 1.0000e-15 1.0000e-15 1.0000e-15 1.0000e-15 1.0000e-15 1.0000e-15
1.2100e+00 1.9579e-04 1.0000e-15 1.0000e-15 1.0000e-15 1.0000e-15 1.0000e-15 1.0000e-15 1.0000e-15 1.0000e-15 1.0000e-15
1.2200e+00 1.7820e-04 1.0000e-15 1.0000e-15 1.0000e-15 1.0000e-15 1.0000e-15 1.0000e-15 1.0000e-15 1.0000e-15 1.0000e-15
1.2300e+00 1.6219e-04 1.0000e-15 1.0000e-15 1.0000e-15 1.0000e-15 1.0000e-15 1.0000e-15 1.0000e-15 1.0000e-15 1.0000e-15
1.2400e+00 1.4762e-04 1.0000e-15 1.0000e-15 1.0000e-15 1.0000e-15 1.0000e-15 1.0000e-15 1.0000e-15 1.0000e-15 1.0000e-15
1.2500e+00 1.3436e-04 1.0000e-15 1.0000e-15 1.0000e-15 1.0000e-15 1.0000e-15 1.0000e-15 1.0000e-15 1.0000e-15 1.0000e-15
1.2600e+00 1.2229e-04 1.0000e-15 1.0000e-15 1.0000e-15 1.0000e-15 1.0000e-15 1.0000e-15 1.0000e-15 1.0000e-15 1.0000e-15
1.2700e+00 1.1130e-04 1.0000e-15 1.0000e-15 1.0000e-15 1.0000e-15 1.0000e-15 1.0000e-15 1.0000e-15 1.0000e-15 1.0000e-15
1.2800e+00 1.0130e-04 1.0000e-15 1.0000e-15 1.0000e-15 1.0000e-15 1.0000e-15 1.0000e-15 1.0000e-15 1.0000e-15 1.0000e-15
1.2900e+00 9.2203e-05 1.0000e-15 1.0000e-15 1.0000e-15 1.0000e-15 1.0000e-15 1.0000e-15 1.0000e-15 1.0000e-15 1.0000e-15
1.3000e+00 8.3920e-05 1.0000e-15 1.0000e-15 1.0000e-15 1.0000e-15 1.0000e-15 1.0000e-15 1.0000e-15 1.0000e-15 1.0000e-15
1.3100e+00 7.6381e-05 1.0000e-15 1.0000e-15 1.0000e-15 1.0000e-15 1.0000e-15 1.0000e-15 1.0000e-15 1.0000e-15 1.0000e-15
1.3200e+00 6.9519e-05 1.0000e-15 1.0000e-15 1.0000e-15 1.0000e-15 1.0000e-15 1.0000e-15 1.0000e-15 1.0000e-15 1.0000e-15
1.3300e+00 6.3274e-05 1.0000e-15 1.0000e-15 1.0000e-15 1.0000e-15 1.0000e-15 1.0000e-15 1.0000e-15 1.0000e-15 1.0000e-15
1.3400e+00 5.7589e-05 1.0000e-15 1.0000e-15 1.0000e-15 1.0000e-15 1.0000e-15 1.0000e-15 1.0000e-15 1.0000e-15 1.0000e-15
1.3500e+00 5.2416e-05 1.0000e-15 1.0000e-15 1.0000e-15 1.0000e-15 1.0000e-15 1.0000e-15 1.0000e-15 1.0000e-15 1.0000e-15
1.3600e+00 4.7707e-05 1.0000e-15 1.0000e-15 1.0000e-15 1.0000e-15 1.0000e-15 1.0000e-15 1.0000e-15 1.0000e-15 1.0000e-15
1.3700e+00 4.3421e-05 1.0000e-15 1.0000e-15 1.0000e-15 1.0000e-15 1.0000e-15 1.0000e-15 1.0000e-15 1.0000e-15 1.0000e-15
1.3800e+00 3.9520e-05 1.0000e-15 1.0000e-15 1.0000e-15 1.0000e-15 1.0000e-15 1.0000e-15 1.0000e-15 1.0000e-15 1.0000e-15
1.3900e+00 3.5970e-05 1.0000e-15 1.0000e-15 1.0000e-15 1.0000e-15 1.0000e-15 1.0000e-15 1.0000e-15 1.0000e-15 1.0000e-15
1.4000e+00 3.2738e-05 1.0000e-15 1.0000e-15 1.0000e-15 1.0000e-15 1.0000e-15 1.0000e-15 1.0000e-15 1.0000e-15 1.0000e-15
1.4100e+00 2.9797e-05 1.0000e-15 1.0000e-15 1.0000e-15 1.0000e-15 1.0000e-15 1.0000e-15 1.0000e-15 1.0000e-15 1.0000e-15
1.4200e+00 2.7120e-05 1.0000e-15 1.0000e-15 1.0000e-15 1.0000e-15 1.0000e-15 1.0000e-15 1.0000e-15 1.0000e-15 1.0000e-15
1.4300e+00 2.4684e-05 1.0000e-15 1.0000e-15 1.0000e-15 1.0000e-15 1.0000e-15 1.0000e-15 1.0000e-15 1.0000e-15 1.0000e-15
1.4400e+00 2.2466e-05 1.0000e-15 1.0000e-15 1.0000e-15 1.0000e-15 1.0000e-15 1.0000e-15 1.0000e-15 1.0000e-15 1.0000e-15
1.4500e+00 2.0448e-05 1.0000e-15 1.0000e-15 1.0000e-15 1.0000e-15 1.0000e-15 1.0000e-15 1.0000e-15 1.0000e-15 1.0000e-15
1.4600e+00 1.8611e-05 1.0000e-15 1.0000e-15 1.0000e-15 1.0000e-15 1.0000e-15 1.0000e-15 1.0000e-15 1.0000e-15 1.0000e-15
1.4700e+00 1.6939e-05 1.0000e-15 1.0000e-15 1.0000e-15 1.0000e-15 1.0000e-15 1.0000e-15 1.0000e-15 1.0000e-15 1.0000e-15
1.4800e+00 1.5417e-05 1.0000e-15 1.0000e-15 1.0000e-15 1.0000e-15 1.0000e-15 1.0000e-15 1.0000e-15 1.0000e-15 1.0000e-15
1.4900e+00 1.4032e-05 1.0000e-15 1.0000e-15 1.0000e-15 1.0000e-15 1.0000e-15 1.0000e-15 1.0000e-15 1.0000e-15 1.0000e-15
1.5000e+00 1.2772e-05 1.0000e-15 1.0000e-15 1.0000e-15 1.0000e-15 1.0000e-15 1.0000e-15 1.0000e-15 1.0000e-15 1.0000e-15
1.5100e+00 1.1624e-05 1.0000e-15 1.0000e-15 1.0000e-15 1.0000e-15 1.0000e-15 1.0000e-15 1.0000e-15 1.0000e-15 1.0000e-15
1.5200e+00 1.0580e-05 1.0000e-15 1.0000e-15 1.0000e-15 1.0000e-15 1.0000e-15 1.0000e-15 1.0000e-15 1.0000e-15 1.0000e-15
1.5300e+00 9.6296e-06 1.0000e-15 1.0000e-15 1.0000e-15 1.0000e-15 1.0000e-15 1.0000e-15 1.0000e-15 1.0000e-15 1.0000e-15
1.5400e+00 8.7645e-06 1.0000e-15 1.0000e-15 1.0000e-15 1.0000e-15 1.0000e-15 1.0000e-15 1.0000e-15 1.0000e-15 1.0000e-15
1.5500e+00 7.9771e-06 1.0000e-15 1.0000e-15 1.0000e-15 1.0000e-15 1.0000e-15 1.0000e-15 1.0000e-15 1.0000e-15 1.0000e-15
1.5600e+00 7.2605e-06 1.0000e-15 1.0000e-15 1.0000e-15 1.0000e-15 1.0000e-15 1.0000e-15 1.0000e-15 1.0000e-15 1.0000e-15
1.5700e+00 6.6082e-06 1.0000e-15 1.0000e-15 1.0000e-15 1.0000e-15 1.0000e-15 1.0000e-15 1.0000e-15 1.0000e-15 1.0000e-15
1.5800e+00 6.0146e-06 1.0000e-15 1.0000e-15 1.0000e-15 1.0000e-15 1.0000e-15 1.0000e-15 1.0000e-15 1.0000e-15 1.0000e-15
1.5900e+00 5.4742e-06 1.0000e-15 1.0000e-15 1.0000e-15 1.0000e-15 1.0000e-15 1.0000e-15 1.0000e-15 1.0000e-15 1.0000e-15
1.6000e+00 4.9824e-06 1.0000e-15 1.0000e-15 1.0000e-15 1.0000e-15 1.0000e-15 1.0000e-15 1.0000e-15 1.0000e-15 1.0000e-15
1.6100e+00 7.0713e-01 4.5348e-06 1.0000e-15 1.0000e-15 1.0000e-15 1.0000e-15 1.0000e-15 1.0000e-15 1.0000e-15 1.0000e-15
1.6200e+00 3.7435e-01 4.1274e-06 1.0000e-15 1.0000e-15 1.0000e-15 1.0000e-15 1.0000e-15 1.0000e-15 1.0000e-15 1.0000e-15
1.6300e+00 1.9818e-01 3.7566e-06 1.0000e-15 1.0000e-15 1.0000e-15 1.0000e-15 1.0000e-15 1.0000e-15 1.0000e-15 1.0000e-15
1.6400e+00 1.0492e-01 3.4192e-06 1.0000e-15 1.0000e-15 1.0000e-15 1.0000e-15 1.0000e-15 1.0000e-15 1.0000e-15 1.0000e-15
1.6500e+00 5.5545e-02 3.1120e-06 1.0000e-15 1.0000e-15 1.0000e-15 1.0000e-15 1.0000e-15 1.0000e-15 1.0000e-15 1.0000e-15
1.6600e+00 2.9405e-02 2.8324e-06 1.0000e-15 1.0000e-15 1.0000e-15 1.0000e-15 1.0000e-15 1.0000e-15 1.0000e-15 1.0000e-15
1.6700e+00 1.5567e-02 2.5780e-06 1.0000e-15 1.0000e-15 1.0000e-15 1.0000e-15 1.0000e-15 1.0000e-15 1.0000e-15 1.0000e-15
1.6800e+00 8.2414e-03 2.3464e-06 1.0000e-15 1.0000e-15 1.0000e-15 1.0000e-15 1.0000e-15 1.0000e-15 1.0000e-15 1.0000e-15
1.6900e+00 4.3630e-03 2.1356e-06 1.0000e-15 1.0000e-15 1.0000e-15 1.0000e-15 1.0000e-15 1.0000e-15 1.0000e-15 1.0000e-15
1.7000e+00 2.3098e-03 1.9437e-06 1.0000e-15 1.0000e-15 1.0000e-15 1.0000e-15 1.0000e-15 1.0000e-15 1.0000e-15 1.0000e-15
1.7100e+00 1.2228e-03 1.7691e-06 1.0000e-15 1.0000e-15 1.0000e-15 1.0000e-15 1.0000e-15 1.0000e-15 1.0000e-15 1.0000e-15
1.7200e+00 6.4739e-04 1.6102e-06 1.0000e-15 1.0000e-15 1.0000e-15 1.0000e-15 1.0000e-15 1.0000e-15 1.0000e-15 1.0000e-15
1.7300e+00 3.4274e-04 1.4655e-06 1.0000e-15 1.0000e-15 1.0000e-15 1.0000e-15 1.0000e-15 1.0000e-15 1.0000e-15 1.0000e-15
1.7400e+00 1.8146e-04 1.3339e-06 1.0000e-15 1.0000e-15 1.0000e-15 1.0000e-15 1.0000e-15 1.0000e-15 1.0000e-15 1.0000e-15
1.7500e+00 9.6082e-05 1.2140e-06 1.0000e-15 1.0000e-15 1.0000e-15 1.0000e-15 1.0000e-15 1.0000e-15 1.0000e-15 1.0000e-15
1.7600e+00 5.0883e-05 1.1050e-06 1.0000e-15 1.0000e-15 1.0000e-15 1.0000e-15 1.0000e-15 1.0000e-15 1.0000e-15 1.0000e-15
1.7700e+00 2.6958e-05 1.0057e-06 1.0000e-15 1.0000e-15 1.0000e-15 1.0000e-15 1.0000e-15 1.0000e-15 1.0000e-15 1.0000e-15
1.7800e+00 1.4299e-05 9.1535e-07 1.0000e-15 1.0000e-15 1.0000e-15 1.0000e-15 1.0000e-15 1.0000e-15 1.0000e-15 1.0000e-15
1.7900e+00 7.6068e-06 8.3312e-07 1.0000e-15 1.0000e-15 1.0000e-15 1.0000e-15 1.0000e-15 1.0000e-15 1.0000e-15 1.0000e-15
1.8000e+00 4.0801e-06 7.5828e-07 1.0000e-15 1.0000e-15 1.0000e-15 1.0000e-15 1.0000e-15 1.0000e-15 1.0000e-15 1.0000e-15
1.8100e+00 2.2371e-06 6.9016e-07 1.0000e-15 1.0000e-15 1.0000e-15 1.0000e-15 1.0000e-15 1.0000e-15 1.0000e-15 1.0000e-15
1.8200e+00 1.2943e-06 6.2815e-07 1.0000e-15 1.0000e-15 1.0000e-15 1.0000e-15 1.0000e-15 1.0000e-15 1.0000e-15 1.0000e-15
1.8300e+00 8.3149e-07 5.7172e-07 1.0000e-15 1.0000e-15 1.0000e-15 1.0000e-15 1.0000e-15 1.0000e-15 1.0000e-15 1.0000e-15
1.8400e+00 6.1287e-07 5.2036e-07 1.0000e-15 1.0000e-15 1.0000e-15 1.0000e-15 1.0000e-15 1.0000e-15 1.0000e-15 1.0000e-15
1.8500e+00 5.0496e-07 4.7361e-07 1.0000e-15 1.0000e-15 1.0000e-15 1.0000e-15 1.0000e-15 1.0000e-15 1.0000e-15 1.0000e-15
1.8600e+00 4.4163e-07 4.3107e-07 1.0000e-15 1.0000e-15 1.0000e-15 1.0000e-15 1.0000e-15 1.0000e-15 1.0000e-15 1.0000e-15
1.8700e+00 3.9600e-07 3.9234e-07 1.0000e-15 1.0000e-15 1.0000e-15 1.0000e-15 1.0000e-15 1.0000e-15 1.0000e-15 1.0000e-15
1.8800e+00 3.5842e-07 3.5709e-07 1.0000e-15 1.0000e-15 1.0000e-15 1.0000e-15 1.0000e-15 1.0000e-15 1.0000e-15 1.0000e-15
1.8900e+00 3.2553e-07 3.2501e-07 1.0000e-15 1.0000e-15 1.0000e-15 1.0000e-15 1.0000e-15 1.0000e-15 1.0000e-15 1.0000e-15
1.9000e+00 2.9603e-07 2.9581e-07 1.0000e-15 1.0000e-15 1.0000e-15 1.0000e-15 1.0000e-15 1.0000e-15 1.0000e-15 1.0000e-15
1.9100e+00 2.6934e-07 2.6924e-07 1.0000e-15 1.0000e-15 1.0000e-15 1.0000e-15 1.0000e-15 1.0000e-15 1.0000e-15 1.0000e-15
1.9200e+00 2.4510e-07 2.4505e-07 1.0000e-15 1.0000e-15 1.0000e-15 1.0000e-15 1.0000e-15 1.0000e-15 1.0000e-15 1.0000e-15
1.9300e+00 2.2306e-07 2.2304e-07 1.0000e-15 1.0000e-15 1.0000e-15 1.0000e-15 1.0000e-15 1.0000e-15 1.0000e-15 1.0000e-15
1.9400e+00 2.0301e-07 2.0300e-07 1.0000e-15 1.0000e-15 1.0000e-15 1.0000e-15 1.0000e-15 1.0000e-15 1.0000e-15 1.0000e-15
1.9500e+00 1.8477e-07 1.8476e-07 1.0000e-15 1.0000e-15 1.0000e-15 1.0000e-15 1.0000e-15 1.0000e-15 1.0000e-15 1.0000e-15
1.9600e+00 1.6817e-07 1.6816e-07 1.0000e-15 1.0000e-15 1.0000e-15 1.0000e-15 1.0000e-15 1.0000e-15 1.0000e-15 1.0000e-15
1.9700e+00 1.5306e-07 1.5306e-07 1.0000e-15 1.0000e-15 1.0000e-15 1.0000e-15 1.0000e-15 1.0000e-15 1.0000e-15 1.0000e-15
1.9800e+00 1.3931e-07 1.3931e-07 1.0000e-15 1.0000e-15 1.0000e-15 1.0000e-15 1.0000e-15 1.0000e-15 1.0000e-15 1.0000e-15
1.9900e+00 1.2679e-07 1.2679e-07 1.0000e-15 1.0000e-15 1.0000e-15 1.0000e-15 1.0000e-15 1.0000e-15 1.0000e-15 1.0000e-15
2.0000e+00 1.1540e-07 1.1540e-07 1.0000e-15 1.0000e-15 1.0000e-15 1.0000e-15 1.0000e-15 1.0000e-15 1.0000e-15 1.0000e-15
2.0100e+00 1.0503e-07 1.0503e-07 1.0000e-15 1.0000e-15 1.0000e-15 1.0000e-15 1.0000e-15 1.0000e-15 1.0000e-15 1.0000e-15
2.0200e+00 9.5599e-08 9.5598e-08 1.0000e-15 1.0000e-15 1.0000e-15 1.0000e-15 1.0000e-15 1.0000e-15 1.0000e-15 1.0000e-15
2.0300e+00 8.7010e-08 8.7010e-08 1.0000e-15 1.0000e-15 1.0000e-15 1.0000e-15 1.0000e-15 1.0000e-15 1.0000e-15 1.0000e-15
2.0400e+00 7.9194e-08 7.9193e-08 1.0000e-15 1.0000e-15 1.0000e-15 1.0000e-15 1.0000e-15 1.0000e-15 1.0000e-15 1.0000e-15
2.0500e+00 7.2079e-08 7.2079e-08 1.0000e-15 1.0000e-15 1.0000e-15 1.0000e-15 1.0000e-15 1.0000e-15 1.0000e-15 1.0000e-15
2.0600e+00 6.5604e-08 6.5604e-08 1.0000e-15 1.0000e-15 1.0000e-15 1.0000e-15 1.0000e-15 1.0000e-15 1.0000e-15 1.0000e-15
2.0700e+00 5.9710e-08 5.9710e-08 1.0000e-15 1.0000e-15 1.0000e-15 1.0000e-15 1.0000e-15 1.0000e-15 1.0000e-15 1.0000e-15
2.0800e+00 5.4346e-08 5.4346e-08 1.0000e-15 1.0000e-15 1.0000e-15 1.0000e-15 1.0000e-15 1.0000e-15 1.0000e-15 1.0000e-15
2.0900e+00 4.9464e-08 4.9464e-08 1.0000e-15 1.0000e-15 1.0000e-15 1.0000e-15 1.0000e-15 1.0000e-15 1.0000e-15 1.0000e-15
2.1000e+00 4.5020e-08 4.5020e-08 1.0000e-15 1.0000e-15 1.0000e-15 1.0000e-15 1.0000e-15 1.0000e-15 1.0000e-15 1.0000e-15
2.1100e+00 4.0976e-08 4.0975e-08 1.0000e-15 1.0000e-15 1.0000e-15 1.0000e-15 1.0000e-15 1.0000e-15 1.0000e-15 1.0000e-15
2.1200e+00 3.7295e-08 3.7294e-08 1.0000e-15 1.0000e-15 1.0000e-15 1.0000e-15 1.0000e-15 1.0000e-15 1.0000e-15 1.0000e-15
2.1300e+00 3.3945e-08 3.3944e-08 1.0000e-15 1.0000e-15 1.0000e-15 1.0000e-15 1.0000e-15 1.0000e-15 1.0000e-15 1.0000e-15
2.1400e+00 3.0895e-08 3.0895e-08 1.0000e-15 1.0000e-15 1.0000e-15 1.0000e-15 1.0000e-15 1.0000e-15 1.0000e-15 1.0000e-15
2.1500e+00 2.8120e-08 2.8119e-08 1.0000e-15 1.0000e-15 1.0000e-15 1.0000e-15 1.0000e-15 1.0000e-15 1.0000e-15 1.0000e-15
2.1600e+00 2.5594e-08 2.5593e-08 1.0000e-15 1.0000e-15 1.0000e-15 1.0000e-15 1.0000e-15 1.0000e-15 1.0000e-15 1.0000e-15
2.1700e+00 2.3295e-08 2.3294e-08 1.0000e-15 1.0000e-15 1.0000e-15 1.0000e-15 1.0000e-15 1.0000e-15 1.0000e-15 1.0000e-15
2.1800e+00 2.1202e-08 2.1201e-08 1.0000e-15 1.0000e-15 1.0000e-15 1.0000e-15 1.0000e-15 1.0000e-15 1.0000e-15 1.0000e-15
2.1900e+00 1.9298e-08 1.9296e-08 1.0000e-15 1.0000e-15 1.0000e-15 1.0000e-15 1.0000e-15 1.0000e-15 1.0000e-15 1.0000e-15
2.2000e+00 1.7564e-08 1.7563e-08 1.0000e-15 1.0000e-15 1.0000e-15 1.0000e-15 1.0000e-15 1.0000e-15 1.0000e-15 1.0000e-15
2.2100e+00 1.5987e-08 1.5985e-08 1.0000e-15 1.0000e-15 1.0000e-15 1.0000e-15 1.0000e-15 1.0000e-15 1.0000e-15 1.0000e-15
2.2200e+00 1.4551e-08 1.4549e-08 1.0000e-15 1.0000e-15 1.0000e-15 1.0000e-15 1.0000e-15 1.0000e-15 1.0000e-15 1.0000e-15
2.2300e+00 1.3244e-08 1.3242e-08 1.0000e-15 1.0000e-15 1.0000e-15 1.0000e-15 1.0000e-15 1.0000e-15 1.0000e-15 1.0000e-15
2.2400e+00 1.2054e-08 1.2052e-08 1.0000e-15 1.0000e-15 1.0000e-15 1.0000e-15 1.0000e-15 1.0000e-15 1.0000e-15 1.0000e-15
2.2500e+00 1.0972e-08 1.0970e-08 1.0000e-15 1.0000e-15 1.0000e-15 1.0000e-15 1.0000e-15 1.0000e-15 1.0000e-15 1.0000e-15
2.2600e+00 9.9866e-09 9.9841e-09 1.0000e-15 1.0000e-15 1.0000e-15 1.0000e-15 1.0000e-15 1.0000e-15 1.0000e-15 1.0000e-15
2.2700e+00 9.0899e-09 9.0872e-09 1.0000e-15 1.0000e-15 1.0000e-15 1.0000e-15 1.0000e-15 1.0000e-15 1.0000e-15 1.0000e-15
2.2800e+00 8.2738e-09 8.2708e-09 1.0000e-15 1.0000e-15 1.0000e-15 1.0000e-15 1.0000e-15 1.0000e-15 1.0000e-15 1.0000e-15
2.2900e+00 7.5311e-09 7.5278e-09 1.0000e-15 1.0000e-15 1.0000e-15 1.0000e-15 1.0000e-15 1.0000e-15 1.0000e-15 1.0000e-15
2.3000e+00 6.8551e-09 6.8515e-09 1.0000e-15 1.0000e-15 1.0000e-15 1.0000e-15 1.0000e-15 1.0000e-15 1.0000e-15 1.0000e-15
2.3100e+00 6.2399e-09 6.2360e-09 1.0000e-15 1.0000e-15 1.0000e-15 1.0000e-15 1.0000e-15 1.0000e-15 1.0000e-15 1.0000e-15
2.3200e+00 5.6801e-09 5.6758e-09 1.0000e-15 1.0000e-15 1.0000e-15 1.0000e-15 1.0000e-15 1.0000e-15 1.0000e-15 1.0000e-15
2.3300e+00 5.1706e-09 5.1659e-09 1.0000e-15 1.0000e-15 1.0000e-15 1.0000e-15 1.0000e-15 1.0000e-15 1.0000e-15 1.0000e-15
2.3400e+00 4.7069e-09 4.7018e-09 1.0000e-15 1.0000e-15 1.0000e-15 1.0000e-15 1.0000e-15 1.0000e-15 1.0000e-15 1.0000e-15
2.3500e+00 4.2850e-09 4.2794e-09 1.0000e-15 1.0000e-15 1.0000e-15 1.0000e-15 1.0000e-15 1.0000e-15 1.0000e-15 1.0000e-15
2.3600e+00 3.9011e-09 3.8950e-09 1.0000e-15 1.0000e-15 1.0000e-15 1.0000e-15 1.0000e-15 1.0000e-15 1.0000e-15 1.0000e-15
2.3700e+00 3.5518e-09 3.5451e-09 1.0000e-15 1.0000e-15 1.0000e-15 1.0000e-15 1.0000e-15 1.0000e-15 1.0000e-15 1.0000e-15
2.3800e+00 3.2340e-09 3.2266e-09 1.0000e-15 1.0000e-15 1.0000e-15 1.0000e-15 1.0000e-15 1.0000e-15 1.0000e-15 1.0000e-15
2.3900e+00 2.9449e-09 2.9367e-09 1.0000e-15 1.0000e-15 1.0000e-15 1.0000e-15 1.0000e-15 1.0000e-15 1.0000e-15 1.0000e-15
2.4000e+00 2.6818e-09 2.6729e-09 1.0000e-15 1.0000e-15 1.0000e-15 1.0000e-15 1.0000e-15 1.0000e-15 1.0000e-15 1.0000e-15
2.4100e+00 7.0713e-01 2.4328e-09 2.4328e-09 1.0000e-15 1.0000e-15 1.0000e-15 1.0000e-15 1.0000e-15 1.0000e-15 1.0000e-15
2.4200e+00 3.7435e-01 2.2142e-09 2.2142e-09 1.0000e-15 1.0000e-15 1.0000e-15 1.0000e-15 1.0000e-15 1.0000e-15 1.0000e-15
2.4300e+00 1.9818e-01 2.0153e-09 2.0153e-09 1.0000e-15 1.0000e-15 1.0000e-15 1.0000e-15 1.0000e-15 1.0000e-15 1.0000e-15
2.4400e+00 1.0492e-01 1.8343e-09 1.8342e-09 1.0000e-15 1.0000e-15 1.0000e-15 1.0000e-15 1.0000e-15 1.0000e-15 1.0000e-15
2.4500e+00 5.5545e-02 1.6695e-09 1.6695e-09 1.0000e-15 1.0000e-15 1.0000e-15 1.0000e-15 1.0000e-15 1.0000e-15 1.0000e-15
2.4600e+00 2.9405e-02 1.5195e-09 1.5195e-09 1.0000e-15 1.0000e-15 1.0000e-15 1.0000e-15 1.0000e-15 1.0000e-15 1.0000e-15
2.4700e+00 1.5567e-02 1.3830e-09 1.3830e-09 1.0000e-15 1.0000e-15 1.0000e-15 1.0000e-15 1.0000e-15 1.0000e-15 1.0000e-15
2.4800e+00 8.2414e-03 1.2587e-09 1.2587e-09 1.0000e-15 1.0000e-15 1.0000e-15 1.0000e-15 1.0000e-15 1.0000e-15 1.0000e-15
2.4900e+00 4.3630e-03 1.1456e-09 1.1456e-09 1.0000e-15 1.0000e-15 1.0000e-15 1.0000e-15 1.0000e-15 1.0000e-15 1.0000e-15
2.5000e+00 2.3098e-03 1.0427e-09 1.0427e-09 1.0000e-15 1.0000e-15 1.0000e-15 1.0000e-15 1.0000e-15 1.0000e-15 1.0000e-15
2.5100e+00 1.2228e-03 9.4901e-10 9.4903e-10 1.0000e-15 1.0000e-15 1.0000e-15 1.0000e-15 1.0000e-15 1.0000e-15 1.0000e-15
2.5200e+00 6.4736e-04 8.6376e-10 8.6379e-10 1.0000e-15 1.0000e-15 1.0000e-15 1.0000e-15 1.0000e-15 1.0000e-15 1.0000e-15
2.5300e+00 3.4271e-04 7.8615e-10 7.8618e-10 1.0000e-15 1.0000e-15 1.0000e-15 1.0000e-15 1.0000e-15 1.0000e-15 1.0000e-15
2.5400e+00 1.8143e-04 7.1552e-10 7.1556e-10 1.0000e-15 1.0000e-15 1.0000e-15 1.0000e-15 1.0000e-15 1.0000e-15 1.0000e-15
2.5500e+00 9.6051e-05 6.5126e-10 6.5129e-10 1.0000e-15 1.0000e-15 1.0000e-15 1.0000e-15 1.0000e-15 1.0000e-15 1.0000e-15
2.5600e+00 5.0850e-05 5.9274e-10 5.9277e-10 1.0000e-15 1.0000e-15 1.0000e-15 1.0000e-15 1.0000e-15 1.0000e-15 1.0000e-15
2.5700e+00 2.6920e-05 5.3951e-10 5.3954e-10 1.0000e-15 1.0000e-15 1.0000e-15 1.0000e-15 1.0000e-15 1.0000e-15 1.0000e-15
2.5800e+00 1.4251e-05 4.9104e-10 4.9107e-10 1.0000e-15 1.0000e-15 1.0000e-15 1.0000e-15 1.0000e-15 1.0000e-15 1.0000e-15
2.5900e+00 7.5448e-06 4.4693e-10 4.4696e-10 1.0000e-15 1.0000e-15 1.0000e-15 1.0000e-15 1.0000e-15 1.0000e-15 1.0000e-15
2.6000e+00 3.9942e-06 4.0678e-10 4.0682e-10 1.0000e-15 1.0000e-15 1.0000e-15 1.0000e-15 1.0000e-15 1.0000e-15 1.0000e-15
2.6100e+00 2.1145e-06 3.7022e-10 3.7026e-10 1.0000e-15 1.0000e-15 1.0000e-15 1.0000e-15 1.0000e-15 1.0000e-15 1.0000e-15
2.6200e+00 1.1195e-06 3.3695e-10 3.3701e-10 1.0000e-15 1.0000e-15 1.0000e-15 1.0000e-15 1.0000e-15 1.0000e-15 1.0000e-15
2.6300e+00 5.9264e-07 3.0668e-10 3.0675e-10 1.0000e-15 1.0000e-15 1.0000e-15 1.0000e-15 1.0000e-15 1.0000e-15 1.0000e-15
2.6400e+00 3.1375e-07 2.7911e-10 2.7919e-10 1.0000e-15 1.0000e-15 1.0000e-15 1.0000e-15 1.0000e-15 1.0000e-15 1.0000e-15
2.6500e+00 1.6610e-07 2.5403e-10 2.5411e-10 1.0000e-15 1.0000e-15 1.0000e-15 1.0000e-15 1.0000e-15 1.0000e-15 1.0000e-15
2.6600e+00 8.7937e-08 2.3124e-10 2.3130e-10 1.0000e-15 1.0000e-15 1.0000e-15 1.0000e-15 1.0000e-15 1.0000e-15 1.0000e-15
2.6700e+00 4.6557e-08 2.1046e-10 2.1053e-10 1.0000e-15 1.0000e-15 1.0000e-15 1.0000e-15 1.0000e-15 1.0000e-15 1.0000e-15
2.6800e+00 2.4651e-08 1.9154e-10 1.9162e-10 1.0000e-15 1.0000e-15 1.0000e-15 1.0000e-15 1.0000e-15 1.0000e-15 1.0000e-15
2.6900e+00 1.3056e-08 1.7432e-10 1.7440e-10 1.0000e-15 1.0000e-15 1.0000e-15 1.0000e-15 1.0000e-15 1.0000e-15 1.0000e-15
2.7000e+00 6.9200e-09 1.5868e-10 1.5875e-10 1.0000e-15 1.0000e-15 1.0000e-15 1.0000e-15 1.0000e-15 1.0000e-15 1.0000e-15
2.7100e+00 3.6775e-09 1.4442e-10 1.4449e-10 1.0000e-15 1.0000e-15 1.0000e-15 1.0000e-15 1.0000e-15 1.0000e-15 1.0000e-15
2.7200e+00 1.9714e-09 1.3144e-10 1.3150e-10 1.0000e-15 1.0000e-15 1.0000e-15 1.0000e-15 1.0000e-15 1.0000e-15 1.0000e-15
2.7300e+00 1.0869e-09 1.1963e-10 1.1969e-10 1.0000e-15 1.0000e-15 1.0000e-15 1.0000e-15 1.0000e-15 1.0000e-15 1.0000e-15
2.7400e+00 6.4842e-10 1.0888e-10 1.0893e-10 1.0000e-15 1.0000e-15 1.0000e-15 1.0000e-15 1.0000e-15 1.0000e-15 1.0000e-15
2.7500e+00 4.5317e-10 9.9092e-11 9.9131e-11 1.0000e-15 1.0000e-15 1.0000e-15 1.0000e-15 1.0000e-15 1.0000e-15 1.0000e-15
2.7600e+00 3.7911e-10 9.0193e-11 9.0228e-11 1.0000e-15 1.0000e-15 1.0000e-15 1.0000e-15 1.0000e-15 1.0000e-15 1.0000e-15
2.7700e+00 3.5413e-10 8.2093e-11 8.2125e-11 1.0000e-15 1.0000e-15 1.0000e-15 1.0000e-15 1.0000e-15 1.0000e-15 1.0000e-15
2.7800e+00 3.4561e-10 7.4719e-11 7.4747e-11 1.0000e-15 1.0000e-15 1.0000e-15 1.0000e-15 1.0000e-15 1.0000e-15 1.0000e-15
2.7900e+00 3.4223e-10 6.8010e-11 6.8036e-11 1.0000e-15 1.0000e-15 1.0000e-15 1.0000e-15 1.0000e-15 1.0000e-15 1.0000e-15
2.8000e+00 3.4049e-10 6.1902e-11 6.1929e-11 1.0000e-15 1.0000e-15 1.0000e-15 1.0000e-15 1.0000e-15 1.0000e-15 1.0000e-15
2.8100e+00 3.3935e-10 5.6336e-11 5.6365e-11 1.0000e-15 1.0000e-15 1.0000e-15 1.0000e-15 1.0000e-15 1.0000e-15 1.0000e-15
2.8200e+00 3.3849e-10 5.1273e-11 5.1301e-11 1.0000e-15 1.0000e-15 1.0000e-15 1.0000e-15 1.0000e-15 1.0000e-15 1.0000e-15
2.8300e+00 3.3781e-10 4.6666e-11 4.6687e-11 1.0000e-15 1.0000e-15 1.0000e-15 1.0000e-15 1.0000e-15 1.0000e-15 1.0000e-15
2.8400e+00 3.3726e-10 4.2474e-11 4.2493e-11 1.0000e-15 1.0000e-15 1.0000e-15 1.0000e-15 1.0000e-15 1.0000e-15 1.0000e-15
2.8500e+00 3.3679e-10 3.8660e-11 3.8686e-11 1.0000e-15 1.0000e-15 1.0000e-15 1.0000e-15 1.0000e-15 1.0000e-15 1.0000e-15
2.8600e+00 3.3642e-10 3.5174e-11 3.5200e-11 1.0000e-15 1.0000e-15 1.0000e-15 1.0000e-15 1.0000e-15 1.0000e-15 1.0000e-15
2.8700e+00 3.3611e-10 3.2016e-11 3.2046e-11 1.0000e-15 1.0000e-15 1.0000e-15 1.0000e-15 1.0000e-15 1.0000e-15 1.0000e-15
2.8800e+00 3.3586e-10 2.9143e-11 2.9174e-11 1.0000e-15 1.0000e-15 1.0000e-15 1.0000e-15 1.0000e-15 1.0000e-15 1.0000e-15
2.8900e+00 3.3562e-10 2.6524e-11 2.6546e-11 1.0000e-15 1.0000e-15 1.0000e-15 1.0000e-15 1.0000e-15 1.0000e-15 1.0000e-15
2.9000e+00 3.3543e-10 2.4142e-11 2.4164e-11 1.0000e-15 1.0000e-15 1.0000e-15 1.0000e-15 1.0000e-15 1.0000e-15 1.0000e-15
2.9100e+00 3.3526e-10 2.1985e-11 2.2003e-11 1.0000e-15 1.0000e-15 1.0000e-15 1.0000e-15 1.0000e-15 1.0000e-15 1.0000e-15
2.9200e+00 3.3513e-10 1.9997e-11 2.0022e-11 1.0000e-15 1.0000e-15 1.0000e-15 1.0000e-15 1.0000e-15 1.0000e-15 1.0000e-15
2.9300e+00 3.3504e-10 1.8177e-11 1.8181e-11 1.0000e-15 1.0000e-15 1.0000e-15 1.0000e-15 1.0000e-15 1.0000e-15 1.0000e-15
2.9400e+00 3.3494e-10 1.6579e-11 1.6569e-11 1.0000e-15 1.0000e-15 1.0000e-15 1.0000e-15 1.0000e-15 1.0000e-15 1.0000e-15
2.9500e+00 3.3488e-10 1.5067e-11 1.5073e-11 1.0000e-15 1.0000e-15 1.0000e-15 1.0000e-15 1.0000e-15 1.0000e-15 1.0000e-15
2.9600e+00 3.3482e-10 1.3727e-11 1.3709e-11 1.0000e-15 1.0000e-15 1.0000e-15 1.0000e-15 1.0000e-15 1.0000e-15 1.0000e-15
2.9700e+00 3.3478e-10 1.2530e-11 1.2483e-11 1.0000e-15 1.0000e-15 1.0000e-15 1.0000e-15 1.0000e-15 1.0000e-15 1.0000e-15
2.9800e+00 3.3476e-10 1.1371e-11 1.1328e-11 1.0000e-15 1.0000e-15 1.0000e-15 1.0000e-15 1.0000e-15 1.0000e-15 1.0000e-15
2.9900e+00 3.3476e-10 1.0386e-11 1.0334e-11 1.0000e-15 1.0000e-15 1.0000e-15 1.0000e-15 1.0000e-15 1.0000e-15 1.0000e-15
3.0000e+00 3.3474e-10 9.4663e-12 9.4516e-12 1.0000e-15 1.0000e-15 1.0000e-15 1.0000e-15 1.0000e-15 1.0000e-15 1.0000e-15
3.0100e+00 3.3470e-10 8.6377e-12 8.6315e-12 1.0000e-15 1.0000e-15 1.0000e-15 1.0000e-15 1.0000e-15 1.0000e-15 1.0000e-15
3.0200e+00 3.3468e-10 7.8532e-12 7.8415e-12 1.0000e-15 1.0000e-15 1.0000e-15 1.0000e-15 1.0000e-15 1.0000e-15 1.0000e-15
3.0300e+00 3.3465e-10 7.1668e-12 7.1309e-12 1.0000e-15 1.0000e-15 1.0000e-15 1.0000e-15 1.0000e-15 1.0000e-15 1.0000e-15
3.0400e+00 3.3463e-10 6.5222e-12 6.4786e-12 1.0000e-15 1.0000e-15 1.0000e-15 1.0000e-15 1.0000e-15 1.0000e-15 1.0000e-15
3.0500e+00 3.3463e-10 5.9430e-12 5.8979e-12 1.0000e-15 1.0000e-15 1.0000e-15 1.0000e-15 1.0000e-15 1.0000e-15 1.0000e-15
3.0600e+00 3.3460e-10 5.4195e-12 5.3781e-12 1.0000e-15 1.0000e-15 1.0000e-15 1.0000e-15 1.0000e-15 1.0000e-15 1.0000e-15
3.0700e+00 3.3460e-10 4.9331e-12 4.8771e-12 1.0000e-15 1.0000e-15 1.0000e-15 1.0000e-15 1.0000e-15 1.0000e-15 1.0000e-15
3.0800e+00 3.3461e-10 4.4894e-12 4.4314e-12 1.0000e-15 1.0000e-15 1.0000e-15 1.0000e-15 1.0000e-15 1.0000e-15 1.0000e-15
3.0900e+00 3.3460e-10 4.0908e-12 4.0349e-12 1.0000e-15 1.0000e-15 1.0000e-15 1.0000e-15 1.0000e-15 1.0000e-15 1.0000e-15
3.1000e+00 3.3458e-10 3.7164e-12 3.6515e-12 1.0000e-15 1.0000e-15 1.0000e-15 1.0000e-15 1.0000e-15 1.0000e-15 1.0000e-15
3.1100e+00 3.3458e-10 3.3832e-12 3.3375e-12 1.0000e-15 1.0000e-15 1.0000e-15 1.0000e-15 1.0000e-15 1.0000e-15 1.0000e-15
3.1200e+00 3.3458e-10 3.0890e-12 3.0394e-12 1.0000e-15 1.0000e-15 1.0000e-15 1.0000e-15 1.0000e-15 1.0000e-15 1.0000e-15
3.1300e+00 3.3456e-10 2.8119e-12 2.7589e-12 1.0000e-15 1.0000e-15 1.0000e-15 1.0000e-15 1.0000e-15 1.0000e-15 1.0000e-15
3.1400e+00 3.3456e-10 2.5578e-12 2.5088e-12 1.0000e-15 1.0000e-15 1.0000e-15 1.0000e-15 1.0000e-15 1.0000e-15 1.0000e-15
3.1500e+00 3.3456e-10 2.3286e-12 2.2850e-12 1.0000e-15 1.0000e-15 1.0000e-15 1.0000e-15 1.0000e-15 1.0000e-15 1.0000e-15
3.1600e+00 3.3456e-10 2.1210e-12 2.0762e-12 1.0000e-15 1.0000e-15 1.0000e-15 1.0000e-15 1.0000e-15 1.0000e-15 1.0000e-15
3.1700e+00 3.3456e-10 1.9358e-12 1.8888e-12 1.0000e-15 1.0000e-15 1.0000e-15 1.0000e-15 1.0000e-15 1.0000e-15 1.0000e-15
3.1800e+00 3.3456e-10 1.7677e-12 1.7186e-12 1.0000e-15 1.0000e-15 1.0000e-15 1.0000e-15 1.0000e-15 1.0000e-15 1.0000e-15
3.1900e+00 3.3456e-10 1.6159e-12 1.5633e-12 1.0000e-15 1.0000e-15 1.0000e-15 1.0000e-15 1.0000e-15 1.0000e-15 1.0000e-15
3.2000e+00 3.3456e-10 1.4778e-12 1.4198e-12 1.0000e-15 1.0000e-15 1.0000e-15 1.0000e-15 1.0000e-15 1.0000e-15 1.0000e-15
3.2100e+00 7.0713e-01 1.3285e-12 1.3269e-12 1.2892e-12 1.0000e-15 1.0000e-15 1.0000e-15 1.0000e-15 1.0000e-15 1.0000e-15
3.2200e+00 3.7435e-01 1.2135e-12 1.2164e-12 1.1767e-12 1.0000e-15 1.0000e-15 1.0000e-15 1.0000e-15 1.0000e-15 1.0000e-15
3.2300e+00 1.9818e-01 1.1023e-12 1.1075e-12 1.0721e-12 1.0000e-15 1.0000e-15 1.0000e-15 1.0000e-15 1.0000e-15 1.0000e-15
3.2400e+00 1.0492e-01 9.9634e-13 1.0088e-12 9.7280e-13 1.0000e-15 1.0000e-15 1.0000e-15 1.0000e-15 1.0000e-15 1.0000e-15
3.2500e+00 5.5545e-02 9.0595e-13 9.1371e-13 8.8419e-13 1.0000e-15 1.0000e-15 1.0000e-15 1.0000e-15 1.0000e-15 1.0000e-15
3.2600e+00 2.9405e-02 8.3487e-13 8.4441e-13 8.1938e-13 1.0000e-15 1.0000e-15 1.0000e-15 1.0000e-15 1.0000e-15 1.0000e-15
3.2700e+00 1.5567e-02 7.5854e-13 7.7494e-13 7.4948e-13 1.0000e-15 1.0000e-15 1.0000e-15 1.0000e-15 1.0000e-15 1.0000e-15
3.2800e+00 8.2414e-03 6.8363e-13 7.0709e-13 6.9231e-13 1.0000e-15 1.0000e-15 1.0000e-15 1.0000e-15 1.0000e-15 1.0000e-15
3.2900e+00 4.3630e-03 6.2977e-13 6.5483e-13 6.4105e-13 1.0000e-15 1.0000e-15 1.0000e-15 1.0000e-15 1.0000e-15 1.0000e-15
3.3000e+00 2.3098e-03 5.9039e-13 6.2045e-13 5.8836e-13 1.0000e-15 1.0000e-15 1.0000e-15 1.0000e-15 1.0000e-15 1.0000e-15
3.3100e+00 1.2228e-03 5.3592e-13 5.8032e-13 5.3059e-13 1.0000e-15 1.0000e-15 1.0000e-15 1.0000e-15 1.0000e-15 1.0000e-15
3.3200e+00 6.4736e-04 4.9879e-13 5.5184e-13 4.8413e-13 1.0000e-15 1.0000e-15 1.0000e-15 1.0000e-15 1.0000e-15 1.0000e-15
3.3300e+00 3.4271e-04 4.2815e-13 4.8295e-13 4.4204e-13 1.0000e-15 1.0000e-15 1.0000e-15 1.0000e-15 1.0000e-15 1.0000e-15
3.3400e+00 1.8143e-04 3.6929e-13 4.3300e-13 4.0393e-13 1.0000e-15 1.0000e-15 1.0000e-15 1.0000e-15 1.0000e-15 1.0000e-15
3.3500e+00 9.6051e-05 3.2619e-13 3.9559e-13 3.6509e-13 1.0000e-15 1.0000e-15 1.0000e-15 1.0000e-15 1.0000e-15 1.0000e-15
3.3600e+00 5.0849e-05 2.8143e-13 3.5432e-13 3.4800e-13 1.0000e-15 1.0000e-15 1.0000e-15 1.0000e-15 1.0000e-15 1.0000e-15
3.3700e+00 2.6920e-05 2.4085e-13 3.3132e-13 3.2635e-13 1.0000e-15 1.0000e-15 1.0000e-15 1.0000e-15 1.0000e-15 1.0000e-15
3.3800e+00 1.4251e-05 2.3572e-13 3.1515e-13 3.0148e-13 1.0000e-15 1.0000e-15 1.0000e-15 1.0000e-15 1.0000e-15 1.0000e-15
3.3900e+00 7.5447e-06 2.0537e-13 2.8691e-13 2.9032e-13 1.0000e-15 1.0000e-15 1.0000e-15 1.0000e-15 1.0000e-15 1.0000e-15
3.4000e+00 3.9942e-06 1.9638e-13 2.8823e-13 2.7840e-13 1.0000e-15 1.0000e-15 1.0000e-15 1.0000e-15 1.0000e-15 1.0000e-15
3.4100e+00 2.1145e-06 1.7764e-13 2.4424e-13 2.7688e-13 1.0000e-15 1.0000e-15 1.0000e-15 1.0000e-15 1.0000e-15 1.0000e-15
3.4200e+00 1.1194e-06 1.5276e-13 2.2718e-13 2.5080e-13 1.0000e-15 1.0000e-15 1.0000e-15 1.0000e-15 1.0000e-15 1.0000e-15
3.4300e+00 5.9264e-07 1.4881e-13 2.4674e-13 2.2673e-13 1.0000e-15 1.0000e-15 1.0000e-15 1.0000e-15 1.0000e-15 1.0000e-15
3.4400e+00 3.1374e-07 1.3489e-13 2.6572e-13 1.9448e-13 1.0000e-15 1.0000e-15 1.0000e-15 1.0000e-15 1.0000e-15 1.0000e-15
3.4500e+00 1.6610e-07 1.3331e-13 2.4882e-13 2.0368e-13 1.0000e-15 1.0000e-15 1.0000e-15 1.0000e-15 1.0000e-15 1.0000e-15
3.4600e+00 8.7932e-08 1.4619e-13 2.4848e-13 1.8791e-13 1.0000e-15 1.0000e-15 1.0000e-15 1.0000e-15 1.0000e-15 1.0000e-15
3.4700e+00 4.6553e-08 1.5006e-13 2.7420e-13 1.8655e-13 1.0000e-15 1.0000e-15 1.0000e-15 1.0000e-15 1.0000e-15 1.0000e-15
3.4800e+00 2.4647e-08 1.3897e-13 2.8395e-13 1.6933e-13 1.0000e-15 1.0000e-15 1.0000e-15 1.0000e-15 1.0000e-15 1.0000e-15
3.4900e+00 1.3051e-08 1.2148e-13 2.7000e-13 1.7649e-13 1.0000e-15 1.0000e-15 1.0000e-15 1.0000e-15 1.0000e-15 1.0000e-15
3.5000e+00 6.9151e-09 1.1757e-13 2.5187e-13 1.6640e-13 1.0000e-15 1.0000e-15 1.0000e-15 1.0000e-15 1.0000e-15 1.0000e-15
3.5100e+00 3.6719e-09 1.1383e-13 2.6448e-13 1.5905e-13 1.0000e-15 1.0000e-15 1.0000e-15 1.0000e-15 1.0000e-15 1.0000e-15
3.5200e+00 1.9646e-09 9.9612e-14 2.5513e-13 1.5691e-13 1.0000e-15 1.0000e-15 1.0000e-15 1.0000e-15 1.0000e-15 1.0000e-15
3.5300e+00 1.0782e-09 9.0798e-14 2.5338e-13 1.5873e-13 1.0000e-15 1.0000e-15 1.0000e-15 1.0000e-15 1.0000e-15 1.0000e-15
3.5400e+00 6.3759e-10 7.8648e-14 2.5052e-13 1.4825e-13 1.0000e-15 1.0000e-15 1.0000e-15 1.0000e-15 1.0000e-15 1.0000e-15
3.5500e+00 4.4120e-10 7.1003e-14 2.3910e-13 1.4809e-13 1.0000e-15 1.0000e-15 1.0000e-15 1.0000e-15 1.0000e-15 1.0000e-15
3.5600e+00 3.6781e-10 6.7163e-14 2.2773e-13 1.4819e-13 1.0000e-15 1.0000e-15 1.0000e-15 1.0000e-15 1.0000e-15 1.0000e-15
3.5700e+00 3.4444e-10 6.0574e-14 2.2432e-13 1.4885e-13 1.0000e-15 1.0000e-15 1.0000e-15 1.0000e-15 1.0000e-15 1.0000e-15
3.5800e+00 3.3760e-10 5.4781e-14 2.2769e-13 1.4989e-13 1.0000e-15 1.0000e-15 1.0000e-15 1.0000e-15 1.0000e-15 1.0000e-15
3.5900e+00 3.3566e-10 4.7358e-14 2.3146e-13 1.4484e-13 1.0000e-15 1.0000e-15 1.0000e-15 1.0000e-15 1.0000e-15 1.0000e-15
3.6000e+00 3.3511e-10 4.5349e-14 2.3118e-13 1.4373e-13 1.0000e-15 1.0000e-15 1.0000e-15 1.0000e-15 1.0000e-15 1.0000e-15
3.6100e+00 3.3496e-10 3.6903e-14 2.2465e-13 1.4533e-13 1.0000e-15 1.0000e-15 1.0000e-15 1.0000e-15 1.0000e-15 1.0000e-15
3.6200e+00 3.3492e-10 3.9357e-14 2.2323e-13 1.4484e-13 1.0000e-15 1.0000e-15 1.0000e-15 1.0000e-15 1.0000e-15 1.0000e-15
3.6300e+00 3.3490e-10 3.7108e-14 2.2716e-13 1.4331e-13 1.0000e-15 1.0000e-15 1.0000e-15 1.0000e-15 1.0000e-15 1.0000e-15
3.6400e+00 3.3490e-10 3.5804e-14 2.2852e-13 1.3837e-13 1.0000e-15 1.0000e-15 1.0000e-15 1.0000e-15 1.0000e-15 1.0000e-15
3.6500e+00 3.3490e-10 3.4879e-14 2.2902e-13 1.4696e-13 1.0000e-15 1.0000e-15 1.0000e-15 1.0000e-15 1.0000e-15 1.0000e-15
3.6600e+00 3.3490e-10 3.1690e-14 2.3233e-13 1.4578e-13 1.0000e-15 1.0000e-15 1.0000e-15 1.0000e-15 1.0000e-15 1.0000e-15
3.6700e+00 3.3490e-10 3.5673e-14 2.3087e-13 1.4814e-13 1.0000e-15 1.0000e-15 1.0000e-15 1.0000e-15 1.0000e-15 1.0000e-15
3.6800e+00 3.3490e-10 3.6793e-14 2.2987e-13 1.6553e-13 1.0000e-15 1.0000e-15 1.0000e-15 1.0000e-15 1.0000e-15 1.0000e-15
3.6900e+00 3.3489e-10 4.3614e-14 2.2529e-13 1.7962e-13 1.0000e-15 1.0000e-15 1.0000e-15 1.0000e-15 1.0000e-15 1.0000e-15
3.7000e+00 3.3487e-10 3.1120e-14 2.1646e-13 1.8669e-13 1.0000e-15 1.0000e-15 1.0000e-15 1.0000e-15 1.0000e-15 1.0000e-15
3.7100e+00 3.3489e-10 3.1819e-14 2.1901e-13 2.0196e-13 1.0000e-15 1.0000e-15 1.0000e-15 1.0000e-15 1.0000e-15 1.0000e-15
3.7200e+00 3.3489e-10 8.1054e-15 2.0181e-13 2.4164e-13 1.0000e-15 1.0000e-15 1.0000e-15 1.0000e-15 1.0000e-15 1.0000e-15
3.7300e+00 3.3490e-10 1.0000e-15 2.2051e-13 2.3126e-13 1.0000e-15 1.0000e-15 1.0000e-15 1.0000e-15 1.0000e-15 1.0000e-15
3.7400e+00 3.3490e-10 1.0000e-15 2.0948e-13 2.5723e-13 1.0000e-15 1.0000e-15 1.0000e-15 1.0000e-15 1.0000e-15 1.0000e-15
3.7500e+00 3.3490e-10 1.0000e-15 2.0212e-13 2.6825e-13 1.0000e-15 1.0000e-15 1.0000e-15 1.0000e-15 1.0000e-15 1.0000e-15
3.7600e+00 3.3487e-10 1.0000e-15 1.9470e-13 2.7820e-13 1.0000e-15 1.0000e-15 1.0000e-15 1.0000e-15 1.0000e-15 1.0000e-15
3.7700e+00 3.3489e-10 1.0000e-15 1.9472e-13 2.6992e-13 1.0000e-15 1.0000e-15 1.0000e-15 1.0000e-15 1.0000e-15 1.0000e-15
3.7800e+00 3.3490e-10 1.0000e-15 2.0106e-13 2.5740e-13 1.0000e-15 1.0000e-15 1.0000e-15 1.0000e-15 1.0000e-15 1.0000e-15
3.7900e+00 3.3493e-10 1.0000e-15 1.9139e-13 2.5825e-13 1.0000e-15 1.0000e-15 1.0000e-15 1.0000e-15 1.0000e-15 1.0000e-15
3.8000e+00 3.3493e-10 1.0000e-15 2.1540e-13 2.3652e-13 1.0000e-15 1.0000e-15 1.0000e-15 1.0000e-15 1.0000e-15 1.0000e-15
3.8100e+00 3.3492e-10 1.0000e-15 1.8557e-13 2.5030e-13 1.0000e-15 1.0000e-15 1.0000e-15 1.0000e-15 1.0000e-15 1.0000e-15
3.8200e+00 3.3490e-10 1.0000e-15 1.7819e-13 2.6776e-13 1.0000e-15 1.0000e-15 1.0000e-15 1.0000e-15 1.0000e-15 1.0000e-15
3.8300e+00 3.3491e-10 1.0000e-15 1.9385e-13 2.4554e-13 1.0000e-15 1.0000e-15 1.0000e-15 1.0000e-15 1.0000e-15 1.0000e-15
3.8400e+00 3.3491e-10 1.0000e-15 1.8434e-13 2.6009e-13 1.0000e-15 1.0000e-15 1.0000e-15 1.0000e-15 1.0000e-15 1.0000e-15
3.8500e+00 3.3491e-10 1.0000e-15 1.8190e-13 2.7594e-13 1.0000e-15 1.0000e-15 1.0000e-15 1.0000e-15 1.0000e-15 1.0000e-15
3.8600e+00 3.3492e-10 1.0000e-15 1.8039e-13 2.5676e-13 1.0000e-15 1.0000e-15 1.0000e-15 1.0000e-15 1.0000e-15 1.0000e-15
3.8700e+00 3.3493e-10 1.0000e-15 1.7640e-13 2.7945e-13 1.0000e-15 1.0000e-15 1.0000e-15 1.0000e-15 1.0000e-15 1.0000e-15
3.8800e+00 3.3492e-10 1.0000e-15 1.9166e-13 2.7354e-13 1.0000e-15 1.0000e-15 1.0000e-15 1.0000e-15 1.0000e-15 1.0000e-15
3.8900e+00 3.3493e-10 1.0000e-15 1.7204e-13 2.9993e-13 1.0000e-15 1.0000e-15 1.0000e-15 1.0000e-15 1.0000e-15 1.0000e-15
3.9000e+00 3.3493e-10 1.0000e-15 1.9084e-13 2.9347e-13 1.0000e-15 1.0000e-15 1.0000e-15 1.0000e-15 1.0000e-15 1.0000e-15
3.9100e+00 3.3492e-10 1.0000e-15 1.8681e-13 2.9865e-13 1.0000e-15 1.0000e-15 1.0000e-15 1.0000e-15 1.0000e-15 1.0000e-15
3.9200e+00 3.3493e-10 1.0000e-15 1.8664e-13 2.9430e-13 1.0000e-15 1.0000e-15 1.0000e-15 1.0000e-15 1.0000e-15 1.0000e-15
3.9300e+00 3.3492e-10 1.0000e-15 1.9015e-13 2.8882e-13 1.0000e-15 1.0000e-15 1.0000e-15 1.0000e-15 1.0000e-15 1.0000e-15
3.9400e+00 3.3491e-10 1.0000e-15 1.8544e-13 2.9630e-13 1.0000e-15 1.0000e-15 1.0000e-15 1.0000e-15 1.0000e-15 1.0000e-15
3.9500e+00 3.3491e-10 1.0000e-15 1.8371e-13 3.0069e-13 1.0000e-15 1.0000e-15 1.0000e-15 1.0000e-15 1.0000e-15 1.0000e-15
3.9600e+00 3.3491e-10 1.0000e-15 1.8766e-13 2.9382e-13 1.0000e-15 1.0000e-15 1.0000e-15 1.0000e-15 1.0000e-15 1.0000e-15
3.9700e+00 3.3491e-10 1.0000e-15 1.9189e-13 2.9552e-13 1.0000e-15 1.0000e-15 1.0000e-15 1.0000e-15 1.0000e-15 1.0000e-15
3.9800e+00 3.3492e-10 1.0000e-15 1.8983e-13 2.9629e-13 1.0000e-15 1.0000e-15 1.0000e-15 1.0000e-15 1.0000e-15 1.0000e-15
3.9900e+00 3.3492e-10 1.0000e-15 1.9240e-13 2.9290e-13 1.0000e-15 1.0000e-15 1.0000e-15 1.0000e-15 1.0000e-15 1.0000e-15
4.0000e+00 3.3492e-10 1.0000e-15 1.9395e-13 2.9562e-13 1.0000e-15 1.0000e-15 1.0000e-15 1.0000e-15 1.0000e-15 1.0000e-15
4.0100e+00 7.0713e-01 2.8347e-14 1.7136e-13 1.1528e-13 1.9869e-13 1.0000e-15 1.0000e-15 1.0000e-15 1.0000e-15 1.0000e-15
4.0200e+00 3.7435e-01 2.3601e-14 1.6735e-13 1.1434e-13 1.9512e-13 1.0000e-15 1.0000e-15 1.0000e-15 1.0000e-15 1.0000e-15
4.0300e+00 1.9818e-01 1.7171e-14 1.6812e-13 1.1659e-13 1.9214e-13 1.0000e-15 1.0000e-15 1.0000e-15 1.0000e-15 1.0000e-15
4.0400e+00 1.0492e-01 7.3429e-15 1.6688e-13 1.2242e-13 1.9590e-13 1.0000e-15 1.0000e-15 1.0000e-15 1.0000e-15 1.0000e-15
4.0500e+00 5.5545e-02 1.0000e-15 1.7116e-13 1.1857e-13 1.9218e-13 1.0000e-15 1.0000e-15 1.0000e-15 1.0000e-15 1.0000e-15
4.0600e+00 2.9405e-02 1.0000e-15 1.6534e-13 1.3068e-13 2.0021e-13 1.0000e-15 1.0000e-15 1.0000e-15 1.0000e-15 1.0000e-15
4.0700e+00 1.5567e-02 1.0000e-15 1.5673e-13 1.4287e-13 2.0453e-13 1.0000e-15 1.0000e-15 1.0000e-15 1.0000e-15 1.0000e-15
4.0800e+00 8.2414e-03 1.0000e-15 1.5298e-13 1.4827e-13 2.0516e-13 1.0000e-15 1.0000e-15 1.0000e-15 1.0000e-15 1.0000e-15
4.0900e+00 4.3630e-03 1.0000e-15 1.4379e-13 1.4919e-13 2.1319e-13 1.0000e-15 1.0000e-15 1.0000e-15 1.0000e-15 1.0000e-15
4.1000e+00 2.3098e-03 1.0000e-15 1.7673e-13 1.2064e-13 1.9725e-13 1.0000e-15 1.0000e-15 1.0000e-15 1.0000e-15 1.0000e-15
4.1100e+00 1.2228e-03 1.0000e-15 1.9295e-13 1.3225e-13 1.8452e-13 1.0000e-15 1.0000e-15 1.0000e-15 1.0000e-15 1.0000e-15
4.1200e+00 6.4736e-04 1.0000e-15 1.9749e-13 1.1656e-13 1.6565e-13 1.0000e-15 1.0000e-15 1.0000e-15 1.0000e-15 1.0000e-15
4.1300e+00 3.4271e-04 1.0000e-15 2.0448e-13 1.3042e-13 1.5399e-13 1.0000e-15 1.0000e-15 1.0000e-15 1.0000e-15 1.0000e-15
4.1400e+00 1.8143e-04 1.0000e-15 2.0594e-13 1.5601e-13 1.6915e-13 1.0000e-15 1.0000e-15 1.0000e-15 1.0000e-15 1.0000e-15
4.1500e+00 9.6051e-05 1.0000e-15 2.2225e-13 1.4829e-13 1.4994e-13 1.0000e-15 1.0000e-15 1.0000e-15 1.0000e-15 1.0000e-15
4.1600e+00 5.0849e-05 1.0000e-15 1.9850e-13 1.5452e-13 1.5622e-13 1.0000e-15 1.0000e-15 1.0000e-15 1.0000e-15 1.0000e-15
4.1700e+00 2.6920e-05 1.0000e-15 1.9833e-13 1.6040e-13 1.6040e-13 1.0000e-15 1.0000e-15 1.0000e-15 1.0000e-15 1.0000e-15
4.1800e+00 1.4251e-05 1.0000e-15 1.8817e-13 1.4320e-13 1.4320e-13 1.0000e-15 1.0000e-15 1.0000e-15 1.0000e-15 1.0000e-15
4.1900e+00 7.5447e-06 1.0000e-15 2.1653e-13 1.5275e-13 1.5275e-13 1.0000e-15 1.0000e-15 1.0000e-15 1.0000e-15 1.0000e-15
4.2000e+00 3.9942e-06 1.0000e-15 2.0864e-13 1.5372e-13 1.5372e-13 1.0000e-15 1.0000e-15 1.0000e-15 1.0000e-15 1.0000e-15
4.2100e+00 2.1145e-06 1.0000e-15 2.2630e-13 1.4922e-13 1.4922e-13 1.0000e-15 1.0000e-15 1.0000e-15 1.0000e-15 1.0000e-15
4.2200e+00 1.1194e-06 1.0000e-15 2.6222e-13 9.1385e-14 9.1385e-14 1.0000e-15 1.0000e-15 1.0000e-15 1.0000e-15 1.0000e-15
4.2300e+00 5.9264e-07 1.0000e-15 2.5592e-13 9.4744e-14 9.4744e-14 1.0000e-15 1.0000e-15 1.0000e-15 1.0000e-15 1.0000e-15
4.2400e+00 3.1374e-07 1.0000e-15 2.6239e-13 7.6678e-14 7.6678e-14 1.0000e-15 1.0000e-15 1.0000e-15 1.0000e-15 1.0000e-15
4.2500e+00 1.6610e-07 1.0000e-15 2.9539e-13 7.4155e-14 7.4155e-14 1.0000e-15 1.0000e-15 1.0000e-15 1.0000e-15 1.0000e-15
4.2600e+00 8.7932e-08 1.0000e-15 2.9164e-13 8.2228e-14 8.2228e-14 1.0000e-15 1.0000e-15 1.0000e-15 1.0000e-15 1.0000e-15
4.2700e+00 4.6553e-08 1.0000e-15 2.7476e-13 9.8796e-14 9.8796e-14 1.0000e-15 1.0000e-15 1.0000e-15 1.0000e-15 1.0000e-15
4.2800e+00 2.4647e-08 1.0000e-15 2.5079e-13 1.0877e-13 1.0877e-13 1.0000e-15 1.0000e-15 1.0000e-15 1.0000e-15 1.0000e-15
4.2900e+00 1.3051e-08 1.0000e-15 2.6864e-13 9.3911e-14 9.3911e-14 1.0000e-15 1.0000e-15 1.0000e-15 1.0000e-15 1.0000e-15
4.3000e+00 6.9151e-09 1.0000e-15 2.8513e-13 8.9867e-14 8.9867e-14 1.0000e-15 1.0000e-15 1.0000e-15 1.0000e-15 1.0000e-15
4.3100e+00 3.6719e-09 1.0000e-15 2.8751e-13 8.1854e-14 8.1854e-14 1.0000e-15 1.0000e-15 1.0000e-15 1.0000e-15 1.0000e-15
4.3200e+00 1.9646e-09 1.0000e-15 2.9804e-13 7.7430e-14 7.7430e-14 1.0000e-15 1.0000e-15 1.0000e-15 1.0000e-15 1.0000e-15
4.3300e+00 1.0782e-09 1.0000e-15 2.8564e-13 7.5554e-14 7.5554e-14 1.0000e-15 1.0000e-15 1.0000e-15 1.0000e-15 1.0000e-15
4.3400e+00 6.3774e-10 1.0000e-15 2.9098e-13 7.1824e-14 7.1824e-14 1.0000e-15 1.0000e-15 1.0000e-15 1.0000e-15 1.0000e-15
4.3500e+00 4.4143e-10 1.0000e-15 2.9349e-13 6.9257e-14 6.9257e-14 1.0000e-15 1.0000e-15 1.0000e-15 1.0000e-15 1.0000e-15
4.3600e+00 3.6808e-10 1.0000e-15 2.9445e-13 6.4872e-14 6.4872e-14 1.0000e-15 1.0000e-15 1.0000e-15 1.0000e-15 1.0000e-15
4.3700e+00 3.4473e-10 1.0000e-15 2.9987e-13 6.2544e-14 6.2544e-14 1.0000e-15 1.0000e-15 1.0000e-15 1.0000e-15 1.0000e-15
4.3800e+00 3.3790e-10 1.0000e-15 3.0123e-13 6.0068e-14 6.0068e-14 1.0000e-15 1.0000e-15 1.0000e-15 1.0000e-15 1.0000e-15
4.3900e+00 3.3596e-10 1.0000e-15 2.9397e-13 5.7027e-14 5.7027e-14 1.0000e-15 1.0000e-15 1.0000e-15 1.0000e-15 1.0000e-15
4.4000e+00 3.3541e-10 1.0000e-15 2.9138e-13 5.8537e-14 5.8537e-14 1.0000e-15 1.0000e-15 1.0000e-15 1.0000e-15 1.0000e-15
4.4100e+00 3.3526e-10 1.0000e-15 2.9611e-13 5.3474e-14 5.3474e-14 1.0000e-15 1.0000e-15 1.0000e-15 1.0000e-15 1.0000e-15
4.4200e+00 3.3522e-10 1.0000e-15 2.9766e-13 5.2203e-14 5.2203e-14 1.0000e-15 1.0000e-15 1.0000e-15 1.0000e-15 1.0000e-15
4.4300e+00 3.3521e-10 1.0000e-15 2.9400e-13 5.4150e-14 5.4150e-14 1.0000e-15 1.0000e-15 1.0000e-15 1.0000e-15 1.0000e-15
4.4400e+00 3.3521e-10 1.0000e-15 2.9640e-13 4.8658e-14 4.8658e-14 1.0000e-15 1.0000e-15 1.0000e-15 1.0000e-15 1.0000e-15
4.4500e+00 3.3520e-10 1.0000e-15 2.9830e-13 5.0669e-14 5.0669e-14 1.0000e-15 1.0000e-15 1.0000e-15 1.0000e-15 1.0000e-15
4.4600e+00 3.3521e-10 1.0000e-15 2.9334e-13 6.2394e-14 6.2394e-14 1.0000e-15 1.0000e-15 1.0000e-15 1.0000e-15 1.0000e-15
4.4700e+00 3.3522e-10 1.0000e-15 2.9875e-13 5.4016e-14 5.4016e-14 1.0000e-15 1.0000e-15 1.0000e-15 1.0000e-15 1.0000e-15
4.4800e+00 3.3522e-10 1.0000e-15 2.9581e-13 6.5544e-14 6.5544e-14 1.0000e-15 1.0000e-15 1.0000e-15 1.0000e-15 1.0000e-15
4.4900e+00 3.3524e-10 1.0000e-15 3.1561e-13 5.2683e-14 5.2683e-14 1.0000e-15 1.0000e-15 1.0000e-15 1.0000e-15 1.0000e-15
4.5000e+00 3.3526e-10 1.0000e-15 3.3309e-13 6.1115e-14 6.1115e-14 1.0000e-15 1.0000e-15 1.0000e-15 1.0000e-15 1.0000e-15
4.5100e+00 3.3528e-10 1.0000e-15 3.3489e-13 3.4233e-14 3.4233e-14 1.0000e-15 1.0000e-15 1.0000e-15 1.0000e-15 1.0000e-15
4.5200e+00 3.3529e-10 1.0000e-15 3.3906e-13 8.3241e-15 8.3241e-15 1.0000e-15 1.0000e-15 1.0000e-15 1.0000e-15 1.0000e-15
4.5300e+00 3.3527e-10 1.0000e-15 3.3790e-13 5.3512e-15 5.3512e-15 1.0000e-15 1.0000e-15 1.0000e-15 1.0000e-15 1.0000e-15
4.5400e+00 3.3526e-10 1.0000e-15 3.2040e-13 1.0000e-15 1.0000e-15 1.0000e-15 1.0000e-15 1.0000e-15 1.0000e-15 1.0000e-15
4.5500e+00 3.3529e-10 1.0000e-15 3.3124e-13 1.0000e-15 1.0000e-15 1.0000e-15 1.0000e-15 1.0000e-15 1.0000e-15 1.0000e-15
4.5600e+00 3.3530e-10 1.0000e-15 3.3405e-13 1.0000e-15 1.0000e-15 1.0000e-15 1.0000e-15 1.0000e-15 1.0000e-15 1.0000e-15
4.5700e+00 3.3533e-10 1.0000e-15 3.6996e-13 1.0000e-15 1.0000e-15 1.0000e-15 1.0000e-15 1.0000e-15 1.0000e-15 1.0000e-15
4.5800e+00 3.3533e-10 1.0000e-15 3.5663e-13 1.0000e-15 1.0000e-15 1.0000e-15 1.0000e-15 1.0000e-15 1.0000e-15 1.0000e-15
4.5900e+00 3.3531e-10 1.0000e-15 3.5112e-13 1.0000e-15 1.0000e-15 1.0000e-15 1.0000e-15 1.0000e-15 1.0000e-15 1.0000e-15
4.6000e+00 3.3526e-10 1.0000e-15 3.1235e-13 1.0000e-15 1.0000e-15 1.0000e-15 1.0000e-15 1.0000e-15 1.0000e-15 1.0000e-15
4.6100e+00 3.3521e-10 1.0000e-15 2.8007e-13 1.0000e-15 1.0000e-15 1.0000e-15 1.0000e-15 1.0000e-15 1.0000e-15 1.0000e-15
4.6200e+00 3.3522e-10 1.0000e-15 2.9951e-13 1.0000e-15 1.0000e-15 1.0000e-15 1.0000e-15 1.0000e-15 1.0000e-15 1.0000e-15
4.6300e+00 3.3522e-10 1.0000e-15 2.9884e-13 1.0000e-15 1.0000e-15 1.0000e-15 1.0000e-15 1.0000e-15 1.0000e-15 1.0000e-15
4.6400e+00 3.3524e-10 1.0000e-15 2.9502e-13 1.0000e-15 1.0000e-15 1.0000e-15 1.0000e-15 1.0000e-15 1.0000e-15 1.0000e-15
4.6500e+00 3.3527e-10 1.0000e-15 3.3660e-13 1.0000e-15 1.0000e-15 1.0000e-15 1.0000e-15 1.0000e-15 1.0000e-15 1.0000e-15
4.6600e+00 3.3525e-10 1.0000e-15 3.3120e-13 1.0000e-15 1.0000e-15 1.0000e-15 1.0000e-15 1.0000e-15 1.0000e-15 1.0000e-15
4.6700e+00 3.3525e-10 1.0000e-15 3.1589e-13 1.0000e-15 1.0000e-15 1.0000e-15 1.0000e-15 1.0000e-15 1.0000e-15 1.0000e-15
4.6800e+00 3.3524e-10 1.0000e-15 3.1654e-13 1.0000e-15 1.0000e-15 1.0000e-15 1.0000e-15 1.0000e-15 1.0000e-15 1.0000e-15
4.6900e+00 3.3524e-10 1.0000e-15 3.2068e-13 1.0000e-15 1.0000e-15 1.0000e-15 1.0000e-15 1.0000e-15 1.0000e-15 1.0000e-15
4.7000e+00 3.3524e-10 1.0000e-15 3.3699e-13 1.0000e-15 1.0000e-15 1.0000e-15 1.0000e-15 1.0000e-15 1.0000e-15 1.0000e-15
4.7100e+00 3.3525e-10 1.0000e-15 3.5136e-13 1.0000e-15 1.0000e-15 1.0000e-15 1.0000e-15 1.0000e-15 1.0000e-15 1.0000e-15
4.7200e+00 3.3524e-10 1.0000e-15 3.5164e-13 1.0000e-15 1.0000e-15 1.0000e-15 1.0000e-15 1.0000e-15 1.0000e-15 1.0000e-15
4.7300e+00 3.3523e-10 1.0000e-15 3.5567e-13 1.0000e-15 1.0000e-15 1.0000e-15 1.0000e-15 1.0000e-15 1.0000e-15 1.0000e-15
4.7400e+00 3.3523e-10 1.0000e-15 3.5726e-13 1.0000e-15 1.0000e-15 1.0000e-15 1.0000e-15 1.0000e-15 1.0000e-15 1.0000e-15
4.7500e+00 3.3523e-10 1.0000e-15 3.6507e-13 1.0000e-15 1.0000e-15 1.0000e-15 1.0000e-15 1.0000e-15 1.0000e-15 1.0000e-15
4.7600e+00 3.3524e-10 1.0000e-15 3.6438e-13 1.0000e-15 1.0000e-15 1.0000e-15 1.0000e-15 1.0000e-15 1.0000e-15 1.0000e-15
4.7700e+00 3.3524e-10 1.0000e-15 3.6290e-13 1.0000e-15 1.0000e-15 1.0000e-15 1.0000e-15 1.0000e-15 1.0000e-15 1.0000e-15
4.7800e+00 3.3524e-10 1.0000e-15 3.6024e-13 1.0000e-15 1.0000e-15 1.0000e-15 1.0000e-15 1.0000e-15 1.0000e-15 1.0000e-15
4.7900e+00 3.3524e-10 1.0000e-15 3.6213e-13 1.0000e-15 1.0000e-15 1.0000e-15 1.0000e-15 1.0000e-15 1.0000e-15 1.0000e-15
4.8000e+00 3.3524e-10 1.0000e-15 3.6289e-13 1.0000e-15 1.0000e-15 1.0000e-15 1.0000e-15 1.0000e-15 1.0000e-15 1.0000e-15
4.8100e+00 7.0713e-01 1.0583e-13 1.5255e-13 7.1494e-14 7.8907e-14 1.9061e-13 1.0000e-15 1.0000e-15 1.0000e-15 1.0000e-15
4.8200e+00 3.7435e-01 1.0425e-13 1.4759e-13 7.2342e-14 8.1148e-14 1.9324e-13 1.0000e-15 1.0000e-15 1.0000e-15 1.0000e-15
4.8300e+00 1.9818e-01 9.8799e-14 1.4459e-13 7.2889e-14 8.5479e-14 1.9040e-13 1.0000e-15 1.0000e-15 1.0000e-15 1.0000e-15
4.8400e+00 1.0492e-01 9.6165e-14 1.4666e-13 7.3734e-14 9.1690e-14 1.8364e-13 1.0000e-15 1.0000e-15 1.0000e-15 1.0000e-15
4.8500e+00 5.5545e-02 1.0366e-13 1.4817e-13 7.1853e-14 8.7283e-14 1.9052e-13 1.0000e-15 1.0000e-15 1.0000e-15 1.0000e-15
4.8600e+00 2.9405e-02 8.9791e-14 1.4014e-13 6.1193e-14 9.5915e-14 1.7521e-13 1.0000e-15 1.0000e-15 1.0000e-15 1.0000e-15
4.8700e+00 1.5567e-02 9.4685e-14 1.4864e-13 7.1127e-14 9.3660e-14 1.7884e-13 1.0000e-15 1.0000e-15 1.0000e-15 1.0000e-15
4.8800e+00 8.2414e-03 9.4123e-14 1.6127e-13 7.4009e-14 9.3075e-14 1.7348e-13 1.0000e-15 1.0000e-15 1.0000e-15 1.0000e-15
4.8900e+00 4.3630e-03 8.1300e-14 1.7326e-13 6.4875e-14 1.0509e-13 1.8241e-13 1.0000e-15 1.0000e-15 1.0000e-15 1.0000e-15
4.9000e+00 2.3098e-03 6.6268e-14 1.8363e-13 5.1859e-14 1.3083e-13 1.8482e-13 1.0000e-15 1.0000e-15 1.0000e-15 1.0000e-15
4.9100e+00 1.2228e-03 5.9969e-14 1.7931e-13 5.4909e-14 1.2381e-13 1.7931e-13 1.0000e-15 1.0000e-15 1.0000e-15 1.0000e-15
4.9200e+00 6.4736e-04 4.5409e-14 1.6195e-13 3.3269e-14 1.3997e-13 1.6195e-13 1.0000e-15 1.0000e-15 1.0000e-15 1.0000e-15
4.9300e+00 3.4271e-04 6.5269e-14 1.8030e-13 4.6774e-14 1.2946e-13 1.8030e-13 1.0000e-15 1.0000e-15 1.0000e-15 1.0000e-15
4.9400e+00 1.8143e-04 3.6572e-14 1.6962e-13 2.1563e-14 1.2178e-13 1.6962e-13 1.0000e-15 1.0000e-15 1.0000e-15 1.0000e-15
4.9500e+00 9.6051e-05 2.9862e-14 1.6095e-13 2.6680e-14 1.3345e-13 1.6095e-13 1.0000e-15 1.0000e-15 1.0000e-15 1.0000e-15
4.9600e+00 5.0849e-05 2.4566e-14 1.7070e-13 2.4161e-14 1.3337e-13 1.7070e-13 1.0000e-15 1.0000e-15 1.0000e-15 1.0000e-15
4.9700e+00 2.6920e-05 1.5968e-14 1.8362e-13 1.5968e-14 8.9907e-14 1.8362e-13 1.0000e-15 1.0000e-15 1.0000e-15 1.0000e-15
4.9800e+00 1.4251e-05 1.0000e-15 1.6543e-13 1.0000e-15 8.3481e-14 1.6543e-13 1.0000e-15 1.0000e-15 1.0000e-15 1.0000e-15
4.9900e+00 7.5447e-06 1.0000e-15 1.9027e-13 1.0000e-15 9.0172e-14 1.9027e-13 1.0000e-15 1.0000e-15 1.0000e-15 1.0000e-15
5.0000e+00 3.9942e-06 1.0000e-15 1.9934e-13 1.0000e-15 9.5698e-14 1.9934e-13 1.0000e-15 1.0000e-15 1.0000e-15 1.0000e-15
5.0100e+00 2.1145e-06 1.0000e-15 2.0773e-13 1.0000e-15 9.4660e-14 2.0773e-13 1.0000e-15 1.0000e-15 1.0000e-15 1.0000e-15
5.0200e+00 1.1194e-06 1.0000e-15 1.9168e-13 1.0000e-15 1.0139e-13 1.9168e-13 1.0000e-15 1.0000e-15 1.0000e-15 1.0000e-15
5.0300e+00 5.9264e-07 1.0000e-15 1.8247e-13 1.0000e-15 1.2398e-13 1.8247e-13 1.0000e-15 1.0000e-15 1.0000e-15 1.0000e-15
5.0400e+00 3.1374e-07 1.0000e-15 2.0881e-13 1.0000e-15 1.1574e-13 2.0881e-13 1.0000e-15 1.0000e-15 1.0000e-15 1.0000e-15
5.0500e+00 1.6610e-07 1.0000e-15 2.2160e-13 1.0000e-15 1.1261e-13 2.2160e-13 1.0000e-15 1.0000e-15 1.0000e-15 1.0000e-15
5.0600e+00 8.7933e-08 1.0000e-15 2.3305e-13 1.0000e-15 1.0500e-13 2.3305e-13 1.0000e-15 1.0000e-15 1.0000e-15 1.0000e-15
5.0700e+00 4.6554e-08 1.0000e-15 2.4202e-13 1.0000e-15 9.8651e-14 2.4202e-13 1.0000e-15 1.0000e-15 1.0000e-15 1.0000e-15
5.0800e+00 2.4649e-08 1.0000e-15 2.4898e-13 1.0000e-15 9.7481e-14 2.4898e-13 1.0000e-15 1.0000e-15 1.0000e-15 1.0000e-15
5.0900e+00 1.3055e-08 1.0000e-15 2.5020e-13 1.0000e-15 6.8851e-14 2.5020e-13 1.0000e-15 1.0000e-15 1.0000e-15 1.0000e-15
5.1000e+00 6.9216e-09 1.0000e-15 2.4515e-13 1.0000e-15 6.0878e-14 2.4515e-13 1.0000e-15 1.0000e-15 1.0000e-15 1.0000e-15
5.1100e+00 3.6841e-09 1.0000e-15 2.5105e-13 1.0000e-15 5.1157e-14 2.5105e-13 1.0000e-15 1.0000e-15 1.0000e-15 1.0000e-15
5.1200e+00 1.9874e-09 1.0000e-15 2.5633e-13 1.0000e-15 4.0271e-14 2.5633e-13 1.0000e-15 1.0000e-15 1.0000e-15 1.0000e-15
5.1300e+00 1.1192e-09 1.0000e-15 2.5598e-13 1.0000e-15 3.0724e-14 2.5598e-13 1.0000e-15 1.0000e-15 1.0000e-15 1.0000e-15
5.1400e+00 7.0473e-10 1.0000e-15 2.5475e-13 1.0000e-15 2.2546e-14 2.5475e-13 1.0000e-15 1.0000e-15 1.0000e-15 1.0000e-15
5.1500e+00 5.3365e-10 1.0000e-15 2.5929e-13 1.0000e-15 2.0825e-14 2.5929e-13 1.0000e-15 1.0000e-15 1.0000e-15 1.0000e-15
5.1600e+00 4.7478e-10 1.0000e-15 2.6119e-13 1.0000e-15 2.0240e-14 2.6119e-13 1.0000e-15 1.0000e-15 1.0000e-15 1.0000e-15
5.1700e+00 4.5692e-10 1.0000e-15 2.6349e-13 1.0000e-15 1.6302e-14 2.6349e-13 1.0000e-15 1.0000e-15 1.0000e-15 1.0000e-15
5.1800e+00 4.5179e-10 1.0000e-15 2.6295e-13 1.0000e-15 1.8280e-14 2.6295e-13 1.0000e-15 1.0000e-15 1.0000e-15 1.0000e-15
5.1900e+00 4.5034e-10 1.0000e-15 2.5774e-13 1.0000e-15 2.0087e-14 2.5774e-13 1.0000e-15 1.0000e-15 1.0000e-15 1.0000e-15
5.2000e+00 4.4993e-10 1.0000e-15 2.5536e-13 1.0000e-15 2.3093e-14 2.5536e-13 1.0000e-15 1.0000e-15 1.0000e-15 1.0000e-15
5.2100e+00 4.4982e-10 1.0000e-15 2.5604e-13 1.0000e-15 2.1171e-14 2.5604e-13 1.0000e-15 1.0000e-15 1.0000e-15 1.0000e-15
5.2200e+00 4.4979e-10 1.0000e-15 2.5202e-13 1.0000e-15 2.1682e-14 2.5202e-13 1.0000e-15 1.0000e-15 1.0000e-15 1.0000e-15
5.2300e+00 4.4979e-10 1.0000e-15 2.5164e-13 1.0000e-15 2.1014e-14 2.5164e-13 1.0000e-15 1.0000e-15 1.0000e-15 1.0000e-15
5.2400e+00 4.4979e-10 1.0000e-15 2.4923e-13 1.0000e-15 1.8675e-14 2.4923e-13 1.0000e-15 1.0000e-15 1.0000e-15 1.0000e-15
5.2500e+00 4.4979e-10 1.0000e-15 2.4975e-13 1.0000e-15 1.7479e-14 2.4975e-13 1.0000e-15 1.0000e-15 1.0000e-15 1.0000e-15
5.2600e+00 4.4978e-10 1.0000e-15 2.3302e-13 1.0000e-15 2.1792e-14 2.3302e-13 1.0000e-15 1.0000e-15 1.0000e-15 1.0000e-15
5.2700e+00 4.4977e-10 1.0000e-15 2.2530e-13 1.0000e-15 3.1250e-14 2.2530e-13 1.0000e-15 1.0000e-15 1.0000e-15 1.0000e-15
5.2800e+00 4.4977e-10 1.0000e-15 2.2226e-13 1.0000e-15 3.4410e-14 2.2226e-13 1.0000e-15 1.0000e-15 1.0000e-15 1.0000e-15
5.2900e+00 4.4977e-10 1.0000e-15 2.0619e-13 1.0000e-15 3.7012e-14 2.0619e-13 1.0000e-15 1.0000e-15 1.0000e-15 1.0000e-15
5.3000e+00 4.4976e-10 1.0000e-15 2.1596e-13 1.0000e-15 3.9745e-14 2.1596e-13 1.0000e-15 1.0000e-15 1.0000e-15 1.0000e-15
5.3100e+00 4.4975e-10 1.0000e-15 2.1806e-13 1.0000e-15 2.5356e-14 2.1806e-13 1.0000e-15 1.0000e-15 1.0000e-15 1.0000e-15
5.3200e+00 4.4977e-10 1.0000e-15 2.1951e-13 1.0000e-15 2.2390e-14 2.1951e-13 1.0000e-15 1.0000e-15 1.0000e-15 1.0000e-15
5.3300e+00 4.4974e-10 1.0000e-15 2.2719e-13 1.0000e-15 2.4024e-14 2.2719e-13 1.0000e-15 1.0000e-15 1.0000e-15 1.0000e-15
5.3400e+00 4.4974e-10 1.0000e-15 2.3127e-13 1.0000e-15 3.8346e-14 2.3127e-13 1.0000e-15 1.0000e-15 1.0000e-15 1.0000e-15
5.3500e+00 4.4973e-10 1.0000e-15 2.3319e-13 1.0000e-15 3.1716e-14 2.3319e-13 1.0000e-15 1.0000e-15 1.0000e-15 1.0000e-15
5.3600e+00 4.4971e-10 1.0000e-15 2.3080e-13 1.0000e-15 2.3748e-14 2.3080e-13 1.0000e-15 1.0000e-15 1.0000e-15 1.0000e-15
5.3700e+00 4.4969e-10 1.0000e-15 2.4572e-13 1.0000e-15 3.2276e-14 2.4572e-13 1.0000e-15 1.0000e-15 1.0000e-15 1.0000e-15
5.3800e+00 4.4971e-10 1.0000e-15 2.5493e-13 1.0000e-15 1.5648e-14 2.5493e-13 1.0000e-15 1.0000e-15 1.0000e-15 1.0000e-15
5.3900e+00 4.4973e-10 1.0000e-15 2.6392e-13 1.0000e-15 1.0000e-15 2.6392e-13 1.0000e-15 1.0000e-15 1.0000e-15 1.0000e-15
5.4000e+00 4.4971e-10 1.0000e-15 2.6945e-13 1.0000e-15 1.0000e-15 2.6945e-13 1.0000e-15 1.0000e-15 1.0000e-15 1.0000e-15
5.4100e+00 4.4971e-10 1.0000e-15 2.6021e-13 1.0000e-15 1.0000e-15 2.6021e-13 1.0000e-15 1.0000e-15 1.0000e-15 1.0000e-15
5.4200e+00 4.4971e-10 1.0000e-15 2.6629e-13 1.0000e-15 1.0000e-15 2.6629e-13 1.0000e-15 1.0000e-15 1.0000e-15 1.0000e-15
5.4300e+00 4.4974e-10 1.0000e-15 2.9768e-13 1.0000e-15 1.0000e-15 2.9768e-13 1.0000e-15 1.0000e-15 1.0000e-15 1.0000e-15
5.4400e+00 4.4973e-10 1.0000e-15 3.1066e-13 1.0000e-15 1.0000e-15 3.1066e-13 1.0000e-15 1.0000e-15 1.0000e-15 1.0000e-15
5.4500e+00 4.4975e-10 1.0000e-15 3.3726e-13 1.0000e-15 1.0000e-15 3.3726e-13 1.0000e-15 1.0000e-15 1.0000e-15 1.0000e-15
5.4600e+00 4.4973e-10 1.0000e-15 3.3276e-13 1.0000e-15 1.0000e-15 3.3276e-13 1.0000e-15 1.0000e-15 1.0000e-15 1.0000e-15
5.4700e+00 4.4975e-10 1.0000e-15 3.4823e-13 1.0000e-15 1.0000e-15 3.4823e-13 1.0000e-15 1.0000e-15 1.0000e-15 1.0000e-15
5.4800e+00 4.4975e-10 1.0000e-15 3.4314e-13 1.0000e-15 1.0000e-15 3.4314e-13 1.0000e-15 1.0000e-15 1.0000e-15 1.0000e-15
5.4900e+00 4.4975e-10 1.0000e-15 3.4499e-13 1.0000e-15 1.0000e-15 3.4499e-13 1.0000e-15 1.0000e-15 1.0000e-15 1.0000e-15
5.5000e+00 4.4976e-10 1.0000e-15 3.5306e-13 1.0000e-15 1.0000e-15 3.5306e-13 1.0000e-15 1.0000e-15 1.0000e-15 1.0000e-15
5.5100e+00 4.4977e-10 1.0000e-15 3.5817e-13 1.0000e-15 1.0000e-15 3.5817e-13 1.0000e-15 1.0000e-15 1.0000e-15 1.0000e-15
5.5200e+00 4.4976e-10 1.0000e-15 3.6963e-13 1.0000e-15 1.0000e-15 3.6963e-13 1.0000e-15 1.0000e-15 1.0000e-15 1.0000e-15
5.5300e+00 4.4976e-10 1.0000e-15 3.6415e-13 1.0000e-15 1.0000e-15 3.6415e-13 1.0000e-15 1.0000e-15 1.0000e-15 1.0000e-15
5.5400e+00 4.4977e-10 1.0000e-15 3.6914e-13 1.0000e-15 1.0000e-15 3.6914e-13 1.0000e-15 1.0000e-15 1.0000e-15 1.0000e-15
5.5500e+00 4.4978e-10 1.0000e-15 3.7451e-13 1.0000e-15 1.0000e-15 3.7451e-13 1.0000e-15 1.0000e-15 1.0000e-15 1.0000e-15
5.5600e+00 4.4978e-10 1.0000e-15 3.6740e-13 1.0000e-15 1.0000e-15 3.6740e-13 1.0000e-15 1.0000e-15 1.0000e-15 1.0000e-15
5.5700e+00 4.4979e-10 1.0000e-15 3.7593e-13 1.0000e-15 1.0000e-15 3.7593e-13 1.0000e-15 1.0000e-15 1.0000e-15 1.0000e-15
5.5800e+00 4.4979e-10 1.0000e-15 3.7647e-13 1.0000e-15 1.0000e-15 3.7647e-13 1.0000e-15 1.0000e-15 1.0000e-15 1.0000e-15
5.5900e+00 4.4979e-10 1.0000e-15 3.8063e-13 1.0000e-15 1.0000e-15 3.8063e-13 1.0000e-15 1.0000e-15 1.0000e-15 1.0000e-15
5.6000e+00 4.4979e-10 1.0000e-15 3.8353e-13 1.0000e-15 1.0000e-15 3.8353e-13 1.0000e-15 1.0000e-15 1.0000e-15 1.0000e-15
5.6100e+00 7.0713e-01 1.6177e-13 4.6151e-14 2.9910e-13 1.5338e-13 2.6312e-13 1.8640e-13 1.0000e-15 1.0000e-15 1.0000e-15
5.6200e+00 3.7435e-01 1.6384e-13 4.6323e-14 3.0380e-13 1.5257e-13 2.6020e-13 1.8760e-13 1.0000e-15 1.0000e-15 1.0000e-15
5.6300e+00 1.9818e-01 1.6485e-13 4.6672e-14 3.0193e-13 1.5939e-13 2.6694e-13 1.8667e-13 1.0000e-15 1.0000e-15 1.0000e-15
5.6400e+00 1.0492e-01 1.6547e-13 4.9884e-14 3.0634e-13 1.6427e-13 2.7632e-13 1.8322e-13 1.0000e-15 1.0000e-15 1.0000e-15
5.6500e+00 5.5545e-02 1.7088e-13 5.4118e-14 3.1220e-13 1.5974e-13 2.7808e-13 1.8916e-13 1.0000e-15 1.0000e-15 1.0000e-15
5.6600e+00 2.9405e-02 1.6536e-13 5.5040e-14 3.1382e-13 1.5919e-13 2.6955e-13 1.8960e-13 1.0000e-15 1.0000e-15 1.0000e-15
5.6700e+00 1.5567e-02 1.5659e-13 4.9922e-14 3.1010e-13 1.7047e-13 2.6187e-13 1.8590e-13 1.0000e-15 1.0000e-15 1.0000e-15
5.6800e+00 8.2414e-03 1.6518e-13 4.1497e-14 3.0051e-13 1.6711e-13 2.6778e-13 1.8955e-13 1.0000e-15 1.0000e-15 1.0000e-15
5.6900e+00 4.3630e-03 1.7087e-13 3.3610e-14 2.8802e-13 1.8207e-13 2.6097e-13 1.8051e-13 1.0000e-15 1.0000e-15 1.0000e-15
5.7000e+00 2.3098e-03 1.5979e-13 2.8861e-14 3.0164e-13 1.7662e-13 2.6357e-13 1.7089e-13 1.0000e-15 1.0000e-15 1.0000e-15
5.7100e+00 1.2228e-03 1.6765e-13 4.0879e-14 2.8805e-13 1.9132e-13 2.4718e-13 1.7320e-13 1.0000e-15 1.0000e-15 1.0000e-15
5.7200e+00 6.4736e-04 1.8782e-13 7.7528e-14 3.2390e-13 1.7014e-13 2.7084e-13 1.9661e-13 1.0000e-15 1.0000e-15 1.0000e-15
5.7300e+00 3.4271e-04 1.8586e-13 7.0641e-14 3.3167e-13 1.5263e-13 2.7594e-13 1.8915e-13 1.0000e-15 1.0000e-15 1.0000e-15
5.7400e+00 1.8143e-04 1.5589e-13 5.4674e-14 3.2969e-13 1.5002e-13 2.5975e-13 1.5589e-13 1.0000e-15 1.0000e-15 1.0000e-15
5.7500e+00 9.6051e-05 1.4980e-13 6.6025e-14 3.0902e-13 1.5137e-13 2.4912e-13 1.4980e-13 1.0000e-15 1.0000e-15 1.0000e-15
5.7600e+00 5.0849e-05 1.3858e-13 4.7695e-14 2.9236e-13 1.7363e-13 2.6037e-13 1.3858e-13 1.0000e-15 1.0000e-15 1.0000e-15
5.7700e+00 2.6920e-05 1.4102e-13 4.5586e-14 2.9474e-13 1.6820e-13 2.6796e-13 1.4102e-13 1.0000e-15 1.0000e-15 1.0000e-15
5.7800e+00 1.4251e-05 1.3139e-13 6.8385e-14 3.0941e-13 1.5586e-13 2.8232e-13 1.3139e-13 1.0000e-15 1.0000e-15 1.0000e-15
5.7900e+00 7.5447e-06 1.0056e-13 2.4700e-14 3.0068e-13 1.7919e-13 2.5750e-13 1.0056e-13 1.0000e-15 1.0000e-15 1.0000e-15
5.8000e+00 3.9942e-06 1.1055e-13 1.9375e-14 3.0858e-13 1.7551e-13 2.5701e-13 1.1055e-13 1.0000e-15 1.0000e-15 1.0000e-15
5.8100e+00 2.1145e-06 1.0958e-13 2.2972e-14 3.1504e-13 1.6947e-13 2.7713e-13 1.0958e-13 1.0000e-15 1.0000e-15 1.0000e-15
5.8200e+00 1.1194e-06 1.0392e-13 3.5123e-14 3.2038e-13 1.8383e-13 2.8269e-13 1.0392e-13 1.0000e-15 1.0000e-15 1.0000e-15
5.8300e+00 5.9264e-07 1.0447e-13 3.1613e-14 3.2653e-13 1.7337e-13 2.9111e-13 1.0447e-13 1.0000e-15 1.0000e-15 1.0000e-15
5.8400e+00 3.1374e-07 1.3389e-13 3.0134e-14 3.4077e-13 1.4777e-13 3.1611e-13 1.3389e-13 1.0000e-15 1.0000e-15 1.0000e-15
5.8500e+00 1.6610e-07 1.4388e-13 3.0564e-14 3.3315e-13 1.4785e-13 3.0891e-13 1.4388e-13 1.0000e-15 1.0000e-15 1.0000e-15
5.8600e+00 8.7933e-08 1.6542e-13 2.0781e-14 3.5609e-13 1.4552e-13 3.2227e-13 1.6542e-13 1.0000e-15 1.0000e-15 1.0000e-15
5.8700e+00 4.6554e-08 1.8886e-13 2.0214e-14 3.5761e-13 1.4789e-13 3.3285e-13 1.8886e-13 1.0000e-15 1.0000e-15 1.0000e-15
5.8800e+00 2.4648e-08 1.7571e-13 2.1254e-14 3.6009e-13 1.4412e-13 3.3714e-13 1.7571e-13 1.0000e-15 1.0000e-15 1.0000e-15
5.8900e+00 1.3055e-08 1.6080e-13 1.8222e-14 3.5996e-13 1.4592e-13 3.3794e-13 1.6080e-13 1.0000e-15 1.0000e-15 1.0000e-15
5.9000e+00 6.9216e-09 1.7405e-13 2.7393e-14 3.6154e-13 1.3470e-13 3.4270e-13 1.7405e-13 1.0000e-15 1.0000e-15 1.0000e-15
5.9100e+00 3.6842e-09 1.7029e-13 3.4657e-14 3.6236e-13 1.1946e-13 3.4288e-13 1.7029e-13 1.0000e-15 1.0000e-15 1.0000e-15
5.9200e+00 1.9874e-09 1.6307e-13 2.7047e-14 3.5781e-13 1.2223e-13 3.3622e-13 1.6307e-13 1.0000e-15 1.0000e-15 1.0000e-15
5.9300e+00 1.1193e-09 1.5903e-13 1.8962e-14 3.5919e-13 1.2612e-13 3.3671e-13 1.5903e-13 1.0000e-15 1.0000e-15 1.0000e-15
5.9400e+00 7.0494e-10 1.5743e-13 1.4382e-14 3.5338e-13 1.2858e-13 3.3546e-13 1.5743e-13 1.0000e-15 1.0000e-15 1.0000e-15
5.9500e+00 5.3392e-10 1.5449e-13 1.2322e-14 3.4555e-13 1.2929e-13 3.3364e-13 1.5449e-13 1.0000e-15 1.0000e-15 1.0000e-15
5.9600e+00 4.7508e-10 1.5056e-13 1.2331e-14 3.4421e-13 1.3012e-13 3.3267e-13 1.5056e-13 1.0000e-15 1.0000e-15 1.0000e-15
5.9700e+00 4.5723e-10 1.4879e-13 1.5802e-14 3.4441e-13 1.2796e-13 3.3363e-13 1.4879e-13 1.0000e-15 1.0000e-15 1.0000e-15
5.9800e+00 4.5209e-10 1.4896e-13 8.1193e-15 3.4289e-13 1.2644e-13 3.3227e-13 1.4896e-13 1.0000e-15 1.0000e-15 1.0000e-15
5.9900e+00 4.5065e-10 1.4658e-13 7.4240e-15 3.4461e-13 1.2558e-13 3.3530e-13 1.4658e-13 1.0000e-15 1.0000e-15 1.0000e-15
6.0000e+00 4.5024e-10 1.4468e-13 3.5219e-15 3.4822e-13 1.2805e-13 3.3782e-13 1.4468e-13 1.0000e-15 1.0000e-15 1.0000e-15
6.0100e+00 4.5013e-10 1.3928e-13 1.6280e-15 3.4977e-13 1.2627e-13 3.3974e-13 1.3928e-13 1.0000e-15 1.0000e-15 1.0000e-15
6.0200e+00 4.5009e-10 1.3362e-13 1.0000e-15 3.4574e-13 1.3110e-13 3.3570e-13 1.3362e-13 1.0000e-15 1.0000e-15 1.0000e-15
6.0300e+00 4.5009e-10 1.3848e-13 1.0000e-15 3.4806e-13 1.2658e-13 3.3852e-13 1.3848e-13 1.0000e-15 1.0000e-15 1.0000e-15
6.0400e+00 4.5008e-10 1.3962e-13 1.0000e-15 3.4053e-13 1.2871e-13 3.3542e-13 1.3962e-13 1.0000e-15 1.0000e-15 1.0000e-15
6.0500e+00 4.5007e-10 1.3277e-13 1.0000e-15 3.3937e-13 1.3708e-13 3.3322e-13 1.3277e-13 1.0000e-15 1.0000e-15 1.0000e-15
6.0600e+00 4.5008e-10 1.4652e-13 1.0000e-15 3.4597e-13 1.1468e-13 3.4250e-13 1.4652e-13 1.0000e-15 1.0000e-15 1.0000e-15
6.0700e+00 4.5008e-10 1.2717e-13 1.0000e-15 3.3904e-13 1.1584e-13 3.3904e-13 1.2717e-13 1.0000e-15 1.0000e-15 1.0000e-15
6.0800e+00 4.5009e-10 1.3105e-13 1.0000e-15 3.4525e-13 1.0853e-13 3.4525e-13 1.3105e-13 1.0000e-15 1.0000e-15 1.0000e-15
6.0900e+00 4.5011e-10 1.5185e-13 1.0000e-15 3.7273e-13 1.0084e-13 3.7273e-13 1.5185e-13 1.0000e-15 1.0000e-15 1.0000e-15
6.1000e+00 4.5011e-10 1.5357e-13 1.0000e-15 3.6648e-13 1.2220e-13 3.6648e-13 1.5357e-13 1.0000e-15 1.0000e-15 1.0000e-15
6.1100e+00 4.5012e-10 1.6070e-13 1.0000e-15 3.7609e-13 1.0746e-13 3.7609e-13 1.6070e-13 1.0000e-15 1.0000e-15 1.0000e-15
6.1200e+00 4.5010e-10 1.3413e-13 1.0000e-15 3.8707e-13 1.1771e-13 3.8707e-13 1.3413e-13 1.0000e-15 1.0000e-15 1.0000e-15
6.1300e+00 4.5011e-10 1.5802e-13 1.0000e-15 3.8846e-13 9.7497e-14 3.8846e-13 1.5802e-13 1.0000e-15 1.0000e-15 1.0000e-15
6.1400e+00 4.5013e-10 1.5978e-13 1.0000e-15 3.8724e-13 1.0807e-13 3.8724e-13 1.5978e-13 1.0000e-15 1.0000e-15 1.0000e-15
6.1500e+00 4.5013e-10 1.6219e-13 1.0000e-15 3.8374e-13 1.2212e-13 3.8374e-13 1.6219e-13 1.0000e-15 1.0000e-15 1.0000e-15
6.1600e+00 4.5012e-10 1.3013e-13 1.0000e-15 3.6852e-13 1.1754e-13 3.6852e-13 1.3013e-13 1.0000e-15 1.0000e-15 1.0000e-15
6.1700e+00 4.5014e-10 1.6171e-13 1.0000e-15 3.9545e-13 1.2200e-13 3.9545e-13 1.6171e-13 1.0000e-15 1.0000e-15 1.0000e-15
6.1800e+00 4.5014e-10 1.6114e-13 1.0000e-15 4.0401e-13 1.2234e-13 4.0401e-13 1.6114e-13 1.0000e-15 1.0000e-15 1.0000e-15
6.1900e+00 4.5011e-10 1.3314e-13 1.0000e-15 4.0079e-13 1.2575e-13 4.0079e-13 1.3314e-13 1.0000e-15 1.0000e-15 1.0000e-15
6.2000e+00 4.5011e-10 9.1924e-14 1.0000e-15 4.0957e-13 1.0377e-13 4.0957e-13 9.1924e-14 1.0000e-15 1.0000e-15 1.0000e-15
6.2100e+00 4.5009e-10 1.0005e-13 1.0000e-15 4.1448e-13 9.7153e-14 4.1448e-13 1.0005e-13 1.0000e-15 1.0000e-15 1.0000e-15
6.2200e+00 4.5007e-10 9.9167e-14 1.0000e-15 3.9213e-13 1.2701e-13 3.9213e-13 9.9167e-14 1.0000e-15 1.0000e-15 1.0000e-15
6.2300e+00 4.5007e-10 9.0807e-14 1.0000e-15 3.8032e-13 1.3740e-13 3.8032e-13 9.0807e-14 1.0000e-15 1.0000e-15 1.0000e-15
6.2400e+00 4.5008e-10 1.0141e-13 1.0000e-15 3.8309e-13 1.4196e-13 3.8309e-13 1.0141e-13 1.0000e-15 1.0000e-15 1.0000e-15
6.2500e+00 4.5008e-10 1.0222e-13 1.0000e-15 3.8276e-13 1.1387e-13 3.8276e-13 1.0222e-13 1.0000e-15 1.0000e-15 1.0000e-15
6.2600e+00 4.5007e-10 7.4392e-14 1.0000e-15 3.5757e-13 1.4160e-13 3.5757e-13 7.4392e-14 1.0000e-15 1.0000e-15 1.0000e-15
6.2700e+00 4.5006e-10 7.0210e-14 1.0000e-15 3.4234e-13 1.5480e-13 3.4234e-13 7.0210e-14 1.0000e-15 1.0000e-15 1.0000e-15
6.2800e+00 4.5007e-10 7.4413e-14 1.0000e-15 3.5175e-13 1.5077e-13 3.5175e-13 7.4413e-14 1.0000e-15 1.0000e-15 1.0000e-15
6.2900e+00 4.5009e-10 8.0679e-14 1.0000e-15 3.4864e-13 1.4586e-13 3.4864e-13 8.0679e-14 1.0000e-15 1.0000e-15 1.0000e-15
6.3000e+00 4.5010e-10 8.1756e-14 1.0000e-15 3.5512e-13 1.3077e-13 3.5512e-13 8.1756e-14 1.0000e-15 1.0000e-15 1.0000e-15
6.3100e+00 4.5011e-10 8.6288e-14 1.0000e-15 3.5349e-13 1.1215e-13 3.5349e-13 8.6288e-14 1.0000e-15 1.0000e-15 1.0000e-15
6.3200e+00 4.5011e-10 8.9028e-14 1.0000e-15 3.5533e-13 1.0110e-13 3.5533e-13 8.9028e-14 1.0000e-15 1.0000e-15 1.0000e-15
6.3300e+00 4.5012e-10 9.6135e-14 1.0000e-15 3.6560e-13 9.1755e-14 3.6560e-13 9.6135e-14 1.0000e-15 1.0000e-15 1.0000e-15
6.3400e+00 4.5011e-10 8.8588e-14 1.0000e-15 3.6904e-13 9.6530e-14 3.6904e-13 8.8588e-14 1.0000e-15 1.0000e-15 1.0000e-15
6.3500e+00 4.5012e-10 8.5487e-14 1.0000e-15 3.6792e-13 9.5170e-14 3.6792e-13 8.5487e-14 1.0000e-15 1.0000e-15 1.0000e-15
6.3600e+00 4.5012e-10 8.8244e-14 1.0000e-15 3.7202e-13 9.2029e-14 3.7202e-13 8.8244e-14 1.0000e-15 1.0000e-15 1.0000e-15
6.3700e+00 4.5012e-10 9.5005e-14 1.0000e-15 3.7706e-13 8.9135e-14 3.7706e-13 9.5005e-14 1.0000e-15 1.0000e-15 1.0000e-15
6.3800e+00 4.5012e-10 9.3515e-14 1.0000e-15 3.7513e-13 9.0090e-14 3.7513e-13 9.3515e-14 1.0000e-15 1.0000e-15 1.0000e-15
6.3900e+00 4.5011e-10 9.0924e-14 1.0000e-15 3.7745e-13 9.2994e-14 3.7745e-13 9.0924e-14 1.0000e-15 1.0000e-15 1.0000e-15
6.4000e+00 4.5012e-10 8.9288e-14 1.0000e-15 3.7953e-13 8.9583e-14 3.7953e-13 8.9288e-14 1.0000e-15 1.0000e-15 1.0000e-15
6.4100e+00 7.0713e-01 1.8332e-13 3.2562e-14 2.5711e-13 8.3018e-14 3.2838e-13 3.0801e-13 1.0153e-13 1.0000e-15 1.0000e-15
6.4200e+00 3.7435e-01 1.9257e-13 2.8278e-14 2.5895e-13 7.9951e-14 3.3073e-13 3.0896e-13 9.9770e-14 1.0000e-15 1.0000e-15
6.4300e+00 1.9818e-01 1.9208e-13 2.8641e-14 2.6230e-13 8.0943e-14 3.3412e-13 3.1577e-13 9.8048e-14 1.0000e-15 1.0000e-15
6.4400e+00 1.0492e-01 1.9549e-13 2.4637e-14 2.6221e-13 7.8740e-14 3.3761e-13 3.2155e-13 8.6120e-14 1.0000e-15 1.0000e-15
6.4500e+00 5.5545e-02 1.8967e-13 3.0239e-14 2.5752e-13 7.9308e-14 3.3670e-13 3.2686e-13 8.3574e-14 1.0000e-15 1.0000e-15
6.4600e+00 2.9405e-02 2.0137e-13 1.8918e-14 2.6012e-13 7.7584e-14 3.4696e-13 3.3606e-13 8.1639e-14 1.0000e-15 1.0000e-15
6.4700e+00 1.5567e-02 1.9540e-13 2.7062e-14 2.5251e-13 8.4337e-14 3.4681e-13 3.3529e-13 9.0600e-14 1.0000e-15 1.0000e-15
6.4800e+00 8.2414e-03 2.0392e-13 1.9820e-14 2.6045e-13 7.9893e-14 3.4506e-13 3.3710e-13 8.6298e-14 1.0000e-15 1.0000e-15
6.4900e+00 4.3630e-03 2.0118e-13 3.1380e-14 2.5404e-13 8.8507e-14 3.4316e-13 3.3352e-13 8.8507e-14 1.0000e-15 1.0000e-15
6.5000e+00 2.3098e-03 1.9839e-13 1.8473e-14 2.7025e-13 6.7844e-14 3.3893e-13 3.3175e-13 6.7844e-14 1.0000e-15 1.0000e-15
6.5100e+00 1.2228e-03 2.0095e-13 1.9289e-14 2.9834e-13 6.6292e-14 3.4695e-13 3.4677e-13 6.6292e-14 1.0000e-15 1.0000e-15
6.5200e+00 6.4736e-04 2.0896e-13 1.8940e-14 2.9015e-13 7.2585e-14 3.2760e-13 3.2760e-13 7.2585e-14 1.0000e-15 1.0000e-15
6.5300e+00 3.4271e-04 1.9452e-13 1.0566e-14 2.6253e-13 5.3904e-14 3.1782e-13 3.1782e-13 5.3904e-14 1.0000e-15 1.0000e-15
6.5400e+00 1.8143e-04 1.9753e-13 1.6486e-14 2.3534e-13 6.0395e-14 3.0516e-13 3.0516e-13 6.0395e-14 1.0000e-15 1.0000e-15
6.5500e+00 9.6051e-05 2.1982e-13 7.8798e-15 2.5164e-13 3.4937e-14 3.2637e-13 3.2637e-13 3.4937e-14 1.0000e-15 1.0000e-15
6.5600e+00 5.0849e-05 2.2044e-13 2.4432e-14 2.4945e-13 4.6428e-14 3.0394e-13 3.0394e-13 4.6428e-14 1.0000e-15 1.0000e-15
6.5700e+00 2.6920e-05 2.3045e-13 1.0400e-14 2.4139e-13 6.5023e-14 3.1216e-13 3.1216e-13 6.5023e-14 1.0000e-15 1.0000e-15
6.5800e+00 1.4251e-05 2.3369e-13 1.6888e-14 2.4344e-13 4.4693e-14 3.0416e-13 3.0416e-13 4.4693e-14 1.0000e-15 1.0000e-15
6.5900e+00 7.5447e-06 2.2658e-13 2.2828e-14 2.3381e-13 4.0241e-14 2.8202e-13 2.8202e-13 4.0241e-14 1.0000e-15 1.0000e-15
6.6000e+00 3.9942e-06 2.5836e-13 4.8232e-14 2.6517e-13 6.0236e-14 2.9715e-13 2.9715e-13 6.0236e-14 1.0000e-15 1.0000e-15
6.6100e+00 2.1145e-06 2.5272e-13 2.8748e-14 2.8381e-13 4.1312e-14 3.0041e-13 3.0041e-13 4.1312e-14 1.0000e-15 1.0000e-15
6.6200e+00 1.1194e-06 2.4867e-13 1.1358e-14 2.7044e-13 1.9631e-14 2.8675e-13 2.8675e-13 1.9631e-14 1.0000e-15 1.0000e-15
6.6300e+00 5.9264e-07 2.6329e-13 2.7764e-15 2.8549e-13 1.5648e-14 3.0627e-13 3.0627e-13 1.5648e-14 1.0000e-15 1.0000e-15
6.6400e+00 3.1374e-07 2.3596e-13 1.0000e-15 2.5210e-13 5.6998e-15 2.7152e-13 2.7152e-13 5.6998e-15 1.0000e-15 1.0000e-15
6.6500e+00 1.6610e-07 2.2478e-13 1.0000e-15 2.5657e-13 1.3809e-14 2.7293e-13 2.7293e-13 1.3809e-14 1.0000e-15 1.0000e-15
6.6600e+00 8.7933e-08 2.1514e-13 1.0000e-15 2.5548e-13 1.9028e-14 2.8145e-13 2.8145e-13 1.9028e-14 1.0000e-15 1.0000e-15
6.6700e+00 4.6554e-08 2.2097e-13 1.0000e-15 2.4210e-13 8.5364e-15 2.6237e-13 2.6237e-13 8.5364e-15 1.0000e-15 1.0000e-15
6.6800e+00 2.4649e-08 2.2337e-13 1.0000e-15 2.3963e-13 1.0000e-15 2.6618e-13 2.6618e-13 1.0000e-15 1.0000e-15 1.0000e-15
6.6900e+00 1.3055e-08 2.1382e-13 1.0000e-15 2.4397e-13 1.0000e-15 2.7564e-13 2.7564e-13 1.0000e-15 1.0000e-15 1.0000e-15
6.7000e+00 6.9217e-09 2.2134e-13 1.0000e-15 2.5128e-13 1.0000e-15 2.9063e-13 2.9063e-13 1.0000e-15 1.0000e-15 1.0000e-15
6.7100e+00 3.6842e-09 2.2384e-13 1.0000e-15 2.5254e-13 1.0000e-15 2.8966e-13 2.8966e-13 1.0000e-15 1.0000e-15 1.0000e-15
6.7200e+00 1.9876e-09 2.3050e-13 1.0000e-15 2.5798e-13 1.0000e-15 2.9034e-13 2.9034e-13 1.0000e-15 1.0000e-15 1.0000e-15
6.7300e+00 1.1195e-09 2.3649e-13 1.0000e-15 2.5674e-13 1.0000e-15 2.8839e-13 2.8839e-13 1.0000e-15 1.0000e-15 1.0000e-15
6.7400e+00 7.0523e-10 2.3624e-13 1.0000e-15 2.5853e-13 1.0000e-15 2.8791e-13 2.8791e-13 1.0000e-15 1.0000e-15 1.0000e-15
6.7500e+00 5.3432e-10 2.3855e-13 1.0000e-15 2.5591e-13 1.0000e-15 2.9474e-13 2.9474e-13 1.0000e-15 1.0000e-15 1.0000e-15
6.7600e+00 4.7551e-10 2.3704e-13 1.0000e-15 2.5286e-13 1.0000e-15 2.9716e-13 2.9716e-13 1.0000e-15 1.0000e-15 1.0000e-15
6.7700e+00 4.5769e-10 2.4026e-13 1.0000e-15 2.5656e-13 1.0000e-15 3.0215e-13 3.0215e-13 1.0000e-15 1.0000e-15 1.0000e-15
6.7800e+00 4.5256e-10 2.3898e-13 1.0000e-15 2.5357e-13 1.0000e-15 3.0547e-13 3.0547e-13 1.0000e-15 1.0000e-15 1.0000e-15
6.7900e+00 4.5111e-10 2.4132e-13 1.0000e-15 2.5433e-13 1.0000e-15 3.0451e-13 3.0451e-13 1.0000e-15 1.0000e-15 1.0000e-15
6.8000e+00 4.5071e-10 2.4233e-13 1.0000e-15 2.5799e-13 1.0000e-15 3.0536e-13 3.0536e-13 1.0000e-15 1.0000e-15 1.0000e-15
6.8100e+00 4.5060e-10 2.4430e-13 1.0000e-15 2.6321e-13 1.0000e-15 3.0793e-13 3.0793e-13 1.0000e-15 1.0000e-15 1.0000e-15
6.8200e+00 4.5057e-10 2.4323e-13 1.0000e-15 2.6924e-13 1.0000e-15 3.0987e-13 3.0987e-13 1.0000e-15 1.0000e-15 1.0000e-15
6.8300e+00 4.5056e-10 2.4222e-13 1.0000e-15 2.6992e-13 1.0000e-15 3.1011e-13 3.1011e-13 1.0000e-15 1.0000e-15 1.0000e-15
6.8400e+00 4.5057e-10 2.4225e-13 1.0000e-15 2.6693e-13 1.0000e-15 3.1128e-13 3.1128e-13 1.0000e-15 1.0000e-15 1.0000e-15
6.8500e+00 4.5056e-10 2.4590e-13 1.0000e-15 2.6863e-13 1.0000e-15 3.1305e-13 3.1305e-13 1.0000e-15 1.0000e-15 1.0000e-15
6.8600e+00 4.5056e-10 2.4244e-13 1.0000e-15 2.6537e-13 1.0000e-15 3.1419e-13 3.1419e-13 1.0000e-15 1.0000e-15 1.0000e-15
6.8700e+00 4.5055e-10 2.3172e-13 1.0000e-15 2.5259e-13 1.0000e-15 3.1206e-13 3.1206e-13 1.0000e-15 1.0000e-15 1.0000e-15
6.8800e+00 4.5055e-10 2.4031e-13 1.0000e-15 2.5390e-13 1.0000e-15 3.2513e-13 3.2513e-13 1.0000e-15 1.0000e-15 1.0000e-15
6.8900e+00 4.5053e-10 2.4162e-13 1.0000e-15 2.5122e-13 1.0000e-15 3.2268e-13 3.2268e-13 1.0000e-15 1.0000e-15 1.0000e-15
6.9000e+00 4.5053e-10 2.5963e-13 1.0000e-15 2.5998e-13 1.0000e-15 3.0846e-13 3.0846e-13 1.0000e-15 1.0000e-15 1.0000e-15
6.9100e+00 4.5052e-10 2.5447e-13 1.0000e-15 2.5447e-13 1.0000e-15 2.9863e-13 2.9863e-13 1.0000e-15 1.0000e-15 1.0000e-15
6.9200e+00 4.5051e-10 2.3497e-13 1.0000e-15 2.3497e-13 1.0000e-15 2.8626e-13 2.8626e-13 1.0000e-15 1.0000e-15 1.0000e-15
6.9300e+00 4.5051e-10 2.2658e-13 1.0000e-15 2.2658e-13 1.0000e-15 2.7432e-13 2.7432e-13 1.0000e-15 1.0000e-15 1.0000e-15
6.9400e+00 4.5052e-10 2.1894e-13 1.0000e-15 2.1894e-13 1.0000e-15 2.8390e-13 2.8390e-13 1.0000e-15 1.0000e-15 1.0000e-15
6.9500e+00 4.5050e-10 2.2688e-13 1.0000e-15 2.2688e-13 1.0000e-15 2.7836e-13 2.7836e-13 1.0000e-15 1.0000e-15 1.0000e-15
6.9600e+00 4.5051e-10 2.2016e-13 1.0000e-15 2.2016e-13 1.0000e-15 2.8174e-13 2.8174e-13 1.0000e-15 1.0000e-15 1.0000e-15
6.9700e+00 4.5050e-10 2.1892e-13 1.0000e-15 2.1892e-13 1.0000e-15 2.8698e-13 2.8698e-13 1.0000e-15 1.0000e-15 1.0000e-15
6.9800e+00 4.5051e-10 2.1683e-13 1.0000e-15 2.1683e-13 1.0000e-15 2.9102e-13 2.9102e-13 1.0000e-15 1.0000e-15 1.0000e-15
6.9900e+00 4.5051e-10 1.9494e-13 1.0000e-15 1.9494e-13 1.0000e-15 3.0147e-13 3.0147e-13 1.0000e-15 1.0000e-15 1.0000e-15
7.0000e+00 4.5052e-10 1.8537e-13 1.0000e-15 1.8537e-13 1.0000e-15 2.9605e-13 2.9605e-13 1.0000e-15 1.0000e-15 1.0000e-15
7.0100e+00 4.5054e-10 1.9535e-13 1.0000e-15 1.9535e-13 1.0000e-15 2.9504e-13 2.9504e-13 1.0000e-15 1.0000e-15 1.0000e-15
7.0200e+00 4.5052e-10 1.8752e-13 1.0000e-15 1.8752e-13 1.0000e-15 2.6714e-13 2.6714e-13 1.0000e-15 1.0000e-15 1.0000e-15
7.0300e+00 4.5054e-10 2.1313e-13 1.0000e-15 2.1313e-13 1.0000e-15 2.9076e-13 2.9076e-13 1.0000e-15 1.0000e-15 1.0000e-15
7.0400e+00 4.5054e-10 1.8557e-13 1.0000e-15 1.8557e-13 1.0000e-15 2.9232e-13 2.9232e-13 1.0000e-15 1.0000e-15 1.0000e-15
7.0500e+00 4.5052e-10 1.8519e-13 1.0000e-15 1.8519e-13 1.0000e-15 2.8614e-13 2.8614e-13 1.0000e-15 1.0000e-15 1.0000e-15
7.0600e+00 4.5052e-10 1.8995e-13 1.0000e-15 1.8995e-13 1.0000e-15 2.9675e-13 2.9675e-13 1.0000e-15 1.0000e-15 1.0000e-15
7.0700e+00 4.5053e-10 1.8714e-13 1.0000e-15 1.8714e-13 1.0000e-15 2.9625e-13 2.9625e-13 1.0000e-15 1.0000e-15 1.0000e-15
7.0800e+00 4.5053e-10 1.8083e-13 1.0000e-15 1.8083e-13 1.0000e-15 2.7434e-13 2.7434e-13 1.0000e-15 1.0000e-15 1.0000e-15
7.0900e+00 4.5053e-10 1.8874e-13 1.0000e-15 1.8874e-13 1.0000e-15 2.7945e-13 2.7945e-13 1.0000e-15 1.0000e-15 1.0000e-15
7.1000e+00 4.5054e-10 1.9617e-13 1.0000e-15 1.9617e-13 1.0000e-15 2.8214e-13 2.8214e-13 1.0000e-15 1.0000e-15 1.0000e-15
7.1100e+00 4.5055e-10 1.8754e-13 1.0000e-15 1.8754e-13 1.0000e-15 2.8434e-13 2.8434e-13 1.0000e-15 1.0000e-15 1.0000e-15
7.1200e+00 4.5055e-10 1.9302e-13 1.0000e-15 1.9302e-13 1.0000e-15 2.8343e-13 2.8343e-13 1.0000e-15 1.0000e-15 1.0000e-15
7.1300e+00 4.5056e-10 1.9402e-13 1.0000e-15 1.9402e-13 1.0000e-15 2.8291e-13 2.8291e-13 1.0000e-15 1.0000e-15 1.0000e-15
7.1400e+00 4.5057e-10 2.0744e-13 1.0000e-15 2.0744e-13 1.0000e-15 2.9060e-13 2.9060e-13 1.0000e-15 1.0000e-15 1.0000e-15
7.1500e+00 4.5057e-10 2.1270e-13 1.0000e-15 2.1270e-13 1.0000e-15 2.8601e-13 2.8601e-13 1.0000e-15 1.0000e-15 1.0000e-15
7.1600e+00 4.5057e-10 2.1028e-13 1.0000e-15 2.1028e-13 1.0000e-15 2.8647e-13 2.8647e-13 1.0000e-15 1.0000e-15 1.0000e-15
7.1700e+00 4.5057e-10 2.1337e-13 1.0000e-15 2.1337e-13 1.0000e-15 2.8801e-13 2.8801e-13 1.0000e-15 1.0000e-15 1.0000e-15
7.1800e+00 4.5057e-10 2.1269e-13 1.0000e-15 2.1269e-13 1.0000e-15 2.8538e-13 2.8538e-13 1.0000e-15 1.0000e-15 1.0000e-15
7.1900e+00 4.5057e-10 2.1583e-13 1.0000e-15 2.1583e-13 1.0000e-15 2.8636e-13 2.8636e-13 1.0000e-15 1.0000e-15 1.0000e-15
7.2000e+00 4.5057e-10 2.1987e-13 1.0000e-15 2.1987e-13 1.0000e-15 2.8537e-13 2.8537e-13 1.0000e-15 1.0000e-15 1.0000e-15
7.2100e+00 7.0713e-01 1.9662e-13 8.6275e-15 2.8222e-13 1.0932e-13 3.9529e-13 2.6000e-13 1.3134e-13 1.0606e-13 1.0000e-15
7.2200e+00 3.7435e-01 1.9201e-13 7.8078e-15 2.8469e-13 1.0635e-13 3.9799e-13 2.6430e-13 1.3141e-13 1.0556e-13 1.0000e-15
7.2300e+00 1.9818e-01 1.9185e-13 6.1789e-15 2.8908e-13 1.0756e-13 3.9797e-13 2.6751e-13 1.2777e-13 1.0912e-13 1.0000e-15
7.2400e+00 1.0492e-01 1.9626e-13 1.0252e-14 2.9451e-13 9.7296e-14 4.0913e-13 2.7242e-13 1.2899e-13 1.1496e-13 1.0000e-15
7.2500e+00 5.5545e-02 1.9601e-13 1.0155e-14 2.8845e-13 1.0075e-13 4.1146e-13 2.7450e-13 1.2377e-13 1.1030e-13 1.0000e-15
7.2600e+00 2.9405e-02 1.8910e-13 9.9261e-15 2.9220e-13 1.0561e-13 4.1461e-13 2.7327e-13 1.2441e-13 1.0570e-13 1.0000e-15
7.2700e+00 1.5567e-02 1.8763e-13 2.0761e-14 2.8438e-13 1.1220e-13 4.1568e-13 2.7031e-13 1.2280e-13 1.0329e-13 1.0000e-15
7.2800e+00 8.2414e-03 1.9819e-13 3.2352e-14 2.9230e-13 1.0023e-13 4.3459e-13 2.8470e-13 1.0964e-13 1.1609e-13 1.0000e-15
7.2900e+00 4.3630e-03 2.1286e-13 3.4681e-14 2.8294e-13 1.0265e-13 4.3338e-13 2.7981e-13 1.0409e-13 1.2565e-13 1.0000e-15
7.3000e+00 2.3098e-03 2.2998e-13 3.7782e-14 2.7931e-13 1.1236e-13 4.1820e-13 2.7931e-13 1.1236e-13 1.1589e-13 1.0000e-15
7.3100e+00 1.2228e-03 2.5978e-13 6.3249e-14 2.8734e-13 6.8828e-14 4.5266e-13 2.8734e-13 6.8828e-14 1.2710e-13 1.0000e-15
7.3200e+00 6.4736e-04 2.7218e-13 8.9747e-14 2.9436e-13 5.6353e-14 4.4531e-13 2.9436e-13 5.6353e-14 1.2424e-13 1.0000e-15
7.3300e+00 3.4271e-04 2.5865e-13 8.6616e-14 2.6426e-13 1.0718e-13 4.2443e-13 2.6426e-13 1.0718e-13 1.0205e-13 1.0000e-15
7.3400e+00 1.8143e-04 2.4292e-13 1.0553e-13 2.6115e-13 1.1280e-13 3.9396e-13 2.6115e-13 1.1280e-13 1.0555e-13 1.0000e-15
7.3500e+00 9.6051e-05 2.3995e-13 6.3728e-14 2.5579e-13 1.0459e-13 3.7234e-13 2.5579e-13 1.0459e-13 6.3728e-14 1.0000e-15
7.3600e+00 5.0849e-05 2.5322e-13 1.0754e-13 2.6385e-13 6.8502e-14 4.0556e-13 2.6385e-13 6.8502e-14 1.0754e-13 1.0000e-15
7.3700e+00 2.6920e-05 2.4547e-13 9.4187e-14 2.5844e-13 9.3882e-14 4.0597e-13 2.5844e-13 9.3882e-14 9.4187e-14 1.0000e-15
7.3800e+00 1.4251e-05 2.4628e-13 1.1942e-13 2.5032e-13 6.5514e-14 4.0434e-13 2.5032e-13 6.5514e-14 1.1942e-13 1.0000e-15
7.3900e+00 7.5447e-06 2.6102e-13 1.6352e-13 2.6102e-13 5.8970e-14 3.8994e-13 2.6102e-13 5.8970e-14 1.6352e-13 1.0000e-15
7.4000e+00 3.9942e-06 2.5206e-13 1.7613e-13 2.5206e-13 6.5782e-14 3.8961e-13 2.5206e-13 6.5782e-14 1.7613e-13 1.0000e-15
7.4100e+00 2.1145e-06 2.5865e-13 2.1634e-13 2.5865e-13 7.0800e-14 4.0919e-13 2.5865e-13 7.0800e-14 2.1634e-13 1.0000e-15
7.4200e+00 1.1194e-06 2.5264e-13 2.0971e-13 2.5264e-13 4.9809e-14 3.8742e-13 2.5264e-13 4.9809e-14 2.0971e-13 1.0000e-15
7.4300e+00 5.9264e-07 2.3942e-13 1.9163e-13 2.3942e-13 5.0928e-14 3.6892e-13 2.3942e-13 5.0928e-14 1.9163e-13 1.0000e-15
7.4400e+00 3.1374e-07 2.1419e-13 1.8706e-13 2.1419e-13 4.8532e-14 3.6982e-13 2.1419e-13 4.8532e-14 1.8706e-13 1.0000e-15
7.4500e+00 1.6610e-07 2.3304e-13 2.0085e-13 2.3304e-13 5.2850e-14 3.6730e-13 2.3304e-13 5.2850e-14 2.0085e-13 1.0000e-15
7.4600e+00 8.7933e-08 2.3883e-13 2.1664e-13 2.3883e-13 3.7144e-14 3.8267e-13 2.3883e-13 3.7144e-14 2.1664e-13 1.0000e-15
7.4700e+00 4.6554e-08 2.4428e-13 2.3470e-13 2.4428e-13 3.5855e-14 4.1682e-13 2.4428e-13 3.5855e-14 2.3470e-13 1.0000e-15
7.4800e+00 2.4649e-08 2.3814e-13 2.3395e-13 2.3814e-13 4.2999e-14 4.0934e-13 2.3814e-13 4.2999e-14 2.3395e-13 1.0000e-15
7.4900e+00 1.3055e-08 2.4048e-13 2.3697e-13 2.4048e-13 2.0500e-14 4.1957e-13 2.4048e-13 2.0500e-14 2.3697e-13 1.0000e-15
7.5000e+00 6.9217e-09 2.5927e-13 2.4967e-13 2.5927e-13 3.2615e-14 4.1395e-13 2.5927e-13 3.2615e-14 2.4967e-13 1.0000e-15
7.5100e+00 3.6843e-09 2.5572e-13 2.5005e-13 2.5572e-13 3.0684e-14 4.2732e-13 2.5572e-13 3.0684e-14 2.5005e-13 1.0000e-15
7.5200e+00 1.9876e-09 2.4639e-13 2.4044e-13 2.4639e-13 2.7047e-14 4.2286e-13 2.4639e-13 2.7047e-14 2.4044e-13 1.0000e-15
7.5300e+00 1.1197e-09 2.3418e-13 2.3399e-13 2.3418e-13 2.2298e-14 4.1541e-13 2.3418e-13 2.2298e-14 2.3399e-13 1.0000e-15
7.5400e+00 7.0549e-10 2.3736e-13 2.3736e-13 2.3736e-13 1.6158e-14 4.2603e-13 2.3736e-13 1.6158e-14 2.3736e-13 1.0000e-15
7.5500e+00 5.3467e-10 2.3495e-13 2.3495e-13 2.3495e-13 1.3227e-14 4.1982e-13 2.3495e-13 1.3227e-14 2.3495e-13 1.0000e-15
7.5600e+00 4.7592e-10 2.3478e-13 2.3478e-13 2.3478e-13 1.1741e-14 4.1972e-13 2.3478e-13 1.1741e-14 2.3478e-13 1.0000e-15
7.5700e+00 4.5810e-10 2.3248e-13 2.3248e-13 2.3248e-13 8.3945e-15 4.1605e-13 2.3248e-13 8.3945e-15 2.3248e-13 1.0000e-15
7.5800e+00 4.5297e-10 2.2923e-13 2.2923e-13 2.2923e-13 1.2147e-14 4.1490e-13 2.2923e-13 1.2147e-14 2.2923e-13 1.0000e-15
7.5900e+00 4.5153e-10 2.2801e-13 2.2801e-13 2.2801e-13 1.5603e-14 4.1052e-13 2.2801e-13 1.5603e-14 2.2801e-13 1.0000e-15
7.6000e+00 4.5112e-10 2.3182e-13 2.3182e-13 2.3182e-13 1.3247e-14 4.1175e-13 2.3182e-13 1.3247e-14 2.3182e-13 1.0000e-15
7.6100e+00 4.5101e-10 2.3123e-13 2.3123e-13 2.3123e-13 1.1914e-14 4.0929e-13 2.3123e-13 1.1914e-14 2.3123e-13 1.0000e-15
7.6200e+00 4.5098e-10 2.2943e-13 2.2943e-13 2.2943e-13 1.1078e-14 4.0639e-13 2.2943e-13 1.1078e-14 2.2943e-13 1.0000e-15
7.6300e+00 4.5097e-10 2.3476e-13 2.3476e-13 2.3476e-13 1.5722e-14 4.1084e-13 2.3476e-13 1.5722e-14 2.3476e-13 1.0000e-15
7.6400e+00 4.5096e-10 2.2998e-13 2.2998e-13 2.2998e-13 1.4463e-14 4.0928e-13 2.2998e-13 1.4463e-14 2.2998e-13 1.0000e-15
7.6500e+00 4.5095e-10 2.2488e-13 2.2488e-13 2.2488e-13 2.4046e-14 4.0633e-13 2.2488e-13 2.4046e-14 2.2488e-13 1.0000e-15
7.6600e+00 4.5095e-10 2.1907e-13 2.1907e-13 2.1907e-13 2.3921e-14 4.0697e-13 2.1907e-13 2.3921e-14 2.1907e-13 1.0000e-15
7.6700e+00 4.5093e-10 2.0365e-13 2.0365e-13 2.0365e-13 3.6024e-14 3.9279e-13 2.0365e-13 3.6024e-14 2.0365e-13 1.0000e-15
7.6800e+00 4.5094e-10 1.9764e-13 1.9764e-13 1.9764e-13 3.2689e-14 3.8340e-13 1.9764e-13 3.2689e-14 1.9764e-13 1.0000e-15
7.6900e+00 4.5096e-10 2.0287e-13 2.0287e-13 2.0287e-13 2.8042e-14 4.0253e-13 2.0287e-13 2.8042e-14 2.0287e-13 1.0000e-15
7.7000e+00 4.5095e-10 2.0136e-13 2.0136e-13 2.0136e-13 2.8889e-14 3.8482e-13 2.0136e-13 2.8889e-14 2.0136e-13 1.0000e-15
7.7100e+00 4.5096e-10 2.1400e-13 2.1400e-13 2.1400e-13 2.4633e-14 3.8565e-13 2.1400e-13 2.4633e-14 2.1400e-13 1.0000e-15
7.7200e+00 4.5096e-10 2.0219e-13 2.0219e-13 2.0219e-13 8.5364e-15 3.7471e-13 2.0219e-13 8.5364e-15 2.0219e-13 1.0000e-15
7.7300e+00 4.5096e-10 2.0018e-13 2.0018e-13 2.0018e-13 2.0378e-14 3.8578e-13 2.0018e-13 2.0378e-14 2.0018e-13 1.0000e-15
7.7400e+00 4.5097e-10 2.1297e-13 2.1297e-13 2.1297e-13 8.5364e-15 4.0492e-13 2.1297e-13 8.5364e-15 2.1297e-13 1.0000e-15
7.7500e+00 4.5097e-10 2.0743e-13 2.0743e-13 2.0743e-13 1.3809e-14 4.0347e-13 2.0743e-13 1.3809e-14 2.0743e-13 1.0000e-15
7.7600e+00 4.5096e-10 2.2217e-13 2.2217e-13 2.2217e-13 1.0000e-15 4.1812e-13 2.2217e-13 1.0000e-15 2.2217e-13 1.0000e-15
7.7700e+00 4.5098e-10 2.3960e-13 2.3960e-13 2.3960e-13 1.0000e-15 4.2834e-13 2.3960e-13 1.0000e-15 2.3960e-13 1.0000e-15
7.7800e+00 4.5096e-10 2.3487e-13 2.3487e-13 2.3487e-13 1.0000e-15 4.2357e-13 2.3487e-13 1.0000e-15 2.3487e-13 1.0000e-15
7.7900e+00 4.5096e-10 2.2361e-13 2.2361e-13 2.2361e-13 1.0000e-15 4.2101e-13 2.2361e-13 1.0000e-15 2.2361e-13 1.0000e-15
7.8000e+00 4.5096e-10 2.1741e-13 2.1741e-13 2.1741e-13 1.0000e-15 4.3929e-13 2.1741e-13 1.0000e-15 2.1741e-13 1.0000e-15
7.8100e+00 4.5100e-10 2.4999e-13 2.4999e-13 2.4999e-13 1.0000e-15 4.7705e-13 2.4999e-13 1.0000e-15 2.4999e-13 1.0000e-15
7.8200e+00 4.5102e-10 2.5579e-13 2.5579e-13 2.5579e-13 1.0000e-15 5.0148e-13 2.5579e-13 1.0000e-15 2.5579e-13 1.0000e-15
7.8300e+00 4.5103e-10 2.5328e-13 2.5328e-13 2.5328e-13 1.0000e-15 4.9222e-13 2.5328e-13 1.0000e-15 2.5328e-13 1.0000e-15
7.8400e+00 4.5103e-10 2.8239e-13 2.8239e-13 2.8239e-13 1.0000e-15 4.7539e-13 2.8239e-13 1.0000e-15 2.8239e-13 1.0000e-15
7.8500e+00 4.5104e-10 2.7389e-13 2.7389e-13 2.7389e-13 1.0000e-15 4.6823e-13 2.7389e-13 1.0000e-15 2.7389e-13 1.0000e-15
7.8600e+00 4.5107e-10 2.8146e-13 2.8146e-13 2.8146e-13 1.0000e-15 4.6939e-13 2.8146e-13 1.0000e-15 2.8146e-13 1.0000e-15
7.8700e+00 4.5106e-10 2.8521e-13 2.8521e-13 2.8521e-13 1.0000e-15 4.7379e-13 2.8521e-13 1.0000e-15 2.8521e-13 1.0000e-15
7.8800e+00 4.5109e-10 2.7695e-13 2.7695e-13 2.7695e-13 1.0000e-15 4.6294e-13 2.7695e-13 1.0000e-15 2.7695e-13 1.0000e-15
7.8900e+00 4.5109e-10 2.6431e-13 2.6431e-13 2.6431e-13 1.0000e-15 4.4730e-13 2.6431e-13 1.0000e-15 2.6431e-13 1.0000e-15
7.9000e+00 4.5109e-10 2.6922e-13 2.6922e-13 2.6922e-13 1.0000e-15 4.4545e-13 2.6922e-13 1.0000e-15 2.6922e-13 1.0000e-15
7.9100e+00 4.5108e-10 2.5149e-13 2.5149e-13 2.5149e-13 1.0000e-15 4.3696e-13 2.5149e-13 1.0000e-15 2.5149e-13 1.0000e-15
7.9200e+00 4.5107e-10 2.4063e-13 2.4063e-13 2.4063e-13 1.0000e-15 4.4540e-13 2.4063e-13 1.0000e-15 2.4063e-13 1.0000e-15
7.9300e+00 4.5107e-10 2.4280e-13 2.4280e-13 2.4280e-13 1.0000e-15 4.4595e-13 2.4280e-13 1.0000e-15 2.4280e-13 1.0000e-15
7.9400e+00 4.5107e-10 2.4228e-13 2.4228e-13 2.4228e-13 1.0000e-15 4.4815e-13 2.4228e-13 1.0000e-15 2.4228e-13 1.0000e-15
7.9500e+00 4.5107e-10 2.5046e-13 2.5046e-13 2.5046e-13 1.0000e-15 4.5209e-13 2.5046e-13 1.0000e-15 2.5046e-13 1.0000e-15
7.9600e+00 4.5107e-10 2.5434e-13 2.5434e-13 2.5434e-13 1.0000e-15 4.5546e-13 2.5434e-13 1.0000e-15 2.5434e-13 1.0000e-15
7.9700e+00 4.5107e-10 2.5379e-13 2.5379e-13 2.5379e-13 1.0000e-15 4.5469e-13 2.5379e-13 1.0000e-15 2.5379e-13 1.0000e-15
7.9800e+00 4.5107e-10 2.5177e-13 2.5177e-13 2.5177e-13 1.0000e-15 4.5133e-13 2.5177e-13 1.0000e-15 2.5177e-13 1.0000e-15
7.9900e+00 4.5107e-10 2.5637e-13 2.5637e-13 2.5637e-13 1.0000e-15 4.5447e-13 2.5637e-13 1.0000e-15 2.5637e-13 1.0000e-15
8.0000e+00 4.5107e-10 2.5865e-13 2.5865e-13 2.5865e-13 1.0000e-15 4.5484e-13 2.5865e-13 1.0000e-15 2.5865e-13 1.0000e-15
