# columns=iterations, rows=time
0.0000e+00 1.0000e-15 1.0000e-15 1.0000e-15 1.0000e-15 1.0000e-15 1.0000e-15 1.0000e-15 1.0000e-15 1.0000e-15 1.0000e-15
1.0000e-02 1.0000e-15 1.0000e-15 1.0000e-15 1.0000e-15 1.0000e-15 1.0000e-15 1.0000e-15 1.0000e-15 1.0000e-15 1.0000e-15
2.0000e-02 1.0000e-15 1.0000e-15 1.0000e-15 1.0000e-15 1.0000e-15 1.0000e-15 1.0000e-15 1.0000e-15 1.0000e-15 1.0000e-15
3.0000e-02 1.0000e-15 1.0000e-15 1.0000e-15 1.0000e-15 1.0000e-15 1.0000e-15 1.0000e-15 1.0000e-15 1.0000e-15 1.0000e-15
4.0000e-02 1.0000e-15 1.0000e-15 1.0000e-15 1.0000e-15 1.0000e-15 1.0000e-15 1.0000e-15 1.0000e-15 1.0000e-15 1.0000e-15
5.0000e-02 1.0000e-15 1.0000e-15 1.0000e-15 1.0000e-15 1.0000e-15 1.0000e-15 1.0000e-15 1.0000e-15 1.0000e-15 1.0000e-15
6.0000e-02 1.0000e-15 1.0000e-15 1.0000e-15 1.0000e-15 1.0000e-15 1.0000e-15 1.0000e-15 1.0000e-15 1.0000e-15 1.0000e-15
7.0000e-02 1.0000e-15 1.0000e-15 1.0000e-15 1.0000e-15 1.0000e-15 1.0000e-15 1.0000e-15 1.0000e-15 1.0000e-15 1.0000e-15
8.0000e-02 1.0000e-15 1.0000e-15 1.0000e-15 1.0000e-15 1.0000e-15 1.0000e-15 1.0000e-15 1.0000e-15 1.0000e-15 1.0000e-15
9.0000e-02 1.0000e-15 1.0000e-15 1.0000e-15 1.0000e-15 1.0000e-15 1.0000e-15 1.0000e-15 1.0000e-15 1.0000e-15 1.0000e-15
1.0000e-01 1.0000e-15 1.0000e-15 1.0000e-15 1.0000e-15 1.0000e-15 1.0000e-15 1.0000e-15 1.0000e-15 1.0000e-15 1.0000e-15
1.1000e-01 1.0000e-15 1.0000e-15 1.0000e-15 1.0000e-15 1.0000e-15 1.0000e-15 1.0000e-15 1.0000e-15 1.0000e-15 1.0000e-15
1.2000e-01 1.0000e-15 1.0000e-15 1.0000e-15 1.0000e-15 1.0000e-15 1.0000e-15 1.0000e-15 1.0000e-15 1.0000e-15 1.0000e-15
1.3000e-01 1.0000e-15 1.0000e-15 1.0000e-15 1.0000e-15 1.0000e-15 1.0000e-15 1.0000e-15 1.0000e-15 1.0000e-15 1.0000e-15
1.4000e-01 1.0000e-15 1.0000e-15 1.0000e-15 1.0000e-15 1.0000e-15 1.0000e-15 1.0000e-15 1.0000e-15 1.0000e-15 1.0000e-15
1.5000e-01 1.0000e-15 1.0000e-15 1.0000e-15 1.0000e-15 1.0000e-15 1.0000e-15 1.0000e-15 1.0000e-15 1.0000e-15 1.0000e-15
1.6000e-01 1.0000e-15 1.0000e-15 1.0000e-15 1.0000e-15 1.0000e-15 1.0000e-15 1.0000e-15 1.0000e-15 1.0000e-15 1.0000e-15
1.7000e-01 1.0000e-15 1.0000e-15 1.0000e-15 1.0000e-15 1.0000e-15 1.0000e-15 1.0000e-15 1.0000e-15 1.0000e-15 1.0000e-15
1.8000e-01 1.0000e-15 1.0000e-15 1.0000e-15 1.0000e-15 1.0000e-15 1.0000e-15 1.0000e-15 1.0000e-15 1.0000e-15 1.0000e-15
1.9000e-01 1.0000e-15 1.0000e-15 1.0000e-15 1.0000e-15 1.0000e-15 1.0000e-15 1.0000e-15 1.0000e-15 1.0000e-15 1.0000e-15
2.0000e-01 1.0000e-15 1.0000e-15 1.0000e-15 1.0000e-15 1.0000e-15 1.0000e-15 1.0000e-15 1.0000e-15 1.0000e-15 1.0000e-15
2.1000e-01 1.0000e-15 1.0000e-15 1.0000e-15 1.0000e-15 1.0000e-15 1.0000e-15 1.0000e-15 1.0000e-15 1.0000e-15 1.0000e-15
2.2000e-01 1.0000e-15 1.0000e-15 1.0000e-15 1.0000e-15 1.0000e-15 1.0000e-15 1.0000e-15 1.0000e-15 1.0000e-15 1.0000e-15
2.3000e-01 1.0000e-15 1.0000e-15 1.0000e-15 1.0000e-15 1.0000e-15 1.0000e-15 1.0000e-15 1.0000e-15 1.0000e-15 1.0000e-15
2.4000e-01 1.0000e-15 1.0000e-15 1.0000e-15 1.0000e-15 1.0000e-15 1.0000e-15 1.0000e-15 1.0000e-15 1.0000e-15 1.0000e-15
2.5000e-01 1.0000e-15 1.0000e-15 1.0000e-15 1.0000e-15 1.0000e-15 1.0000e-15 1.0000e-15 1.0000e-15 1.0000e-15 1.0000e-15
2.6000e-01 1.0000e-15 1.0000e-15 1.0000e-15 1.0000e-15 1.0000e-15 1.0000e-15 1.0000e-15 1.0000e-15 1.0000e-15 1.0000e-15
2.7000e-01 1.0000e-15 1.0000e-15 1.0000e-15 1.0000e-15 1.0000e-15 1.0000e-15 1.0000e-15 1.0000e-15 1.0000e-15 1.0000e-15
2.8000e-01 1.0000e-15 1.0000e-15 1.0000e-15 1.0000e-15 1.0000e-15 1.0000e-15 1.0000e-15 1.0000e-15 1.0000e-15 1.0000e-15
2.9000e-01 1.0000e-15 1.0000e-15 1.0000e-15 1.0000e-15 1.0000e-15 1.0000e-15 1.0000e-15 1.0000e-15 1.0000e-15 1.0000e-15
3.0000e-01 1.0000e-15 1.0000e-15 1.0000e-15 1.0000e-15 1.0000e-15 1.0000e-15 1.0000e-15 1.0000e-15 1.0000e-15 1.0000e-15
3.1000e-01 1.0000e-15 1.0000e-15 1.0000e-15 1.0000e-15 1.0000e-15 1.0000e-15 1.0000e-15 1.0000e-15 1.0000e-15 1.0000e-15
3.2000e-01 1.0000e-15 1.0000e-15 1.0000e-15 1.0000e-15 1.0000e-15 1.0000e-15 1.0000e-15 1.0000e-15 1.0000e-15 1.0000e-15
3.3000e-01 1.0000e-15 1.0000e-15 1.0000e-15 1.0000e-15 1.0000e-15 1.0000e-15 1.0000e-15 1.0000e-15 1.0000e-15 1.0000e-15
3.4000e-01 1.0000e-15 1.0000e-15 1.0000e-15 1.0000e-15 1.0000e-15 1.0000e-15 1.0000e-15 1.0000e-15 1.0000e-15 1.0000e-15
3.5000e-01 1.0000e-15 1.0000e-15 1.0000e-15 1.0000e-15 1.0000e-15 1.0000e-15 1.0000e-15 1.0000e-15 1.0000e-15 1.0000e-15
3.6000e-01 1.0000e-15 1.0000e-15 1.0000e-15 1.0000e-15 1.0000e-15 1.0000e-15 1.0000e-15 1.0000e-15 1.0000e-15 1.0000e-15
3.7000e-01 1.0000e-15 1.0000e-15 1.0000e-15 1.0000e-15 1.0000e-15 1.0000e-15 1.0000e-15 1.0000e-15 1.0000e-15 1.0000e-15
3.8000e-01 1.0000e-15 1.0000e-15 1.0000e-15 1.0000e-15 1.0000e-15 1.0000e-15 1.0000e-15 1.0000e-15 1.0000e-15 1.0000e-15
3.9000e-01 1.0000e-15 1.0000e-15 1.0000e-15 1.0000e-15 1.0000e-15 1.0000e-15 1.0000e-15 1.0000e-15 1.0000e-15 1.0000e-15
4.0000e-01 1.0000e-15 1.0000e-15 1.0000e-15 1.0000e-15 1.0000e-15 1.0000e-15 1.0000e-15 1.0000e-15 1.0000e-15 1.0000e-15
4.1000e-01 3.8017e+01 2.6616e-15 2.6616e-15 2.6616e-15 2.6616e-15 2.6616e-15 2.6616e-15 2.6616e-15 2.6616e-15 2.6616e-15
4.2000e-01 3.4552e+01 4.0445e-15 4.0445e-15 4.0445e-15 4.0445e-15 4.0445e-15 4.0445e-15 4.0445e-15 4.0445e-15 4.0445e-15
4.3000e-01 3.1420e+01 2.4043e-15 2.4043e-15 2.4043e-15 2.4043e-15 2.4043e-15 2.4043e-15 2.4043e-15 2.4043e-15 2.4043e-15
4.4000e-01 2.8582e+01 2.1749e-15 2.1749e-15 2.1749e-15 2.1749e-15 2.1749e-15 2.1749e-15 2.1749e-15 2.1749e-15 2.1749e-15
4.5000e-01 2.6006e+01 1.0000e-15 1.0000e-15 1.0000e-15 1.0000e-15 1.0000e-15 1.0000e-15 1.0000e-15 1.0000e-15 1.0000e-15
4.6000e-01 2.3665e+01 1.0000e-15 1.0000e-15 1.0000e-15 1.0000e-15 1.0000e-15 1.0000e-15 1.0000e-15 1.0000e-15 1.0000e-15
4.7000e-01 2.1536e+01 1.0000e-15 1.0000e-15 1.0000e-15 1.0000e-15 1.0000e-15 1.0000e-15 1.0000e-15 1.0000e-15 1.0000e-15
4.8000e-01 1.9600e+01 1.0000e-15 1.0000e-15 1.0000e-15 1.0000e-15 1.0000e-15 1.0000e-15 1.0000e-15 1.0000e-15 1.0000e-15
4.9000e-01 1.7838e+01 1.0000e-15 1.0000e-15 1.0000e-15 1.0000e-15 1.0000e-15 1.0000e-15 1.0000e-15 1.0000e-15 1.0000e-15
5.0000e-01 1.6235e+01 1.0000e-15 1.0000e-15 1.0000e-15 1.0000e-15 1.0000e-15 1.0000e-15 1.0000e-15 1.0000e-15 1.0000e-15
5.1000e-01 1.4776e+01 1.0000e-15 1.0000e-15 1.0000e-15 1.0000e-15 1.0000e-15 1.0000e-15 1.0000e-15 1.0000e-15 1.0000e-15
5.2000e-01 1.3449e+01 1.0000e-15 1.0000e-15 1.0000e-15 1.0000e-15 1.0000e-15 1.0000e-15 1.0000e-15 1.0000e-15 1.0000e-15
5.3000e-01 1.2240e+01 1.0000e-15 1.0000e-15 1.0000e-15 1.0000e-15 1.0000e-15 1.0000e-15 1.0000e-15 1.0000e-15 1.0000e-15
5.4000e-01 1.1141e+01 1.0000e-15 1.0000e-15 1.0000e-15 1.0000e-15 1.0000e-15 1.0000e-15 1.0000e-15 1.0000e-15 1.0000e-15
5.5000e-01 1.0140e+01 1.0000e-15 1.0000e-15 1.0000e-15 1.0000e-15 1.0000e-15 1.0000e-15 1.0000e-15 1.0000e-15 1.0000e-15
5.6000e-01 9.2289e+00 1.0000e-15 1.0000e-15 1.0000e-15 1.0000e-15 1.0000e-15 1.0000e-15 1.0000e-15 1.0000e-15 1.0000e-15
5.7000e-01 8.3998e+00 1.0000e-15 1.0000e-15 1.0000e-15 1.0000e-15 1.0000e-15 1.0000e-15 1.0000e-15 1.0000e-15 1.0000e-15
5.8000e-01 7.6452e+00 1.0000e-15 1.0000e-15 1.0000e-15 1.0000e-15 1.0000e-15 1.0000e-15 1.0000e-15 1.0000e-15 1.0000e-15
5.9000e-01 6.9583e+00 1.0000e-15 1.0000e-15 1.0000e-15 1.0000e-15 1.0000e-15 1.0000e-15 1.0000e-15 1.0000e-15 1.0000e-15
6.0000e-01 6.3332e+00 1.0000e-15 1.0000e-15 1.0000e-15 1.0000e-15 1.0000e-15 1.0000e-15 1.0000e-15 1.0000e-15 1.0000e-15
6.1000e-01 5.7643e+00 1.0000e-15 1.0000e-15 1.0000e-15 1.0000e-15 1.0000e-15 1.0000e-15 1.0000e-15 1.0000e-15 1.0000e-15
6.2000e-01 5.2464e+00 1.0000e-15 1.0000e-15 1.0000e-15 1.0000e-15 1.0000e-15 1.0000e-15 1.0000e-15 1.0000e-15 1.0000e-15
6.3000e-01 4.7751e+00 1.0000e-15 1.0000e-15 1.0000e-15 1.0000e-15 1.0000e-15 1.0000e-15 1.0000e-15 1.0000e-15 1.0000e-15
6.4000e-01 4.3461e+00 1.0000e-15 1.0000e-15 1.0000e-15 1.0000e-15 1.0000e-15 1.0000e-15 1.0000e-15 1.0000e-15 1.0000e-15
6.5000e-01 3.9557e+00 1.0000e-15 1.0000e-15 1.0000e-15 1.0000e-15 1.0000e-15 1.0000e-15 1.0000e-15 1.0000e-15 1.0000e-15
6.6000e-01 3.6003e+00 1.0000e-15 1.0000e-15 1.0000e-15 1.0000e-15 1.0000e-15 1.0000e-15 1.0000e-15 1.0000e-15 1.0000e-15
6.7000e-01 3.2769e+00 1.0000e-15 1.0000e-15 1.0000e-15 1.0000e-15 1.0000e-15 1.0000e-15 1.0000e-15 1.0000e-15 1.0000e-15
6.8000e-01 2.9825e+00 1.0000e-15 1.0000e-15 1.0000e-15 1.0000e-15 1.0000e-15 1.0000e-15 1.0000e-15 1.0000e-15 1.0000e-15
6.9000e-01 2.7146e+00 1.0000e-15 1.0000e-15 1.0000e-15 1.0000e-15 1.0000e-15 1.0000e-15 1.0000e-15 1.0000e-15 1.0000e-15
7.0000e-01 2.4707e+00 1.0000e-15 1.0000e-15 1.0000e-15 1.0000e-15 1.0000e-15 1.0000e-15 1.0000e-15 1.0000e-15 1.0000e-15
7.1000e-01 2.2487e+00 1.0000e-15 1.0000e-15 1.0000e-15 1.0000e-15 1.0000e-15 1.0000e-15 1.0000e-15 1.0000e-15 1.0000e-15
7.2000e-01 2.0467e+00 1.0000e-15 1.0000e-15 1.0000e-15 1.0000e-15 1.0000e-15 1.0000e-15 1.0000e-15 1.0000e-15 1.0000e-15
7.3000e-01 1.8628e+00 1.0000e-15 1.0000e-15 1.0000e-15 1.0000e-15 1.0000e-15 1.0000e-15 1.0000e-15 1.0000e-15 1.0000e-15
7.4000e-01 1.6955e+00 1.0000e-15 1.0000e-15 1.0000e-15 1.0000e-15 1.0000e-15 1.0000e-15 1.0000e-15 1.0000e-15 1.0000e-15
7.5000e-01 1.5432e+00 1.0000e-15 1.0000e-15 1.0000e-15 1.0000e-15 1.0000e-15 1.0000e-15 1.0000e-15 1.0000e-15 1.0000e-15
7.6000e-01 1.4045e+00 1.0000e-15 1.0000e-15 1.0000e-15 1.0000e-15 1.0000e-15 1.0000e-15 1.0000e-15 1.0000e-15 1.0000e-15
7.7000e-01 1.2784e+00 1.0000e-15 1.0000e-15 1.0000e-15 1.0000e-15 1.0000e-15 1.0000e-15 1.0000e-15 1.0000e-15 1.0000e-15
7.8000e-01 1.1635e+00 1.0000e-15 1.0000e-15 1.0000e-15 1.0000e-15 1.0000e-15 1.0000e-15 1.0000e-15 1.0000e-15 1.0000e-15
7.9000e-01 1.0590e+00 1.0000e-15 1.0000e-15 1.0000e-15 1.0000e-15 1.0000e-15 1.0000e-15 1.0000e-15 1.0000e-15 1.0000e-15
8.0000e-01 9.6385e-01 1.0000e-15 1.0000e-15 1.0000e-15 1.0000e-15 1.0000e-15 1.0000e-15 1.0000e-15 1.0000e-15 1.0000e-15
8.1000e-01 3.5755e+01 6.7800e+00 3.6653e-15 3.6653e-15 3.6653e-15 3.6653e-15 3.6653e-15 3.6653e-15 3.6653e-15 3.6653e-15
8.2000e-01 3.2519e+01 6.1699e+00 2.5356e-15 2.5356e-15 2.5356e-15 2.5356e-15 2.5356e-15 2.5356e-15 2.5356e-15 2.5356e-15
8.3000e-01 2.9584e+01 5.6151e+00 1.9805e-15 1.9805e-15 1.9805e-15 1.9805e-15 1.9805e-15 1.9805e-15 1.9805e-15 1.9805e-15
8.4000e-01 2.6919e+01 5.1104e+00 1.9155e-15 1.9155e-15 1.9155e-15 1.9155e-15 1.9155e-15 1.9155e-15 1.9155e-15 1.9155e-15
8.5000e-01 2.4497e+01 4.6511e+00 1.0000e-15 1.0000e-15 1.0000e-15 1.0000e-15 1.0000e-15 1.0000e-15 1.0000e-15 1.0000e-15
8.6000e-01 2.2294e+01 4.2331e+00 1.0000e-15 1.0000e-15 1.0000e-15 1.0000e-15 1.0000e-15 1.0000e-15 1.0000e-15 1.0000e-15
8.7000e-01 2.0289e+01 3.8528e+00 1.0000e-15 1.0000e-15 1.0000e-15 1.0000e-15 1.0000e-15 1.0000e-15 1.0000e-15 1.0000e-15
8.8000e-01 1.8466e+01 3.5066e+00 1.0000e-15 1.0000e-15 1.0000e-15 1.0000e-15 1.0000e-15 1.0000e-15 1.0000e-15 1.0000e-15
8.9000e-01 1.6807e+01 3.1916e+00 1.0000e-15 1.0000e-15 1.0000e-15 1.0000e-15 1.0000e-15 1.0000e-15 1.0000e-15 1.0000e-15
9.0000e-01 1.5297e+01 2.9049e+00 1.0000e-15 1.0000e-15 1.0000e-15 1.0000e-15 1.0000e-15 1.0000e-15 1.0000e-15 1.0000e-15
9.1000e-01 1.3922e+01 2.6439e+00 1.0000e-15 1.0000e-15 1.0000e-15 1.0000e-15 1.0000e-15 1.0000e-15 1.0000e-15 1.0000e-15
9.2000e-01 1.2671e+01 2.4064e+00 1.0000e-15 1.0000e-15 1.0000e-15 1.0000e-15 1.0000e-15 1.0000e-15 1.0000e-15 1.0000e-15
9.3000e-01 1.1533e+01 2.1902e+00 1.0000e-15 1.0000e-15 1.0000e-15 1.0000e-15 1.0000e-15 1.0000e-15 1.0000e-15 1.0000e-15
9.4000e-01 1.0497e+01 1.9934e+00 1.0000e-15 1.0000e-15 1.0000e-15 1.0000e-15 1.0000e-15 1.0000e-15 1.0000e-15 1.0000e-15
9.5000e-01 9.5539e+00 1.8143e+00 1.0000e-15 1.0000e-15 1.0000e-15 1.0000e-15 1.0000e-15 1.0000e-15 1.0000e-15 1.0000e-15
9.6000e-01 8.6956e+00 1.6514e+00 1.0000e-15 1.0000e-15 1.0000e-15 1.0000e-15 1.0000e-15 1.0000e-15 1.0000e-15 1.0000e-15
9.7000e-01 7.9144e+00 1.5030e+00 1.0000e-15 1.0000e-15 1.0000e-15 1.0000e-15 1.0000e-15 1.0000e-15 1.0000e-15 1.0000e-15
9.8000e-01 7.2034e+00 1.3680e+00 1.0000e-15 1.0000e-15 1.0000e-15 1.0000e-15 1.0000e-15 1.0000e-15 1.0000e-15 1.0000e-15
9.9000e-01 6.5562e+00 1.2451e+00 1.0000e-15 1.0000e-15 1.0000e-15 1.0000e-15 1.0000e-15 1.0000e-15 1.0000e-15 1.0000e-15
1.0000e+00 5.9673e+00 1.1332e+00 1.0000e-15 1.0000e-15 1.0000e-15 1.0000e-15 1.0000e-15 1.0000e-15 1.0000e-15 1.0000e-15
1.0100e+00 5.4312e+00 1.0314e+00 1.0000e-15 1.0000e-15 1.0000e-15 1.0000e-15 1.0000e-15 1.0000e-15 1.0000e-15 1.0000e-15
1.0200e+00 4.9433e+00 9.3876e-01 1.0000e-15 1.0000e-15 1.0000e-15 1.0000e-15 1.0000e-15 1.0000e-15 1.0000e-15 1.0000e-15
1.0300e+00 4.4992e+00 8.5443e-01 1.0000e-15 1.0000e-15 1.0000e-15 1.0000e-15 1.0000e-15 1.0000e-15 1.0000e-15 1.0000e-15
1.0400e+00 4.0950e+00 7.7767e-01 1.0000e-15 1.0000e-15 1.0000e-15 1.0000e-15 1.0000e-15 1.0000e-15 1.0000e-15 1.0000e-15
1.0500e+00 3.7271e+00 7.0780e-01 1.0000e-15 1.0000e-15 1.0000e-15 1.0000e-15 1.0000e-15 1.0000e-15 1.0000e-15 1.0000e-15
1.0600e+00 3.3923e+00 6.4422e-01 1.0000e-15 1.0000e-15 1.0000e-15 1.0000e-15 1.0000e-15 1.0000e-15 1.0000e-15 1.0000e-15
1.0700e+00 3.0875e+00 5.8634e-01 1.0000e-15 1.0000e-15 1.0000e-15 1.0000e-15 1.0000e-15 1.0000e-15 1.0000e-15 1.0000e-15
1.0800e+00 2.8101e+00 5.3367e-01 1.0000e-15 1.0000e-15 1.0000e-15 1.0000e-15 1.0000e-15 1.0000e-15 1.0000e-15 1.0000e-15
1.0900e+00 2.5577e+00 4.8572e-01 1.0000e-15 1.0000e-15 1.0000e-15 1.0000e-15 1.0000e-15 1.0000e-15 1.0000e-15 1.0000e-15
1.1000e+00 2.3279e+00 4.4209e-01 1.0000e-15 1.0000e-15 1.0000e-15 1.0000e-15 1.0000e-15 1.0000e-15 1.0000e-15 1.0000e-15
1.1100e+00 2.1188e+00 4.0237e-01 1.0000e-15 1.0000e-15 1.0000e-15 1.0000e-15 1.0000e-15 1.0000e-15 1.0000e-15 1.0000e-15
1.1200e+00 1.9284e+00 3.6622e-01 1.0000e-15 1.0000e-15 1.0000e-15 1.0000e-15 1.0000e-15 1.0000e-15 1.0000e-15 1.0000e-15
1.1300e+00 1.7552e+00 3.3332e-01 1.0000e-15 1.0000e-15 1.0000e-15 1.0000e-15 1.0000e-15 1.0000e-15 1.0000e-15 1.0000e-15
1.1400e+00 1.5975e+00 3.0338e-01 1.0000e-15 1.0000e-15 1.0000e-15 1.0000e-15 1.0000e-15 1.0000e-15 1.0000e-15 1.0000e-15
1.1500e+00 1.4540e+00 2.7612e-01 1.0000e-15 1.0000e-15 1.0000e-15 1.0000e-15 1.0000e-15 1.0000e-15 1.0000e-15 1.0000e-15
1.1600e+00 1.3234e+00 2.5132e-01 1.0000e-15 1.0000e-15 1.0000e-15 1.0000e-15 1.0000e-15 1.0000e-15 1.0000e-15 1.0000e-15
1.1700e+00 1.2045e+00 2.2874e-01 1.0000e-15 1.0000e-15 1.0000e-15 1.0000e-15 1.0000e-15 1.0000e-15 1.0000e-15 1.0000e-15
1.1800e+00 1.0963e+00 2.0819e-01 1.0000e-15 1.0000e-15 1.0000e-15 1.0000e-15 1.0000e-15 1.0000e-15 1.0000e-15 1.0000e-15
1.1900e+00 9.9779e-01 1.8949e-01 1.0000e-15 1.0000e-15 1.0000e-15 1.0000e-15 1.0000e-15 1.0000e-15 1.0000e-15 1.0000e-15
1.2000e+00 9.0815e-01 1.7247e-01 1.0000e-15 1.0000e-15 1.0000e-15 1.0000e-15 1.0000e-15 1.0000e-15 1.0000e-15 1.0000e-15
1.2100e+00 3.5083e+01 7.7565e+00 1.2127e+00 1.0000e-15 1.0000e-15 1.0000e-15 1.0000e-15 1.0000e-15 1.0000e-15 1.0000e-15
1.2200e+00 3.1908e+01 7.0593e+00 1.1038e+00 1.0000e-15 1.0000e-15 1.0000e-15 1.0000e-15 1.0000e-15 1.0000e-15 1.0000e-15
1.2300e+00 2.9028e+01 6.4248e+00 1.0046e+00 1.0000e-15 1.0000e-15 1.0000e-15 1.0000e-15 1.0000e-15 1.0000e-15 1.0000e-15
1.2400e+00 2.6413e+01 5.8475e+00 9.1433e-01 1.0000e-15 1.0000e-15 1.0000e-15 1.0000e-15 1.0000e-15 1.0000e-15 1.0000e-15
1.2500e+00 2.4036e+01 5.3221e+00 8.3219e-01 1.0000e-15 1.0000e-15 1.0000e-15 1.0000e-15 1.0000e-15 1.0000e-15 1.0000e-15
1.2600e+00 2.1875e+01 4.8439e+00 7.5743e-01 1.0000e-15 1.0000e-15 1.0000e-15 1.0000e-15 1.0000e-15 1.0000e-15 1.0000e-15
1.2700e+00 1.9908e+01 4.4087e+00 6.8938e-01 1.0000e-15 1.0000e-15 1.0000e-15 1.0000e-15 1.0000e-15 1.0000e-15 1.0000e-15
1.2800e+00 1.8119e+01 4.0127e+00 6.2745e-01 1.0000e-15 1.0000e-15 1.0000e-15 1.0000e-15 1.0000e-15 1.0000e-15 1.0000e-15
1.2900e+00 1.6491e+01 3.6522e+00 5.7108e-01 1.0000e-15 1.0000e-15 1.0000e-15 1.0000e-15 1.0000e-15 1.0000e-15 1.0000e-15
1.3000e+00 1.5009e+01 3.3241e+00 5.1978e-01 1.0000e-15 1.0000e-15 1.0000e-15 1.0000e-15 1.0000e-15 1.0000e-15 1.0000e-15
1.3100e+00 1.3661e+01 3.0254e+00 4.7308e-01 1.0000e-15 1.0000e-15 1.0000e-15 1.0000e-15 1.0000e-15 1.0000e-15 1.0000e-15
1.3200e+00 1.2433e+01 2.7536e+00 4.3058e-01 1.0000e-15 1.0000e-15 1.0000e-15 1.0000e-15 1.0000e-15 1.0000e-15 1.0000e-15
1.3300e+00 1.1316e+01 2.5063e+00 3.9190e-01 1.0000e-15 1.0000e-15 1.0000e-15 1.0000e-15 1.0000e-15 1.0000e-15 1.0000e-15
1.3400e+00 1.0300e+01 2.2811e+00 3.5669e-01 1.0000e-15 1.0000e-15 1.0000e-15 1.0000e-15 1.0000e-15 1.0000e-15 1.0000e-15
1.3500e+00 9.3744e+00 2.0762e+00 3.2465e-01 1.0000e-15 1.0000e-15 1.0000e-15 1.0000e-15 1.0000e-15 1.0000e-15 1.0000e-15
1.3600e+00 8.5322e+00 1.8897e+00 2.9548e-01 1.0000e-15 1.0000e-15 1.0000e-15 1.0000e-15 1.0000e-15 1.0000e-15 1.0000e-15
1.3700e+00 7.7657e+00 1.7199e+00 2.6894e-01 1.0000e-15 1.0000e-15 1.0000e-15 1.0000e-15 1.0000e-15 1.0000e-15 1.0000e-15
1.3800e+00 7.0681e+00 1.5654e+00 2.4478e-01 1.0000e-15 1.0000e-15 1.0000e-15 1.0000e-15 1.0000e-15 1.0000e-15 1.0000e-15
1.3900e+00 6.4331e+00 1.4248e+00 2.2279e-01 1.0000e-15 1.0000e-15 1.0000e-15 1.0000e-15 1.0000e-15 1.0000e-15 1.0000e-15
1.4000e+00 5.8552e+00 1.2968e+00 2.0277e-01 1.0000e-15 1.0000e-15 1.0000e-15 1.0000e-15 1.0000e-15 1.0000e-15 1.0000e-15
1.4100e+00 5.3292e+00 1.1803e+00 1.8456e-01 1.0000e-15 1.0000e-15 1.0000e-15 1.0000e-15 1.0000e-15 1.0000e-15 1.0000e-15
1.4200e+00 4.8504e+00 1.0742e+00 1.6798e-01 1.0000e-15 1.0000e-15 1.0000e-15 1.0000e-15 1.0000e-15 1.0000e-15 1.0000e-15
1.4300e+00 4.4147e+00 9.7773e-01 1.5289e-01 1.0000e-15 1.0000e-15 1.0000e-15 1.0000e-15 1.0000e-15 1.0000e-15 1.0000e-15
1.4400e+00 4.0181e+00 8.8989e-01 1.3915e-01 1.0000e-15 1.0000e-15 1.0000e-15 1.0000e-15 1.0000e-15 1.0000e-15 1.0000e-15
1.4500e+00 3.6571e+00 8.0995e-01 1.2665e-01 1.0000e-15 1.0000e-15 1.0000e-15 1.0000e-15 1.0000e-15 1.0000e-15 1.0000e-15
1.4600e+00 3.3285e+00 7.3718e-01 1.1527e-01 1.0000e-15 1.0000e-15 1.0000e-15 1.0000e-15 1.0000e-15 1.0000e-15 1.0000e-15
1.4700e+00 3.0295e+00 6.7096e-01 1.0492e-01 1.0000e-15 1.0000e-15 1.0000e-15 1.0000e-15 1.0000e-15 1.0000e-15 1.0000e-15
1.4800e+00 2.7574e+00 6.1068e-01 9.5491e-02 1.0000e-15 1.0000e-15 1.0000e-15 1.0000e-15 1.0000e-15 1.0000e-15 1.0000e-15
1.4900e+00 2.5096e+00 5.5582e-01 8.6912e-02 1.0000e-15 1.0000e-15 1.0000e-15 1.0000e-15 1.0000e-15 1.0000e-15 1.0000e-15
1.5000e+00 2.2842e+00 5.0589e-01 7.9104e-02 1.0000e-15 1.0000e-15 1.0000e-15 1.0000e-15 1.0000e-15 1.0000e-15 1.0000e-15
1.5100e+00 2.0790e+00 4.6044e-01 7.1998e-02 1.0000e-15 1.0000e-15 1.0000e-15 1.0000e-15 1.0000e-15 1.0000e-15 1.0000e-15
1.5200e+00 1.8922e+00 4.1907e-01 6.5530e-02 1.0000e-15 1.0000e-15 1.0000e-15 1.0000e-15 1.0000e-15 1.0000e-15 1.0000e-15
1.5300e+00 1.7222e+00 3.8143e-01 5.9643e-02 1.0000e-15 1.0000e-15 1.0000e-15 1.0000e-15 1.0000e-15 1.0000e-15 1.0000e-15
1.5400e+00 1.5675e+00 3.4716e-01 5.4285e-02 1.0000e-15 1.0000e-15 1.0000e-15 1.0000e-15 1.0000e-15 1.0000e-15 1.0000e-15
1.5500e+00 1.4267e+00 3.1597e-01 4.9408e-02 1.0000e-15 1.0000e-15 1.0000e-15 1.0000e-15 1.0000e-15 1.0000e-15 1.0000e-15
1.5600e+00 1.2985e+00 2.8759e-01 4.4969e-02 1.0000e-15 1.0000e-15 1.0000e-15 1.0000e-15 1.0000e-15 1.0000e-15 1.0000e-15
1.5700e+00 1.1819e+00 2.6175e-01 4.0929e-02 1.0000e-15 1.0000e-15 1.0000e-15 1.0000e-15 1.0000e-15 1.0000e-15 1.0000e-15
1.5800e+00 1.0757e+00 2.3824e-01 3.7252e-02 1.0000e-15 1.0000e-15 1.0000e-15 1.0000e-15 1.0000e-15 1.0000e-15 1.0000e-15
1.5900e+00 9.7905e-01 2.1683e-01 3.3906e-02 1.0000e-15 1.0000e-15 1.0000e-15 1.0000e-15 1.0000e-15 1.0000e-15 1.0000e-15
1.6000e+00 8.9110e-01 1.9735e-01 3.0860e-02 1.0000e-15 1.0000e-15 1.0000e-15 1.0000e-15 1.0000e-15 1.0000e-15 1.0000e-15
1.6100e+00 3.4942e+01 7.8341e+00 1.6328e+00 2.1699e-01 1.0000e-15 1.0000e-15 1.0000e-15 1.0000e-15 1.0000e-15 1.0000e-15
1.6200e+00 3.1780e+01 7.1299e+00 1.4861e+00 1.9749e-01 1.0000e-15 1.0000e-15 1.0000e-15 1.0000e-15 1.0000e-15 1.0000e-15
1.6300e+00 2.8912e+01 6.4892e+00 1.3526e+00 1.7975e-01 1.0000e-15 1.0000e-15 1.0000e-15 1.0000e-15 1.0000e-15 1.0000e-15
1.6400e+00 2.6307e+01 5.9061e+00 1.2311e+00 1.6360e-01 1.0000e-15 1.0000e-15 1.0000e-15 1.0000e-15 1.0000e-15 1.0000e-15
1.6500e+00 2.3940e+01 5.3754e+00 1.1205e+00 1.4891e-01 1.0000e-15 1.0000e-15 1.0000e-15 1.0000e-15 1.0000e-15 1.0000e-15
1.6600e+00 2.1787e+01 4.8925e+00 1.0198e+00 1.3553e-01 1.0000e-15 1.0000e-15 1.0000e-15 1.0000e-15 1.0000e-15 1.0000e-15
1.6700e+00 1.9828e+01 4.4529e+00 9.2818e-01 1.2335e-01 1.0000e-15 1.0000e-15 1.0000e-15 1.0000e-15 1.0000e-15 1.0000e-15
1.6800e+00 1.8046e+01 4.0529e+00 8.4480e-01 1.1227e-01 1.0000e-15 1.0000e-15 1.0000e-15 1.0000e-15 1.0000e-15 1.0000e-15
1.6900e+00 1.6425e+01 3.6888e+00 7.6890e-01 1.0219e-01 1.0000e-15 1.0000e-15 1.0000e-15 1.0000e-15 1.0000e-15 1.0000e-15
1.7000e+00 1.4949e+01 3.3574e+00 6.9983e-01 9.3005e-02 1.0000e-15 1.0000e-15 1.0000e-15 1.0000e-15 1.0000e-15 1.0000e-15
1.7100e+00 1.3606e+01 3.0557e+00 6.3696e-01 8.4650e-02 1.0000e-15 1.0000e-15 1.0000e-15 1.0000e-15 1.0000e-15 1.0000e-15
1.7200e+00 1.2383e+01 2.7812e+00 5.7974e-01 7.7045e-02 1.0000e-15 1.0000e-15 1.0000e-15 1.0000e-15 1.0000e-15 1.0000e-15
1.7300e+00 1.1271e+01 2.5314e+00 5.2765e-01 7.0124e-02 1.0000e-15 1.0000e-15 1.0000e-15 1.0000e-15 1.0000e-15 1.0000e-15
1.7400e+00 1.0258e+01 2.3040e+00 4.8025e-01 6.3824e-02 1.0000e-15 1.0000e-15 1.0000e-15 1.0000e-15 1.0000e-15 1.0000e-15
1.7500e+00 9.3367e+00 2.0970e+00 4.3711e-01 5.8090e-02 1.0000e-15 1.0000e-15 1.0000e-15 1.0000e-15 1.0000e-15 1.0000e-15
1.7600e+00 8.4979e+00 1.9086e+00 3.9784e-01 5.2872e-02 1.0000e-15 1.0000e-15 1.0000e-15 1.0000e-15 1.0000e-15 1.0000e-15
1.7700e+00 7.7345e+00 1.7371e+00 3.6210e-01 4.8122e-02 1.0000e-15 1.0000e-15 1.0000e-15 1.0000e-15 1.0000e-15 1.0000e-15
1.7800e+00 7.0397e+00 1.5811e+00 3.2957e-01 4.3799e-02 1.0000e-15 1.0000e-15 1.0000e-15 1.0000e-15 1.0000e-15 1.0000e-15
1.7900e+00 6.4072e+00 1.4390e+00 2.9996e-01 3.9864e-02 1.0000e-15 1.0000e-15 1.0000e-15 1.0000e-15 1.0000e-15 1.0000e-15
1.8000e+00 5.8316e+00 1.3098e+00 2.7301e-01 3.6283e-02 1.0000e-15 1.0000e-15 1.0000e-15 1.0000e-15 1.0000e-15 1.0000e-15
1.8100e+00 5.3077e+00 1.1921e+00 2.4849e-01 3.3023e-02 1.0000e-15 1.0000e-15 1.0000e-15 1.0000e-15 1.0000e-15 1.0000e-15
1.8200e+00 4.8309e+00 1.0850e+00 2.2616e-01 3.0056e-02 1.0000e-15 1.0000e-15 1.0000e-15 1.0000e-15 1.0000e-15 1.0000e-15
1.8300e+00 4.3969e+00 9.8752e-01 2.0585e-01 2.7356e-02 1.0000e-15 1.0000e-15 1.0000e-15 1.0000e-15 1.0000e-15 1.0000e-15
1.8400e+00 4.0019e+00 8.9881e-01 1.8735e-01 2.4899e-02 1.0000e-15 1.0000e-15 1.0000e-15 1.0000e-15 1.0000e-15 1.0000e-15
1.8500e+00 3.6424e+00 8.1806e-01 1.7052e-01 2.2662e-02 1.0000e-15 1.0000e-15 1.0000e-15 1.0000e-15 1.0000e-15 1.0000e-15
1.8600e+00 3.3152e+00 7.4457e-01 1.5520e-01 2.0626e-02 1.0000e-15 1.0000e-15 1.0000e-15 1.0000e-15 1.0000e-15 1.0000e-15
1.8700e+00 3.0173e+00 6.7768e-01 1.4126e-01 1.8773e-02 1.0000e-15 1.0000e-15 1.0000e-15 1.0000e-15 1.0000e-15 1.0000e-15
1.8800e+00 2.7463e+00 6.1680e-01 1.2857e-01 1.7087e-02 1.0000e-15 1.0000e-15 1.0000e-15 1.0000e-15 1.0000e-15 1.0000e-15
1.8900e+00 2.4996e+00 5.6139e-01 1.1702e-01 1.5552e-02 1.0000e-15 1.0000e-15 1.0000e-15 1.0000e-15 1.0000e-15 1.0000e-15
1.9000e+00 2.2750e+00 5.1095e-01 1.0651e-01 1.4154e-02 1.0000e-15 1.0000e-15 1.0000e-15 1.0000e-15 1.0000e-15 1.0000e-15
1.9100e+00 2.0706e+00 4.6505e-01 9.6938e-02 1.2883e-02 1.0000e-15 1.0000e-15 1.0000e-15 1.0000e-15 1.0000e-15 1.0000e-15
1.9200e+00 1.8846e+00 4.2327e-01 8.8230e-02 1.1725e-02 1.0000e-15 1.0000e-15 1.0000e-15 1.0000e-15 1.0000e-15 1.0000e-15
1.9300e+00 1.7153e+00 3.8525e-01 8.0303e-02 1.0672e-02 1.0000e-15 1.0000e-15 1.0000e-15 1.0000e-15 1.0000e-15 1.0000e-15
1.9400e+00 1.5612e+00 3.5064e-01 7.3089e-02 9.7133e-03 1.0000e-15 1.0000e-15 1.0000e-15 1.0000e-15 1.0000e-15 1.0000e-15
1.9500e+00 1.4210e+00 3.1914e-01 6.6523e-02 8.8407e-03 1.0000e-15 1.0000e-15 1.0000e-15 1.0000e-15 1.0000e-15 1.0000e-15
1.9600e+00 1.2933e+00 2.9047e-01 6.0547e-02 8.0465e-03 1.0000e-15 1.0000e-15 1.0000e-15 1.0000e-15 1.0000e-15 1.0000e-15
1.9700e+00 1.1771e+00 2.6437e-01 5.5107e-02 7.3236e-03 1.0000e-15 1.0000e-15 1.0000e-15 1.0000e-15 1.0000e-15 1.0000e-15
1.9800e+00 1.0714e+00 2.4062e-01 5.0157e-02 6.6657e-03 1.0000e-15 1.0000e-15 1.0000e-15 1.0000e-15 1.0000e-15 1.0000e-15
1.9900e+00 9.7511e-01 2.1901e-01 4.5651e-02 6.0669e-03 1.0000e-15 1.0000e-15 1.0000e-15 1.0000e-15 1.0000e-15 1.0000e-15
2.0000e+00 8.8751e-01 1.9933e-01 4.1550e-02 5.5218e-03 1.0000e-15 1.0000e-15 1.0000e-15 1.0000e-15 1.0000e-15 1.0000e-15
2.0100e+00 3.4913e+01 7.8246e+00 1.7316e+00 3.3600e-01 3.8826e-02 1.0000e-15 1.0000e-15 1.0000e-15 1.0000e-15 1.0000e-15
2.0200e+00 3.1754e+01 7.1213e+00 1.5760e+00 3.0582e-01 3.5338e-02 1.0000e-15 1.0000e-15 1.0000e-15 1.0000e-15 1.0000e-15
2.0300e+00 2.8888e+01 6.4813e+00 1.4344e+00 2.7835e-01 3.2164e-02 1.0000e-15 1.0000e-15 1.0000e-15 1.0000e-15 1.0000e-15
2.0400e+00 2.6286e+01 5.8989e+00 1.3055e+00 2.5334e-01 2.9274e-02 1.0000e-15 1.0000e-15 1.0000e-15 1.0000e-15 1.0000e-15
2.0500e+00 2.3920e+01 5.3689e+00 1.1883e+00 2.3058e-01 2.6644e-02 1.0000e-15 1.0000e-15 1.0000e-15 1.0000e-15 1.0000e-15
2.0600e+00 2.1769e+01 4.8865e+00 1.0815e+00 2.0987e-01 2.4251e-02 1.0000e-15 1.0000e-15 1.0000e-15 1.0000e-15 1.0000e-15
2.0700e+00 1.9812e+01 4.4475e+00 9.8435e-01 1.9101e-01 2.2072e-02 1.0000e-15 1.0000e-15 1.0000e-15 1.0000e-15 1.0000e-15
2.0800e+00 1.8032e+01 4.0480e+00 8.9592e-01 1.7385e-01 2.0089e-02 1.0000e-15 1.0000e-15 1.0000e-15 1.0000e-15 1.0000e-15
2.0900e+00 1.6411e+01 3.6843e+00 8.1543e-01 1.5823e-01 1.8284e-02 1.0000e-15 1.0000e-15 1.0000e-15 1.0000e-15 1.0000e-15
2.1000e+00 1.4937e+01 3.3533e+00 7.4218e-01 1.4402e-01 1.6642e-02 1.0000e-15 1.0000e-15 1.0000e-15 1.0000e-15 1.0000e-15
2.1100e+00 1.3595e+01 3.0520e+00 6.7550e-01 1.3108e-01 1.5147e-02 1.0000e-15 1.0000e-15 1.0000e-15 1.0000e-15 1.0000e-15
2.1200e+00 1.2373e+01 2.7779e+00 6.1482e-01 1.1930e-01 1.3786e-02 1.0000e-15 1.0000e-15 1.0000e-15 1.0000e-15 1.0000e-15
2.1300e+00 1.1262e+01 2.5283e+00 5.5958e-01 1.0859e-01 1.2547e-02 1.0000e-15 1.0000e-15 1.0000e-15 1.0000e-15 1.0000e-15
2.1400e+00 1.0250e+01 2.3012e+00 5.0931e-01 9.8831e-02 1.1420e-02 1.0000e-15 1.0000e-15 1.0000e-15 1.0000e-15 1.0000e-15
2.1500e+00 9.3291e+00 2.0944e+00 4.6356e-01 8.9953e-02 1.0394e-02 1.0000e-15 1.0000e-15 1.0000e-15 1.0000e-15 1.0000e-15
2.1600e+00 8.4910e+00 1.9063e+00 4.2191e-01 8.1872e-02 9.4605e-03 1.0000e-15 1.0000e-15 1.0000e-15 1.0000e-15 1.0000e-15
2.1700e+00 7.7282e+00 1.7350e+00 3.8401e-01 7.4517e-02 8.6106e-03 1.0000e-15 1.0000e-15 1.0000e-15 1.0000e-15 1.0000e-15
2.1800e+00 7.0339e+00 1.5792e+00 3.4951e-01 6.7822e-02 7.8370e-03 1.0000e-15 1.0000e-15 1.0000e-15 1.0000e-15 1.0000e-15
2.1900e+00 6.4020e+00 1.4373e+00 3.1811e-01 6.1729e-02 7.1330e-03 1.0000e-15 1.0000e-15 1.0000e-15 1.0000e-15 1.0000e-15
2.2000e+00 5.8269e+00 1.3082e+00 2.8953e-01 5.6184e-02 6.4922e-03 1.0000e-15 1.0000e-15 1.0000e-15 1.0000e-15 1.0000e-15
2.2100e+00 5.3034e+00 1.1906e+00 2.6352e-01 5.1136e-02 5.9089e-03 1.0000e-15 1.0000e-15 1.0000e-15 1.0000e-15 1.0000e-15
2.2200e+00 4.8270e+00 1.0837e+00 2.3985e-01 4.6542e-02 5.3781e-03 1.0000e-15 1.0000e-15 1.0000e-15 1.0000e-15 1.0000e-15
2.2300e+00 4.3933e+00 9.8633e-01 2.1830e-01 4.2361e-02 4.8950e-03 1.0000e-15 1.0000e-15 1.0000e-15 1.0000e-15 1.0000e-15
2.2400e+00 3.9986e+00 8.9772e-01 1.9869e-01 3.8556e-02 4.4552e-03 1.0000e-15 1.0000e-15 1.0000e-15 1.0000e-15 1.0000e-15
2.2500e+00 3.6394e+00 8.1707e-01 1.8084e-01 3.5092e-02 4.0550e-03 1.0000e-15 1.0000e-15 1.0000e-15 1.0000e-15 1.0000e-15
2.2600e+00 3.3125e+00 7.4367e-01 1.6459e-01 3.1939e-02 3.6907e-03 1.0000e-15 1.0000e-15 1.0000e-15 1.0000e-15 1.0000e-15
2.2700e+00 3.0149e+00 6.7686e-01 1.4981e-01 2.9070e-02 3.3591e-03 1.0000e-15 1.0000e-15 1.0000e-15 1.0000e-15 1.0000e-15
2.2800e+00 2.7440e+00 6.1605e-01 1.3635e-01 2.6458e-02 3.0573e-03 1.0000e-15 1.0000e-15 1.0000e-15 1.0000e-15 1.0000e-15
2.2900e+00 2.4975e+00 5.6071e-01 1.2410e-01 2.4081e-02 2.7827e-03 1.0000e-15 1.0000e-15 1.0000e-15 1.0000e-15 1.0000e-15
2.3000e+00 2.2731e+00 5.1034e-01 1.1295e-01 2.1918e-02 2.5327e-03 1.0000e-15 1.0000e-15 1.0000e-15 1.0000e-15 1.0000e-15
2.3100e+00 2.0689e+00 4.6449e-01 1.0280e-01 1.9949e-02 2.3052e-03 1.0000e-15 1.0000e-15 1.0000e-15 1.0000e-15 1.0000e-15
2.3200e+00 1.8831e+00 4.2276e-01 9.3568e-02 1.8157e-02 2.0981e-03 1.0000e-15 1.0000e-15 1.0000e-15 1.0000e-15 1.0000e-15
2.3300e+00 1.7139e+00 3.8478e-01 8.5163e-02 1.6526e-02 1.9096e-03 1.0000e-15 1.0000e-15 1.0000e-15 1.0000e-15 1.0000e-15
2.3400e+00 1.5599e+00 3.5021e-01 7.7512e-02 1.5041e-02 1.7380e-03 1.0000e-15 1.0000e-15 1.0000e-15 1.0000e-15 1.0000e-15
2.3500e+00 1.4198e+00 3.1875e-01 7.0548e-02 1.3690e-02 1.5819e-03 1.0000e-15 1.0000e-15 1.0000e-15 1.0000e-15 1.0000e-15
2.3600e+00 1.2922e+00 2.9012e-01 6.4211e-02 1.2460e-02 1.4398e-03 1.0000e-15 1.0000e-15 1.0000e-15 1.0000e-15 1.0000e-15
2.3700e+00 1.1761e+00 2.6405e-01 5.8442e-02 1.1341e-02 1.3104e-03 1.0000e-15 1.0000e-15 1.0000e-15 1.0000e-15 1.0000e-15
2.3800e+00 1.0705e+00 2.4033e-01 5.3192e-02 1.0322e-02 1.1927e-03 1.0000e-15 1.0000e-15 1.0000e-15 1.0000e-15 1.0000e-15
2.3900e+00 9.7432e-01 2.1874e-01 4.8413e-02 9.3945e-03 1.0856e-03 1.0000e-15 1.0000e-15 1.0000e-15 1.0000e-15 1.0000e-15
2.4000e+00 8.8679e-01 1.9909e-01 4.4064e-02 8.5506e-03 9.8804e-04 1.0000e-15 1.0000e-15 1.0000e-15 1.0000e-15 1.0000e-15
2.4100e+00 3.4908e+01 7.8176e+00 1.7498e+00 3.7774e-01 6.7969e-02 6.9473e-03 1.0000e-15 1.0000e-15 1.0000e-15 1.0000e-15
2.4200e+00 3.1748e+01 7.1149e+00 1.5926e+00 3.4380e-01 6.1863e-02 6.3232e-03 1.0000e-15 1.0000e-15 1.0000e-15 1.0000e-15
2.4300e+00 2.8883e+01 6.4755e+00 1.4495e+00 3.1292e-01 5.6305e-02 5.7551e-03 1.0000e-15 1.0000e-15 1.0000e-15 1.0000e-15
2.4400e+00 2.6281e+01 5.8936e+00 1.3193e+00 2.8480e-01 5.1247e-02 5.2381e-03 1.0000e-15 1.0000e-15 1.0000e-15 1.0000e-15
2.4500e+00 2.3916e+01 5.3641e+00 1.2008e+00 2.5922e-01 4.6643e-02 4.7675e-03 1.0000e-15 1.0000e-15 1.0000e-15 1.0000e-15
2.4600e+00 2.1765e+01 4.8821e+00 1.0929e+00 2.3593e-01 4.2453e-02 4.3392e-03 1.0000e-15 1.0000e-15 1.0000e-15 1.0000e-15
2.4700e+00 1.9809e+01 4.4435e+00 9.9474e-01 2.1474e-01 3.8639e-02 3.9494e-03 1.0000e-15 1.0000e-15 1.0000e-15 1.0000e-15
2.4800e+00 1.8029e+01 4.0443e+00 9.0537e-01 1.9544e-01 3.5168e-02 3.5946e-03 1.0000e-15 1.0000e-15 1.0000e-15 1.0000e-15
2.4900e+00 1.6408e+01 3.6810e+00 8.2404e-01 1.7789e-01 3.2008e-02 3.2717e-03 1.0000e-15 1.0000e-15 1.0000e-15 1.0000e-15
2.5000e+00 1.4934e+01 3.3503e+00 7.5001e-01 1.6191e-01 2.9133e-02 2.9778e-03 1.0000e-15 1.0000e-15 1.0000e-15 1.0000e-15
2.5100e+00 1.3592e+01 3.0493e+00 6.8263e-01 1.4736e-01 2.6516e-02 2.7103e-03 1.0000e-15 1.0000e-15 1.0000e-15 1.0000e-15
2.5200e+00 1.2371e+01 2.7754e+00 6.2130e-01 1.3412e-01 2.4134e-02 2.4668e-03 1.0000e-15 1.0000e-15 1.0000e-15 1.0000e-15
2.5300e+00 1.1260e+01 2.5260e+00 5.6549e-01 1.2207e-01 2.1966e-02 2.2452e-03 1.0000e-15 1.0000e-15 1.0000e-15 1.0000e-15
2.5400e+00 1.0248e+01 2.2991e+00 5.1469e-01 1.1111e-01 1.9992e-02 2.0435e-03 1.0000e-15 1.0000e-15 1.0000e-15 1.0000e-15
2.5500e+00 9.3275e+00 2.0926e+00 4.6845e-01 1.0112e-01 1.8196e-02 1.8599e-03 1.0000e-15 1.0000e-15 1.0000e-15 1.0000e-15
2.5600e+00 8.4896e+00 1.9046e+00 4.2636e-01 9.2040e-02 1.6561e-02 1.6928e-03 1.0000e-15 1.0000e-15 1.0000e-15 1.0000e-15
2.5700e+00 7.7269e+00 1.7335e+00 3.8806e-01 8.3771e-02 1.5074e-02 1.5407e-03 1.0000e-15 1.0000e-15 1.0000e-15 1.0000e-15
2.5800e+00 7.0327e+00 1.5777e+00 3.5320e-01 7.6246e-02 1.3719e-02 1.4023e-03 1.0000e-15 1.0000e-15 1.0000e-15 1.0000e-15
2.5900e+00 6.4009e+00 1.4360e+00 3.2147e-01 6.9396e-02 1.2487e-02 1.2763e-03 1.0000e-15 1.0000e-15 1.0000e-15 1.0000e-15
2.6000e+00 5.8259e+00 1.3070e+00 2.9259e-01 6.3162e-02 1.1365e-02 1.1617e-03 1.0000e-15 1.0000e-15 1.0000e-15 1.0000e-15
2.6100e+00 5.3025e+00 1.1896e+00 2.6630e-01 5.7487e-02 1.0344e-02 1.0573e-03 1.0000e-15 1.0000e-15 1.0000e-15 1.0000e-15
2.6200e+00 4.8262e+00 1.0827e+00 2.4238e-01 5.2323e-02 9.4149e-03 9.6232e-04 1.0000e-15 1.0000e-15 1.0000e-15 1.0000e-15
2.6300e+00 4.3926e+00 9.8544e-01 2.2060e-01 4.7622e-02 8.5691e-03 8.7587e-04 1.0000e-15 1.0000e-15 1.0000e-15 1.0000e-15
2.6400e+00 3.9980e+00 8.9691e-01 2.0079e-01 4.3344e-02 7.7993e-03 7.9719e-04 1.0000e-15 1.0000e-15 1.0000e-15 1.0000e-15
2.6500e+00 3.6388e+00 8.1634e-01 1.8275e-01 3.9450e-02 7.0986e-03 7.2557e-04 1.0000e-15 1.0000e-15 1.0000e-15 1.0000e-15
2.6600e+00 3.3119e+00 7.4300e-01 1.6633e-01 3.5906e-02 6.4609e-03 6.6039e-04 1.0000e-15 1.0000e-15 1.0000e-15 1.0000e-15
2.6700e+00 3.0144e+00 6.7625e-01 1.5139e-01 3.2680e-02 5.8805e-03 6.0106e-04 1.0000e-15 1.0000e-15 1.0000e-15 1.0000e-15
2.6800e+00 2.7436e+00 6.1550e-01 1.3779e-01 2.9745e-02 5.3522e-03 5.4706e-04 1.0000e-15 1.0000e-15 1.0000e-15 1.0000e-15
2.6900e+00 2.4971e+00 5.6020e-01 1.2541e-01 2.7072e-02 4.8714e-03 4.9792e-04 1.0000e-15 1.0000e-15 1.0000e-15 1.0000e-15
2.7000e+00 2.2728e+00 5.0988e-01 1.1414e-01 2.4640e-02 4.4337e-03 4.5318e-04 1.0000e-15 1.0000e-15 1.0000e-15 1.0000e-15
2.7100e+00 2.0686e+00 4.6407e-01 1.0389e-01 2.2427e-02 4.0354e-03 4.1247e-04 1.0000e-15 1.0000e-15 1.0000e-15 1.0000e-15
2.7200e+00 1.8828e+00 4.2238e-01 9.4556e-02 2.0412e-02 3.6729e-03 3.7542e-04 1.0000e-15 1.0000e-15 1.0000e-15 1.0000e-15
2.7300e+00 1.7136e+00 3.8444e-01 8.6061e-02 1.8578e-02 3.3429e-03 3.4169e-04 1.0000e-15 1.0000e-15 1.0000e-15 1.0000e-15
2.7400e+00 1.5597e+00 3.4990e-01 7.8330e-02 1.6909e-02 3.0426e-03 3.1099e-04 1.0000e-15 1.0000e-15 1.0000e-15 1.0000e-15
2.7500e+00 1.4196e+00 3.1847e-01 7.1293e-02 1.5390e-02 2.7693e-03 2.8306e-04 1.0000e-15 1.0000e-15 1.0000e-15 1.0000e-15
2.7600e+00 1.2920e+00 2.8986e-01 6.4888e-02 1.4008e-02 2.5205e-03 2.5763e-04 1.0000e-15 1.0000e-15 1.0000e-15 1.0000e-15
2.7700e+00 1.1760e+00 2.6382e-01 5.9059e-02 1.2749e-02 2.2941e-03 2.3448e-04 1.0000e-15 1.0000e-15 1.0000e-15 1.0000e-15
2.7800e+00 1.0703e+00 2.4012e-01 5.3753e-02 1.1604e-02 2.0880e-03 2.1342e-04 1.0000e-15 1.0000e-15 1.0000e-15 1.0000e-15
2.7900e+00 9.7415e-01 2.1854e-01 4.8924e-02 1.0561e-02 1.9004e-03 1.9424e-04 1.0000e-15 1.0000e-15 1.0000e-15 1.0000e-15
2.8000e+00 8.8664e-01 1.9891e-01 4.4529e-02 9.6125e-03 1.7297e-03 1.7679e-04 1.0000e-15 1.0000e-15 1.0000e-15 1.0000e-15
2.8100e+00 3.4906e+01 7.8151e+00 1.7523e+00 3.8944e-01 8.1326e-02 1.3566e-02 1.2431e-03 1.0000e-15 1.0000e-15 1.0000e-15
2.8200e+00 3.1747e+01 7.1126e+00 1.5948e+00 3.5445e-01 7.4020e-02 1.2347e-02 1.1314e-03 1.0000e-15 1.0000e-15 1.0000e-15
2.8300e+00 2.8882e+01 6.4734e+00 1.4516e+00 3.2261e-01 6.7370e-02 1.1238e-02 1.0298e-03 1.0000e-15 1.0000e-15 1.0000e-15
2.8400e+00 2.6280e+01 5.8918e+00 1.3212e+00 2.9363e-01 6.1318e-02 1.0228e-02 9.3727e-04 1.0000e-15 1.0000e-15 1.0000e-15
2.8500e+00 2.3915e+01 5.3624e+00 1.2025e+00 2.6725e-01 5.5809e-02 9.3095e-03 8.5307e-04 1.0000e-15 1.0000e-15 1.0000e-15
2.8600e+00 2.1765e+01 4.8806e+00 1.0944e+00 2.4324e-01 5.0795e-02 8.4732e-03 7.7643e-04 1.0000e-15 1.0000e-15 1.0000e-15
2.8700e+00 1.9808e+01 4.4421e+00 9.9612e-01 2.2139e-01 4.6232e-02 7.7120e-03 7.0668e-04 1.0000e-15 1.0000e-15 1.0000e-15
2.8800e+00 1.8028e+01 4.0430e+00 9.0663e-01 2.0150e-01 4.2079e-02 7.0192e-03 6.4320e-04 1.0000e-15 1.0000e-15 1.0000e-15
2.8900e+00 1.6408e+01 3.6798e+00 8.2518e-01 1.8340e-01 3.8299e-02 6.3886e-03 5.8541e-04 1.0000e-15 1.0000e-15 1.0000e-15
2.9000e+00 1.4934e+01 3.3492e+00 7.5105e-01 1.6692e-01 3.4858e-02 5.8146e-03 5.3282e-04 1.0000e-15 1.0000e-15 1.0000e-15
2.9100e+00 1.3592e+01 3.0484e+00 6.8358e-01 1.5193e-01 3.1726e-02 5.2923e-03 4.8495e-04 1.0000e-15 1.0000e-15 1.0000e-15
2.9200e+00 1.2371e+01 2.7745e+00 6.2217e-01 1.3828e-01 2.8876e-02 4.8168e-03 4.4139e-04 1.0000e-15 1.0000e-15 1.0000e-15
2.9300e+00 1.1259e+01 2.5252e+00 5.6627e-01 1.2585e-01 2.6282e-02 4.3841e-03 4.0173e-04 1.0000e-15 1.0000e-15 1.0000e-15
2.9400e+00 1.0248e+01 2.2984e+00 5.1540e-01 1.1455e-01 2.3921e-02 3.9903e-03 3.6564e-04 1.0000e-15 1.0000e-15 1.0000e-15
2.9500e+00 9.3272e+00 2.0919e+00 4.6910e-01 1.0426e-01 2.1772e-02 3.6318e-03 3.3280e-04 1.0000e-15 1.0000e-15 1.0000e-15
2.9600e+00 8.4893e+00 1.9040e+00 4.2696e-01 9.4892e-02 1.9816e-02 3.3055e-03 3.0290e-04 1.0000e-15 1.0000e-15 1.0000e-15
2.9700e+00 7.7266e+00 1.7329e+00 3.8860e-01 8.6367e-02 1.8036e-02 3.0086e-03 2.7569e-04 1.0000e-15 1.0000e-15 1.0000e-15
2.9800e+00 7.0325e+00 1.5772e+00 3.5369e-01 7.8608e-02 1.6416e-02 2.7383e-03 2.5092e-04 1.0000e-15 1.0000e-15 1.0000e-15
2.9900e+00 6.4007e+00 1.4355e+00 3.2192e-01 7.1546e-02 1.4941e-02 2.4923e-03 2.2838e-04 1.0000e-15 1.0000e-15 1.0000e-15
3.0000e+00 5.8257e+00 1.3066e+00 2.9300e-01 6.5119e-02 1.3599e-02 2.2684e-03 2.0786e-04 1.0000e-15 1.0000e-15 1.0000e-15
3.0100e+00 5.3023e+00 1.1892e+00 2.6667e-01 5.9268e-02 1.2377e-02 2.0646e-03 1.8919e-04 1.0000e-15 1.0000e-15 1.0000e-15
3.0200e+00 4.8260e+00 1.0824e+00 2.4272e-01 5.3944e-02 1.1265e-02 1.8791e-03 1.7219e-04 1.0000e-15 1.0000e-15 1.0000e-15
3.0300e+00 4.3924e+00 9.8513e-01 2.2091e-01 4.9098e-02 1.0253e-02 1.7103e-03 1.5672e-04 1.0000e-15 1.0000e-15 1.0000e-15
3.0400e+00 3.9978e+00 8.9663e-01 2.0107e-01 4.4687e-02 9.3319e-03 1.5567e-03 1.4264e-04 1.0000e-15 1.0000e-15 1.0000e-15
3.0500e+00 3.6387e+00 8.1608e-01 1.8300e-01 4.0672e-02 8.4936e-03 1.4168e-03 1.2983e-04 1.0000e-15 1.0000e-15 1.0000e-15
3.0600e+00 3.3118e+00 7.4277e-01 1.6656e-01 3.7019e-02 7.7305e-03 1.2895e-03 1.1817e-04 1.0000e-15 1.0000e-15 1.0000e-15
3.0700e+00 3.0143e+00 6.7604e-01 1.5160e-01 3.3693e-02 7.0360e-03 1.1737e-03 1.0755e-04 1.0000e-15 1.0000e-15 1.0000e-15
3.0800e+00 2.7435e+00 6.1531e-01 1.3798e-01 3.0666e-02 6.4039e-03 1.0682e-03 9.7888e-05 1.0000e-15 1.0000e-15 1.0000e-15
3.0900e+00 2.4970e+00 5.6003e-01 1.2558e-01 2.7911e-02 5.8286e-03 9.7227e-04 8.9094e-05 1.0000e-15 1.0000e-15 1.0000e-15
3.1000e+00 2.2727e+00 5.0972e-01 1.1430e-01 2.5404e-02 5.3050e-03 8.8493e-04 8.1090e-05 1.0000e-15 1.0000e-15 1.0000e-15
3.1100e+00 2.0685e+00 4.6393e-01 1.0403e-01 2.3122e-02 4.8284e-03 8.0543e-04 7.3805e-05 1.0000e-15 1.0000e-15 1.0000e-15
3.1200e+00 1.8827e+00 4.2225e-01 9.4687e-02 2.1044e-02 4.3947e-03 7.3307e-04 6.7175e-05 1.0000e-15 1.0000e-15 1.0000e-15
3.1300e+00 1.7136e+00 3.8432e-01 8.6181e-02 1.9154e-02 3.9998e-03 6.6721e-04 6.1140e-05 1.0000e-15 1.0000e-15 1.0000e-15
3.1400e+00 1.5596e+00 3.4979e-01 7.8439e-02 1.7433e-02 3.6405e-03 6.0727e-04 5.5647e-05 1.0000e-15 1.0000e-15 1.0000e-15
3.1500e+00 1.4195e+00 3.1837e-01 7.1392e-02 1.5867e-02 3.3135e-03 5.5272e-04 5.0648e-05 1.0000e-15 1.0000e-15 1.0000e-15
3.1600e+00 1.2920e+00 2.8976e-01 6.4978e-02 1.4441e-02 3.0158e-03 5.0306e-04 4.6098e-05 1.0000e-15 1.0000e-15 1.0000e-15
3.1700e+00 1.1759e+00 2.6373e-01 5.9141e-02 1.3144e-02 2.7449e-03 4.5787e-04 4.1957e-05 1.0000e-15 1.0000e-15 1.0000e-15
3.1800e+00 1.0703e+00 2.4004e-01 5.3828e-02 1.1963e-02 2.4983e-03 4.1674e-04 3.8187e-05 1.0000e-15 1.0000e-15 1.0000e-15
3.1900e+00 9.7412e-01 2.1848e-01 4.8992e-02 1.0889e-02 2.2738e-03 3.7930e-04 3.4757e-05 1.0000e-15 1.0000e-15 1.0000e-15
3.2000e+00 8.8661e-01 1.9885e-01 4.4591e-02 9.9104e-03 2.0696e-03 3.4522e-04 3.1634e-05 1.0000e-15 1.0000e-15 1.0000e-15
3.2100e+00 3.4906e+01 7.8144e+00 1.7523e+00 3.9224e-01 8.6119e-02 1.7294e-02 2.6786e-03 2.2243e-04 1.6280e-15 1.6280e-15
3.2200e+00 3.1747e+01 7.1120e+00 1.5949e+00 3.5700e-01 7.8382e-02 1.5740e-02 2.4380e-03 2.0245e-04 1.0000e-15 1.0000e-15
3.2300e+00 2.8882e+01 6.4729e+00 1.4516e+00 3.2493e-01 7.1341e-02 1.4326e-02 2.2190e-03 1.8426e-04 1.0000e-15 1.0000e-15
3.2400e+00 2.6280e+01 5.8912e+00 1.3212e+00 2.9574e-01 6.4932e-02 1.3039e-02 2.0196e-03 1.6771e-04 1.0000e-15 1.0000e-15
3.2500e+00 2.3915e+01 5.3619e+00 1.2025e+00 2.6917e-01 5.9099e-02 1.1868e-02 1.8382e-03 1.5264e-04 1.0000e-15 1.0000e-15
3.2600e+00 2.1765e+01 4.8802e+00 1.0945e+00 2.4499e-01 5.3789e-02 1.0801e-02 1.6730e-03 1.3893e-04 1.0000e-15 1.0000e-15
3.2700e+00 1.9808e+01 4.4417e+00 9.9615e-01 2.2298e-01 4.8957e-02 9.8310e-03 1.5227e-03 1.2645e-04 1.0000e-15 1.0000e-15
3.2800e+00 1.8028e+01 4.0427e+00 9.0666e-01 2.0295e-01 4.4559e-02 8.9478e-03 1.3859e-03 1.1509e-04 1.0000e-15 1.0000e-15
3.2900e+00 1.6408e+01 3.6795e+00 8.2521e-01 1.8472e-01 4.0556e-02 8.1440e-03 1.2614e-03 1.0475e-04 1.0000e-15 1.0000e-15
3.3000e+00 1.4934e+01 3.3489e+00 7.5107e-01 1.6812e-01 3.6912e-02 7.4124e-03 1.1481e-03 9.5340e-05 1.0000e-15 1.0000e-15
3.3100e+00 1.3592e+01 3.0481e+00 6.8360e-01 1.5302e-01 3.3596e-02 6.7465e-03 1.0450e-03 8.6775e-05 1.0000e-15 1.0000e-15
3.3200e+00 1.2371e+01 2.7742e+00 6.2219e-01 1.3927e-01 3.0578e-02 6.1404e-03 9.5109e-04 7.8979e-05 1.0000e-15 1.0000e-15
3.3300e+00 1.1259e+01 2.5250e+00 5.6629e-01 1.2676e-01 2.7831e-02 5.5887e-03 8.6565e-04 7.1884e-05 1.0000e-15 1.0000e-15
3.3400e+00 1.0248e+01 2.2982e+00 5.1542e-01 1.1537e-01 2.5331e-02 5.0867e-03 7.8788e-04 6.5426e-05 1.0000e-15 1.0000e-15
3.3500e+00 9.3272e+00 2.0917e+00 4.6911e-01 1.0501e-01 2.3055e-02 4.6297e-03 7.1710e-04 5.9548e-05 1.0000e-15 1.0000e-15
3.3600e+00 8.4892e+00 1.9038e+00 4.2697e-01 9.5574e-02 2.0984e-02 4.2138e-03 6.5268e-04 5.4199e-05 1.0000e-15 1.0000e-15
3.3700e+00 7.7266e+00 1.7328e+00 3.8861e-01 8.6988e-02 1.9099e-02 3.8352e-03 5.9405e-04 4.9330e-05 1.0000e-15 1.0000e-15
3.3800e+00 7.0325e+00 1.5771e+00 3.5370e-01 7.9173e-02 1.7383e-02 3.4907e-03 5.4068e-04 4.4898e-05 1.0000e-15 1.0000e-15
3.3900e+00 6.4007e+00 1.4354e+00 3.2193e-01 7.2061e-02 1.5821e-02 3.1771e-03 4.9211e-04 4.0865e-05 1.0000e-15 1.0000e-15
3.4000e+00 5.8257e+00 1.3065e+00 2.9300e-01 6.5587e-02 1.4400e-02 2.8917e-03 4.4790e-04 3.7193e-05 1.0000e-15 1.0000e-15
3.4100e+00 5.3023e+00 1.1891e+00 2.6668e-01 5.9695e-02 1.3106e-02 2.6319e-03 4.0766e-04 3.3852e-05 1.0000e-15 1.0000e-15
3.4200e+00 4.8260e+00 1.0823e+00 2.4272e-01 5.4332e-02 1.1929e-02 2.3954e-03 3.7104e-04 3.0811e-05 1.0000e-15 1.0000e-15
3.4300e+00 4.3924e+00 9.8504e-01 2.2092e-01 4.9451e-02 1.0857e-02 2.1802e-03 3.3770e-04 2.8043e-05 1.0000e-15 1.0000e-15
3.4400e+00 3.9978e+00 8.9655e-01 2.0107e-01 4.5008e-02 9.8819e-03 1.9844e-03 3.0737e-04 2.5524e-05 1.0000e-15 1.0000e-15
3.4500e+00 3.6387e+00 8.1601e-01 1.8301e-01 4.0965e-02 8.9942e-03 1.8061e-03 2.7975e-04 2.3231e-05 1.0000e-15 1.0000e-15
3.4600e+00 3.3118e+00 7.4270e-01 1.6657e-01 3.7285e-02 8.1862e-03 1.6439e-03 2.5462e-04 2.1144e-05 1.0000e-15 1.0000e-15
3.4700e+00 3.0143e+00 6.7598e-01 1.5160e-01 3.3935e-02 7.4507e-03 1.4962e-03 2.3175e-04 1.9244e-05 1.0000e-15 1.0000e-15
3.4800e+00 2.7435e+00 6.1525e-01 1.3798e-01 3.0887e-02 6.7814e-03 1.3618e-03 2.1093e-04 1.7515e-05 1.0000e-15 1.0000e-15
3.4900e+00 2.4970e+00 5.5998e-01 1.2559e-01 2.8112e-02 6.1722e-03 1.2394e-03 1.9198e-04 1.5942e-05 1.0000e-15 1.0000e-15
3.5000e+00 2.2727e+00 5.0967e-01 1.1431e-01 2.5586e-02 5.6177e-03 1.1281e-03 1.7473e-04 1.4510e-05 1.0000e-15 1.0000e-15
3.5100e+00 2.0685e+00 4.6388e-01 1.0404e-01 2.3288e-02 5.1130e-03 1.0267e-03 1.5903e-04 1.3206e-05 1.0000e-15 1.0000e-15
3.5200e+00 1.8827e+00 4.2221e-01 9.4690e-02 2.1196e-02 4.6537e-03 9.3450e-04 1.4475e-04 1.2020e-05 1.0000e-15 1.0000e-15
3.5300e+00 1.7135e+00 3.8428e-01 8.6184e-02 1.9292e-02 4.2356e-03 8.5055e-04 1.3174e-04 1.0940e-05 1.0000e-15 1.0000e-15
3.5400e+00 1.5596e+00 3.4976e-01 7.8441e-02 1.7558e-02 3.8551e-03 7.7414e-04 1.1991e-04 9.9571e-06 1.0000e-15 1.0000e-15
3.5500e+00 1.4195e+00 3.1834e-01 7.1394e-02 1.5981e-02 3.5088e-03 7.0459e-04 1.0914e-04 9.0626e-06 1.0000e-15 1.0000e-15
3.5600e+00 1.2920e+00 2.8974e-01 6.4980e-02 1.4545e-02 3.1935e-03 6.4129e-04 9.9331e-05 8.2485e-06 1.0000e-15 1.0000e-15
3.5700e+00 1.1759e+00 2.6371e-01 5.9143e-02 1.3239e-02 2.9066e-03 5.8368e-04 9.0408e-05 7.5074e-06 1.0000e-15 1.0000e-15
3.5800e+00 1.0703e+00 2.4002e-01 5.3830e-02 1.2049e-02 2.6455e-03 5.3124e-04 8.2286e-05 6.8330e-06 1.0000e-15 1.0000e-15
3.5900e+00 9.7412e-01 2.1846e-01 4.8994e-02 1.0967e-02 2.4079e-03 4.8352e-04 7.4893e-05 6.2191e-06 1.0000e-15 1.0000e-15
3.6000e+00 8.8660e-01 1.9883e-01 4.4592e-02 9.9816e-03 2.1915e-03 4.4008e-04 6.8165e-05 5.6604e-06 1.0000e-15 1.0000e-15
3.6100e+00 3.4906e+01 7.8142e+00 1.7522e+00 3.9282e-01 8.7589e-02 1.8905e-02 3.6357e-03 5.2425e-04 3.9801e-05 1.5353e-15
3.6200e+00 3.1747e+01 7.1118e+00 1.5948e+00 3.5753e-01 7.9720e-02 1.7206e-02 3.3091e-03 4.7715e-04 3.6225e-05 1.0833e-15
3.6300e+00 2.8882e+01 6.4727e+00 1.4515e+00 3.2541e-01 7.2558e-02 1.5660e-02 3.0118e-03 4.3429e-04 3.2971e-05 1.0000e-15
3.6400e+00 2.6280e+01 5.8911e+00 1.3211e+00 2.9617e-01 6.6040e-02 1.4254e-02 2.7412e-03 3.9527e-04 3.0009e-05 1.0000e-15
3.6500e+00 2.3915e+01 5.3618e+00 1.2024e+00 2.6957e-01 6.0107e-02 1.2973e-02 2.4950e-03 3.5976e-04 2.7313e-05 1.0000e-15
3.6600e+00 2.1765e+01 4.8801e+00 1.0944e+00 2.4535e-01 5.4707e-02 1.1808e-02 2.2708e-03 3.2744e-04 2.4859e-05 1.0000e-15
3.6700e+00 1.9808e+01 4.4416e+00 9.9608e-01 2.2331e-01 4.9793e-02 1.0747e-02 2.0668e-03 2.9803e-04 2.2626e-05 1.0000e-15
3.6800e+00 1.8028e+01 4.0426e+00 9.0660e-01 2.0325e-01 4.5319e-02 9.7814e-03 1.8812e-03 2.7125e-04 2.0593e-05 1.0000e-15
3.6900e+00 1.6408e+01 3.6794e+00 8.2515e-01 1.8499e-01 4.1248e-02 8.9027e-03 1.7122e-03 2.4688e-04 1.8743e-05 1.0000e-15
3.7000e+00 1.4934e+01 3.3489e+00 7.5102e-01 1.6837e-01 3.7542e-02 8.1029e-03 1.5583e-03 2.2470e-04 1.7059e-05 1.0000e-15
3.7100e+00 1.3592e+01 3.0480e+00 6.8355e-01 1.5324e-01 3.4170e-02 7.3749e-03 1.4183e-03 2.0452e-04 1.5527e-05 1.0000e-15
3.7200e+00 1.2371e+01 2.7742e+00 6.2215e-01 1.3948e-01 3.1100e-02 6.7124e-03 1.2909e-03 1.8614e-04 1.4132e-05 1.0000e-15
3.7300e+00 1.1259e+01 2.5250e+00 5.6625e-01 1.2695e-01 2.8306e-02 6.1094e-03 1.1750e-03 1.6942e-04 1.2862e-05 1.0000e-15
3.7400e+00 1.0248e+01 2.2981e+00 5.1538e-01 1.1554e-01 2.5763e-02 5.5605e-03 1.0694e-03 1.5420e-04 1.1707e-05 1.0000e-15
3.7500e+00 9.3272e+00 2.0917e+00 4.6908e-01 1.0516e-01 2.3449e-02 5.0610e-03 9.7333e-04 1.4035e-04 1.0655e-05 1.0000e-15
3.7600e+00 8.4892e+00 1.9038e+00 4.2694e-01 9.5714e-02 2.1342e-02 4.6063e-03 8.8589e-04 1.2774e-04 9.6980e-06 1.0000e-15
3.7700e+00 7.7266e+00 1.7327e+00 3.8859e-01 8.7116e-02 1.9425e-02 4.1925e-03 8.0630e-04 1.1626e-04 8.8267e-06 1.0000e-15
3.7800e+00 7.0324e+00 1.5771e+00 3.5368e-01 7.9289e-02 1.7680e-02 3.8159e-03 7.3387e-04 1.0582e-04 8.0338e-06 1.0000e-15
3.7900e+00 6.4007e+00 1.4354e+00 3.2190e-01 7.2166e-02 1.6091e-02 3.4731e-03 6.6794e-04 9.6313e-05 7.3120e-06 1.0000e-15
3.8000e+00 5.8257e+00 1.3064e+00 2.9299e-01 6.5683e-02 1.4646e-02 3.1610e-03 6.0793e-04 8.7660e-05 6.6551e-06 1.0000e-15
3.8100e+00 5.3023e+00 1.1891e+00 2.6666e-01 5.9782e-02 1.3330e-02 2.8771e-03 5.5332e-04 7.9785e-05 6.0573e-06 1.0000e-15
3.8200e+00 4.8260e+00 1.0822e+00 2.4271e-01 5.4412e-02 1.2133e-02 2.6186e-03 5.0361e-04 7.2617e-05 5.5131e-06 1.0000e-15
3.8300e+00 4.3924e+00 9.8502e-01 2.2090e-01 4.9523e-02 1.1043e-02 2.3834e-03 4.5837e-04 6.6094e-05 5.0178e-06 1.0000e-15
3.8400e+00 3.9978e+00 8.9653e-01 2.0106e-01 4.5074e-02 1.0051e-02 2.1692e-03 4.1719e-04 6.0156e-05 4.5670e-06 1.0000e-15
3.8500e+00 3.6387e+00 8.1599e-01 1.8300e-01 4.1025e-02 9.1477e-03 1.9744e-03 3.7971e-04 5.4752e-05 4.1567e-06 1.0000e-15
3.8600e+00 3.3118e+00 7.4268e-01 1.6656e-01 3.7340e-02 8.3259e-03 1.7970e-03 3.4560e-04 4.9833e-05 3.7833e-06 1.0000e-15
3.8700e+00 3.0142e+00 6.7596e-01 1.5159e-01 3.3985e-02 7.5779e-03 1.6356e-03 3.1455e-04 4.5356e-05 3.4434e-06 1.0000e-15
3.8800e+00 2.7435e+00 6.1524e-01 1.3797e-01 3.0932e-02 6.8971e-03 1.4886e-03 2.8629e-04 4.1282e-05 3.1341e-06 1.0000e-15
3.8900e+00 2.4970e+00 5.5997e-01 1.2558e-01 2.8153e-02 6.2775e-03 1.3549e-03 2.6057e-04 3.7573e-05 2.8525e-06 1.0000e-15
3.9000e+00 2.2727e+00 5.0966e-01 1.1430e-01 2.5624e-02 5.7136e-03 1.2332e-03 2.3716e-04 3.4198e-05 2.5963e-06 1.0000e-15
3.9100e+00 2.0685e+00 4.6387e-01 1.0403e-01 2.3322e-02 5.2003e-03 1.1224e-03 2.1586e-04 3.1125e-05 2.3630e-06 1.0000e-15
3.9200e+00 1.8827e+00 4.2220e-01 9.4684e-02 2.1227e-02 4.7331e-03 1.0216e-03 1.9647e-04 2.8329e-05 2.1507e-06 1.0000e-15
3.9300e+00 1.7135e+00 3.8427e-01 8.6178e-02 1.9320e-02 4.3079e-03 9.2978e-04 1.7882e-04 2.5784e-05 1.9575e-06 1.0000e-15
3.9400e+00 1.5596e+00 3.4975e-01 7.8436e-02 1.7584e-02 3.9209e-03 8.4625e-04 1.6275e-04 2.3468e-05 1.7817e-06 1.0000e-15
3.9500e+00 1.4195e+00 3.1833e-01 7.1389e-02 1.6004e-02 3.5686e-03 7.7023e-04 1.4813e-04 2.1360e-05 1.6216e-06 1.0000e-15
3.9600e+00 1.2920e+00 2.8973e-01 6.4976e-02 1.4567e-02 3.2481e-03 7.0103e-04 1.3482e-04 1.9441e-05 1.4759e-06 1.0000e-15
3.9700e+00 1.1759e+00 2.6370e-01 5.9139e-02 1.3258e-02 2.9563e-03 6.3805e-04 1.2271e-04 1.7694e-05 1.3433e-06 1.0000e-15
3.9800e+00 1.0703e+00 2.4001e-01 5.3826e-02 1.2067e-02 2.6907e-03 5.8073e-04 1.1169e-04 1.6105e-05 1.2227e-06 1.0000e-15
3.9900e+00 9.7411e-01 2.1845e-01 4.8990e-02 1.0983e-02 2.4490e-03 5.2856e-04 1.0165e-04 1.4658e-05 1.1128e-06 1.0000e-15
4.0000e+00 8.8660e-01 1.9883e-01 4.4589e-02 9.9963e-03 2.2289e-03 4.8108e-04 9.2521e-05 1.3341e-05 1.0128e-06 1.0000e-15
