# columns=iterations, rows=time
0.0000e+00 1.0000e-15 1.0000e-15 1.0000e-15 1.0000e-15 1.0000e-15 1.0000e-15 1.0000e-15 1.0000e-15 1.0000e-15 1.0000e-15
1.0000e-02 1.0000e-15 1.0000e-15 1.0000e-15 1.0000e-15 1.0000e-15 1.0000e-15 1.0000e-15 1.0000e-15 1.0000e-15 1.0000e-15
2.0000e-02 1.0000e-15 1.0000e-15 1.0000e-15 1.0000e-15 1.0000e-15 1.0000e-15 1.0000e-15 1.0000e-15 1.0000e-15 1.0000e-15
3.0000e-02 1.0000e-15 1.0000e-15 1.0000e-15 1.0000e-15 1.0000e-15 1.0000e-15 1.0000e-15 1.0000e-15 1.0000e-15 1.0000e-15
4.0000e-02 1.0000e-15 1.0000e-15 1.0000e-15 1.0000e-15 1.0000e-15 1.0000e-15 1.0000e-15 1.0000e-15 1.0000e-15 1.0000e-15
5.0000e-02 1.0000e-15 1.0000e-15 1.0000e-15 1.0000e-15 1.0000e-15 1.0000e-15 1.0000e-15 1.0000e-15 1.0000e-15 1.0000e-15
6.0000e-02 1.0000e-15 1.0000e-15 1.0000e-15 1.0000e-15 1.0000e-15 1.0000e-15 1.0000e-15 1.0000e-15 1.0000e-15 1.0000e-15
7.0000e-02 1.0000e-15 1.0000e-15 1.0000e-15 1.0000e-15 1.0000e-15 1.0000e-15 1.0000e-15 1.0000e-15 1.0000e-15 1.0000e-15
8.0000e-02 1.0000e-15 1.0000e-15 1.0000e-15 1.0000e-15 1.0000e-15 1.0000e-15 1.0000e-15 1.0000e-15 1.0000e-15 1.0000e-15
9.0000e-02 1.0000e-15 1.0000e-15 1.0000e-15 1.0000e-15 1.0000e-15 1.0000e-15 1.0000e-15 1.0000e-15 1.0000e-15 1.0000e-15
1.0000e-01 1.0000e-15 1.0000e-15 1.0000e-15 1.0000e-15 1.0000e-15 1.0000e-15 1.0000e-15 1.0000e-15 1.0000e-15 1.0000e-15
1.1000e-01 1.0000e-15 1.0000e-15 1.0000e-15 1.0000e-15 1.0000e-15 1.0000e-15 1.0000e-15 1.0000e-15 1.0000e-15 1.0000e-15
1.2000e-01 1.0000e-15 1.0000e-15 1.0000e-15 1.0000e-15 1.0000e-15 1.0000e-15 1.0000e-15 1.0000e-15 1.0000e-15 1.0000e-15
1.3000e-01 1.0000e-15 1.0000e-15 1.0000e-15 1.0000e-15 1.0000e-15 1.0000e-15 1.0000e-15 1.0000e-15 1.0000e-15 1.0000e-15
1.4000e-01 1.0000e-15 1.0000e-15 1.0000e-15 1.0000e-15 1.0000e-15 1.0000e-15 1.0000e-15 1.0000e-15 1.0000e-15 1.0000e-15
1.5000e-01 1.0000e-15 1.0000e-15 1.0000e-15 1.0000e-15 1.0000e-15 1.0000e-15 1.0000e-15 1.0000e-15 1.0000e-15 1.0000e-15
1.6000e-01 1.0000e-15 1.0000e-15 1.0000e-15 1.0000e-15 1.0000e-15 1.0000e-15 1.0000e-15 1.0000e-15 1.0000e-15 1.0000e-15
1.7000e-01 1.0000e-15 1.0000e-15 1.0000e-15 1.0000e-15 1.0000e-15 1.0000e-15 1.0000e-15 1.0000e-15 1.0000e-15 1.0000e-15
1.8000e-01 1.0000e-15 1.0000e-15 1.0000e-15 1.0000e-15 1.0000e-15 1.0000e-15 1.0000e-15 1.0000e-15 1.0000e-15 1.0000e-15
1.9000e-01 1.0000e-15 1.0000e-15 1.0000e-15 1.0000e-15 1.0000e-15 1.0000e-15 1.0000e-15 1.0000e-15 1.0000e-15 1.0000e-15
2.0000e-01 1.0000e-15 1.0000e-15 1.0000e-15 1.0000e-15 1.0000e-15 1.0000e-15 1.0000e-15 1.0000e-15 1.0000e-15 1.0000e-15
2.1000e-01 1.0000e-15 1.0000e-15 1.0000e-15 1.0000e-15 1.0000e-15 1.0000e-15 1.0000e-15 1.0000e-15 1.0000e-15 1.0000e-15
2.2000e-01 1.0000e-15 1.0000e-15 1.0000e-15 1.0000e-15 1.0000e-15 1.0000e-15 1.0000e-15 1.0000e-15 1.0000e-15 1.0000e-15
2.3000e-01 1.0000e-15 1.0000e-15 1.0000e-15 1.0000e-15 1.0000e-15 1.0000e-15 1.0000e-15 1.0000e-15 1.0000e-15 1.0000e-15
2.4000e-01 1.0000e-15 1.0000e-15 1.0000e-15 1.0000e-15 1.0000e-15 1.0000e-15 1.0000e-15 1.0000e-15 1.0000e-15 1.0000e-15
2.5000e-01 1.0000e-15 1.0000e-15 1.0000e-15 1.0000e-15 1.0000e-15 1.0000e-15 1.0000e-15 1.0000e-15 1.0000e-15 1.0000e-15
2.6000e-01 1.0000e-15 1.0000e-15 1.0000e-15 1.0000e-15 1.0000e-15 1.0000e-15 1.0000e-15 1.0000e-15 1.0000e-15 1.0000e-15
2.7000e-01 1.0000e-15 1.0000e-15 1.0000e-15 1.0000e-15 1.0000e-15 1.0000e-15 1.0000e-15 1.0000e-15 1.0000e-15 1.0000e-15
2.8000e-01 1.0000e-15 1.0000e-15 1.0000e-15 1.0000e-15 1.0000e-15 1.0000e-15 1.0000e-15 1.0000e-15 1.0000e-15 1.0000e-15
2.9000e-01 1.0000e-15 1.0000e-15 1.0000e-15 1.0000e-15 1.0000e-15 1.0000e-15 1.0000e-15 1.0000e-15 1.0000e-15 1.0000e-15
3.0000e-01 1.0000e-15 1.0000e-15 1.0000e-15 1.0000e-15 1.0000e-15 1.0000e-15 1.0000e-15 1.0000e-15 1.0000e-15 1.0000e-15
3.1000e-01 1.0000e-15 1.0000e-15 1.0000e-15 1.0000e-15 1.0000e-15 1.0000e-15 1.0000e-15 1.0000e-15 1.0000e-15 1.0000e-15
3.2000e-01 1.0000e-15 1.0000e-15 1.0000e-15 1.0000e-15 1.0000e-15 1.0000e-15 1.0000e-15 1.0000e-15 1.0000e-15 1.0000e-15
3.3000e-01 1.0000e-15 1.0000e-15 1.0000e-15 1.0000e-15 1.0000e-15 1.0000e-15 1.0000e-15 1.0000e-15 1.0000e-15 1.0000e-15
3.4000e-01 1.0000e-15 1.0000e-15 1.0000e-15 1.0000e-15 1.0000e-15 1.0000e-15 1.0000e-15 1.0000e-15 1.0000e-15 1.0000e-15
3.5000e-01 1.0000e-15 1.0000e-15 1.0000e-15 1.0000e-15 1.0000e-15 1.0000e-15 1.0000e-15 1.0000e-15 1.0000e-15 1.0000e-15
3.6000e-01 1.0000e-15 1.0000e-15 1.0000e-15 1.0000e-15 1.0000e-15 1.0000e-15 1.0000e-15 1.0000e-15 1.0000e-15 1.0000e-15
3.7000e-01 1.0000e-15 1.0000e-15 1.0000e-15 1.0000e-15 1.0000e-15 1.0000e-15 1.0000e-15 1.0000e-15 1.0000e-15 1.0000e-15
3.8000e-01 1.0000e-15 1.0000e-15 1.0000e-15 1.0000e-15 1.0000e-15 1.0000e-15 1.0000e-15 1.0000e-15 1.0000e-15 1.0000e-15
3.9000e-01 1.0000e-15 1.0000e-15 1.0000e-15 1.0000e-15 1.0000e-15 1.0000e-15 1.0000e-15 1.0000e-15 1.0000e-15 1.0000e-15
4.0000e-01 1.0000e-15 1.0000e-15 1.0000e-15 1.0000e-15 1.0000e-15 1.0000e-15 1.0000e-15 1.0000e-15 1.0000e-15 1.0000e-15
4.1000e-01 1.0000e-15 1.0000e-15 1.0000e-15 1.0000e-15 1.0000e-15 1.0000e-15 1.0000e-15 1.0000e-15 1.0000e-15 1.0000e-15
4.2000e-01 1.0000e-15 1.0000e-15 1.0000e-15 1.0000e-15 1.0000e-15 1.0000e-15 1.0000e-15 1.0000e-15 1.0000e-15 1.0000e-15
4.3000e-01 1.0000e-15 1.0000e-15 1.0000e-15 1.0000e-15 1.0000e-15 1.0000e-15 1.0000e-15 1.0000e-15 1.0000e-15 1.0000e-15
4.4000e-01 1.0000e-15 1.0000e-15 1.0000e-15 1.0000e-15 1.0000e-15 1.0000e-15 1.0000e-15 1.0000e-15 1.0000e-15 1.0000e-15
4.5000e-01 1.0000e-15 1.0000e-15 1.0000e-15 1.0000e-15 1.0000e-15 1.0000e-15 1.0000e-15 1.0000e-15 1.0000e-15 1.0000e-15
4.6000e-01 1.0000e-15 1.0000e-15 1.0000e-15 1.0000e-15 1.0000e-15 1.0000e-15 1.0000e-15 1.0000e-15 1.0000e-15 1.0000e-15
4.7000e-01 1.0000e-15 1.0000e-15 1.0000e-15 1.0000e-15 1.0000e-15 1.0000e-15 1.0000e-15 1.0000e-15 1.0000e-15 1.0000e-15
4.8000e-01 1.0000e-15 1.0000e-15 1.0000e-15 1.0000e-15 1.0000e-15 1.0000e-15 1.0000e-15 1.0000e-15 1.0000e-15 1.0000e-15
4.9000e-01 1.0000e-15 1.0000e-15 1.0000e-15 1.0000e-15 1.0000e-15 1.0000e-15 1.0000e-15 1.0000e-15 1.0000e-15 1.0000e-15
5.0000e-01 1.0000e-15 1.0000e-15 1.0000e-15 1.0000e-15 1.0000e-15 1.0000e-15 1.0000e-15 1.0000e-15 1.0000e-15 1.0000e-15
5.1000e-01 1.0000e-15 1.0000e-15 1.0000e-15 1.0000e-15 1.0000e-15 1.0000e-15 1.0000e-15 1.0000e-15 1.0000e-15 1.0000e-15
5.2000e-01 1.0000e-15 1.0000e-15 1.0000e-15 1.0000e-15 1.0000e-15 1.0000e-15 1.0000e-15 1.0000e-15 1.0000e-15 1.0000e-15
5.3000e-01 1.0000e-15 1.0000e-15 1.0000e-15 1.0000e-15 1.0000e-15 1.0000e-15 1.0000e-15 1.0000e-15 1.0000e-15 1.0000e-15
5.4000e-01 1.0000e-15 1.0000e-15 1.0000e-15 1.0000e-15 1.0000e-15 1.0000e-15 1.0000e-15 1.0000e-15 1.0000e-15 1.0000e-15
5.5000e-01 1.0000e-15 1.0000e-15 1.0000e-15 1.0000e-15 1.0000e-15 1.0000e-15 1.0000e-15 1.0000e-15 1.0000e-15 1.0000e-15
5.6000e-01 1.0000e-15 1.0000e-15 1.0000e-15 1.0000e-15 1.0000e-15 1.0000e-15 1.0000e-15 1.0000e-15 1.0000e-15 1.0000e-15
5.7000e-01 1.0000e-15 1.0000e-15 1.0000e-15 1.0000e-15 1.0000e-15 1.0000e-15 1.0000e-15 1.0000e-15 1.0000e-15 1.0000e-15
5.8000e-01 1.0000e-15 1.0000e-15 1.0000e-15 1.0000e-15 1.0000e-15 1.0000e-15 1.0000e-15 1.0000e-15 1.0000e-15 1.0000e-15
5.9000e-01 1.0000e-15 1.0000e-15 1.0000e-15 1.0000e-15 1.0000e-15 1.0000e-15 1.0000e-15 1.0000e-15 1.0000e-15 1.0000e-15
6.0000e-01 1.0000e-15 1.0000e-15 1.0000e-15 1.0000e-15 1.0000e-15 1.0000e-15 1.0000e-15 1.0000e-15 1.0000e-15 1.0000e-15
6.1000e-01 1.0000e-15 1.0000e-15 1.0000e-15 1.0000e-15 1.0000e-15 1.0000e-15 1.0000e-15 1.0000e-15 1.0000e-15 1.0000e-15
6.2000e-01 1.0000e-15 1.0000e-15 1.0000e-15 1.0000e-15 1.0000e-15 1.0000e-15 1.0000e-15 1.0000e-15 1.0000e-15 1.0000e-15
6.3000e-01 1.0000e-15 1.0000e-15 1.0000e-15 1.0000e-15 1.0000e-15 1.0000e-15 1.0000e-15 1.0000e-15 1.0000e-15 1.0000e-15
6.4000e-01 1.0000e-15 1.0000e-15 1.0000e-15 1.0000e-15 1.0000e-15 1.0000e-15 1.0000e-15 1.0000e-15 1.0000e-15 1.0000e-15
6.5000e-01 1.0000e-15 1.0000e-15 1.0000e-15 1.0000e-15 1.0000e-15 1.0000e-15 1.0000e-15 1.0000e-15 1.0000e-15 1.0000e-15
6.6000e-01 1.0000e-15 1.0000e-15 1.0000e-15 1.0000e-15 1.0000e-15 1.0000e-15 1.0000e-15 1.0000e-15 1.0000e-15 1.0000e-15
6.7000e-01 1.0000e-15 1.0000e-15 1.0000e-15 1.0000e-15 1.0000e-15 1.0000e-15 1.0000e-15 1.0000e-15 1.0000e-15 1.0000e-15
6.8000e-01 1.0000e-15 1.0000e-15 1.0000e-15 1.0000e-15 1.0000e-15 1.0000e-15 1.0000e-15 1.0000e-15 1.0000e-15 1.0000e-15
6.9000e-01 1.0000e-15 1.0000e-15 1.0000e-15 1.0000e-15 1.0000e-15 1.0000e-15 1.0000e-15 1.0000e-15 1.0000e-15 1.0000e-15
7.0000e-01 1.0000e-15 1.0000e-15 1.0000e-15 1.0000e-15 1.0000e-15 1.0000e-15 1.0000e-15 1.0000e-15 1.0000e-15 1.0000e-15
7.1000e-01 1.0000e-15 1.0000e-15 1.0000e-15 1.0000e-15 1.0000e-15 1.0000e-15 1.0000e-15 1.0000e-15 1.0000e-15 1.0000e-15
7.2000e-01 1.0000e-15 1.0000e-15 1.0000e-15 1.0000e-15 1.0000e-15 1.0000e-15 1.0000e-15 1.0000e-15 1.0000e-15 1.0000e-15
7.3000e-01 1.0000e-15 1.0000e-15 1.0000e-15 1.0000e-15 1.0000e-15 1.0000e-15 1.0000e-15 1.0000e-15 1.0000e-15 1.0000e-15
7.4000e-01 1.0000e-15 1.0000e-15 1.0000e-15 1.0000e-15 1.0000e-15 1.0000e-15 1.0000e-15 1.0000e-15 1.0000e-15 1.0000e-15
7.5000e-01 1.0000e-15 1.0000e-15 1.0000e-15 1.0000e-15 1.0000e-15 1.0000e-15 1.0000e-15 1.0000e-15 1.0000e-15 1.0000e-15
7.6000e-01 1.0000e-15 1.0000e-15 1.0000e-15 1.0000e-15 1.0000e-15 1.0000e-15 1.0000e-15 1.0000e-15 1.0000e-15 1.0000e-15
7.7000e-01 1.0000e-15 1.0000e-15 1.0000e-15 1.0000e-15 1.0000e-15 1.0000e-15 1.0000e-15 1.0000e-15 1.0000e-15 1.0000e-15
7.8000e-01 1.0000e-15 1.0000e-15 1.0000e-15 1.0000e-15 1.0000e-15 1.0000e-15 1.0000e-15 1.0000e-15 1.0000e-15 1.0000e-15
7.9000e-01 1.0000e-15 1.0000e-15 1.0000e-15 1.0000e-15 1.0000e-15 1.0000e-15 1.0000e-15 1.0000e-15 1.0000e-15 1.0000e-15
8.0000e-01 1.0000e-15 1.0000e-15 1.0000e-15 1.0000e-15 1.0000e-15 1.0000e-15 1.0000e-15 1.0000e-15 1.0000e-15 1.0000e-15
8.1000e-01 1.9665e+00 1.0000e-15 1.0000e-15 1.0000e-15 1.0000e-15 1.0000e-15 1.0000e-15 1.0000e-15 1.0000e-15 1.0000e-15
8.2000e-01 1.6682e+00 1.0000e-15 1.0000e-15 1.0000e-15 1.0000e-15 1.0000e-15 1.0000e-15 1.0000e-15 1.0000e-15 1.0000e-15
8.3000e-01 1.4796e+00 1.0000e-15 1.0000e-15 1.0000e-15 1.0000e-15 1.0000e-15 1.0000e-15 1.0000e-15 1.0000e-15 1.0000e-15
8.4000e-01 1.3348e+00 1.0000e-15 1.0000e-15 1.0000e-15 1.0000e-15 1.0000e-15 1.0000e-15 1.0000e-15 1.0000e-15 1.0000e-15
8.5000e-01 1.2114e+00 1.0000e-15 1.0000e-15 1.0000e-15 1.0000e-15 1.0000e-15 1.0000e-15 1.0000e-15 1.0000e-15 1.0000e-15
8.6000e-01 1.1015e+00 1.0000e-15 1.0000e-15 1.0000e-15 1.0000e-15 1.0000e-15 1.0000e-15 1.0000e-15 1.0000e-15 1.0000e-15
8.7000e-01 1.0022e+00 1.0000e-15 1.0000e-15 1.0000e-15 1.0000e-15 1.0000e-15 1.0000e-15 1.0000e-15 1.0000e-15 1.0000e-15
8.8000e-01 9.1212e-01 1.0000e-15 1.0000e-15 1.0000e-15 1.0000e-15 1.0000e-15 1.0000e-15 1.0000e-15 1.0000e-15 1.0000e-15
8.9000e-01 8.3015e-01 1.0000e-15 1.0000e-15 1.0000e-15 1.0000e-15 1.0000e-15 1.0000e-15 1.0000e-15 1.0000e-15 1.0000e-15
9.0000e-01 7.5557e-01 1.0000e-15 1.0000e-15 1.0000e-15 1.0000e-15 1.0000e-15 1.0000e-15 1.0000e-15 1.0000e-15 1.0000e-15
9.1000e-01 6.8769e-01 1.0000e-15 1.0000e-15 1.0000e-15 1.0000e-15 1.0000e-15 1.0000e-15 1.0000e-15 1.0000e-15 1.0000e-15
9.2000e-01 6.2591e-01 1.0000e-15 1.0000e-15 1.0000e-15 1.0000e-15 1.0000e-15 1.0000e-15 1.0000e-15 1.0000e-15 1.0000e-15
9.3000e-01 5.6968e-01 1.0000e-15 1.0000e-15 1.0000e-15 1.0000e-15 1.0000e-15 1.0000e-15 1.0000e-15 1.0000e-15 1.0000e-15
9.4000e-01 5.1850e-01 1.0000e-15 1.0000e-15 1.0000e-15 1.0000e-15 1.0000e-15 1.0000e-15 1.0000e-15 1.0000e-15 1.0000e-15
9.5000e-01 4.7192e-01 1.0000e-15 1.0000e-15 1.0000e-15 1.0000e-15 1.0000e-15 1.0000e-15 1.0000e-15 1.0000e-15 1.0000e-15
9.6000e-01 4.2952e-01 1.0000e-15 1.0000e-15 1.0000e-15 1.0000e-15 1.0000e-15 1.0000e-15 1.0000e-15 1.0000e-15 1.0000e-15
9.7000e-01 3.9094e-01 1.0000e-15 1.0000e-15 1.0000e-15 1.0000e-15 1.0000e-15 1.0000e-15 1.0000e-15 1.0000e-15 1.0000e-15
9.8000e-01 3.5581e-01 1.0000e-15 1.0000e-15 1.0000e-15 1.0000e-15 1.0000e-15 1.0000e-15 1.0000e-15 1.0000e-15 1.0000e-15
9.9000e-01 3.2385e-01 1.0000e-15 1.0000e-15 1.0000e-15 1.0000e-15 1.0000e-15 1.0000e-15 1.0000e-15 1.0000e-15 1.0000e-15
1.0000e+00 2.9476e-01 1.0000e-15 1.0000e-15 1.0000e-15 1.0000e-15 1.0000e-15 1.0000e-15 1.0000e-15 1.0000e-15 1.0000e-15
1.0100e+00 2.6828e-01 1.0000e-15 1.0000e-15 1.0000e-15 1.0000e-15 1.0000e-15 1.0000e-15 1.0000e-15 1.0000e-15 1.0000e-15
1.0200e+00 2.4417e-01 1.0000e-15 1.0000e-15 1.0000e-15 1.0000e-15 1.0000e-15 1.0000e-15 1.0000e-15 1.0000e-15 1.0000e-15
1.0300e+00 2.2224e-01 1.0000e-15 1.0000e-15 1.0000e-15 1.0000e-15 1.0000e-15 1.0000e-15 1.0000e-15 1.0000e-15 1.0000e-15
1.0400e+00 2.0227e-01 1.0000e-15 1.0000e-15 1.0000e-15 1.0000e-15 1.0000e-15 1.0000e-15 1.0000e-15 1.0000e-15 1.0000e-15
1.0500e+00 1.8410e-01 1.0000e-15 1.0000e-15 1.0000e-15 1.0000e-15 1.0000e-15 1.0000e-15 1.0000e-15 1.0000e-15 1.0000e-15
1.0600e+00 1.6756e-01 1.0000e-15 1.0000e-15 1.0000e-15 1.0000e-15 1.0000e-15 1.0000e-15 1.0000e-15 1.0000e-15 1.0000e-15
1.0700e+00 1.5251e-01 1.0000e-15 1.0000e-15 1.0000e-15 1.0000e-15 1.0000e-15 1.0000e-15 1.0000e-15 1.0000e-15 1.0000e-15
1.0800e+00 1.3881e-01 1.0000e-15 1.0000e-15 1.0000e-15 1.0000e-15 1.0000e-15 1.0000e-15 1.0000e-15 1.0000e-15 1.0000e-15
1.0900e+00 1.2634e-01 1.0000e-15 1.0000e-15 1.0000e-15 1.0000e-15 1.0000e-15 1.0000e-15 1.0000e-15 1.0000e-15 1.0000e-15
1.1000e+00 1.1499e-01 1.0000e-15 1.0000e-15 1.0000e-15 1.0000e-15 1.0000e-15 1.0000e-15 1.0000e-15 1.0000e-15 1.0000e-15
1.1100e+00 1.0466e-01 1.0000e-15 1.0000e-15 1.0000e-15 1.0000e-15 1.0000e-15 1.0000e-15 1.0000e-15 1.0000e-15 1.0000e-15
1.1200e+00 9.5256e-02 1.0000e-15 1.0000e-15 1.0000e-15 1.0000e-15 1.0000e-15 1.0000e-15 1.0000e-15 1.0000e-15 1.0000e-15
1.1300e+00 8.6699e-02 1.0000e-15 1.0000e-15 1.0000e-15 1.0000e-15 1.0000e-15 1.0000e-15 1.0000e-15 1.0000e-15 1.0000e-15
1.1400e+00 7.8910e-02 1.0000e-15 1.0000e-15 1.0000e-15 1.0000e-15 1.0000e-15 1.0000e-15 1.0000e-15 1.0000e-15 1.0000e-15
1.1500e+00 7.1821e-02 1.0000e-15 1.0000e-15 1.0000e-15 1.0000e-15 1.0000e-15 1.0000e-15 1.0000e-15 1.0000e-15 1.0000e-15
1.1600e+00 6.5369e-02 1.0000e-15 1.0000e-15 1.0000e-15 1.0000e-15 1.0000e-15 1.0000e-15 1.0000e-15 1.0000e-15 1.0000e-15
1.1700e+00 5.9496e-02 1.0000e-15 1.0000e-15 1.0000e-15 1.0000e-15 1.0000e-15 1.0000e-15 1.0000e-15 1.0000e-15 1.0000e-15
1.1800e+00 5.4151e-02 1.0000e-15 1.0000e-15 1.0000e-15 1.0000e-15 1.0000e-15 1.0000e-15 1.0000e-15 1.0000e-15 1.0000e-15
1.1900e+00 4.9286e-02 1.0000e-15 1.0000e-15 1.0000e-15 1.0000e-15 1.0000e-15 1.0000e-15 1.0000e-15 1.0000e-15 1.0000e-15
1.2000e+00 4.4859e-02 1.0000e-15 1.0000e-15 1.0000e-15 1.0000e-15 1.0000e-15 1.0000e-15 1.0000e-15 1.0000e-15 1.0000e-15
1.2100e+00 4.0829e-02 1.0000e-15 1.0000e-15 1.0000e-15 1.0000e-15 1.0000e-15 1.0000e-15 1.0000e-15 1.0000e-15 1.0000e-15
1.2200e+00 3.7161e-02 1.0000e-15 1.0000e-15 1.0000e-15 1.0000e-15 1.0000e-15 1.0000e-15 1.0000e-15 1.0000e-15 1.0000e-15
1.2300e+00 3.3822e-02 1.0000e-15 1.0000e-15 1.0000e-15 1.0000e-15 1.0000e-15 1.0000e-15 1.0000e-15 1.0000e-15 1.0000e-15
1.2400e+00 3.0784e-02 1.0000e-15 1.0000e-15 1.0000e-15 1.0000e-15 1.0000e-15 1.0000e-15 1.0000e-15 1.0000e-15 1.0000e-15
1.2500e+00 2.8018e-02 1.0000e-15 1.0000e-15 1.0000e-15 1.0000e-15 1.0000e-15 1.0000e-15 1.0000e-15 1.0000e-15 1.0000e-15
1.2600e+00 2.5501e-02 1.0000e-15 1.0000e-15 1.0000e-15 1.0000e-15 1.0000e-15 1.0000e-15 1.0000e-15 1.0000e-15 1.0000e-15
1.2700e+00 2.3210e-02 1.0000e-15 1.0000e-15 1.0000e-15 1.0000e-15 1.0000e-15 1.0000e-15 1.0000e-15 1.0000e-15 1.0000e-15
1.2800e+00 2.1125e-02 1.0000e-15 1.0000e-15 1.0000e-15 1.0000e-15 1.0000e-15 1.0000e-15 1.0000e-15 1.0000e-15 1.0000e-15
1.2900e+00 1.9227e-02 1.0000e-15 1.0000e-15 1.0000e-15 1.0000e-15 1.0000e-15 1.0000e-15 1.0000e-15 1.0000e-15 1.0000e-15
1.3000e+00 1.7500e-02 1.0000e-15 1.0000e-15 1.0000e-15 1.0000e-15 1.0000e-15 1.0000e-15 1.0000e-15 1.0000e-15 1.0000e-15
1.3100e+00 1.5928e-02 1.0000e-15 1.0000e-15 1.0000e-15 1.0000e-15 1.0000e-15 1.0000e-15 1.0000e-15 1.0000e-15 1.0000e-15
1.3200e+00 1.4497e-02 1.0000e-15 1.0000e-15 1.0000e-15 1.0000e-15 1.0000e-15 1.0000e-15 1.0000e-15 1.0000e-15 1.0000e-15
1.3300e+00 1.3195e-02 1.0000e-15 1.0000e-15 1.0000e-15 1.0000e-15 1.0000e-15 1.0000e-15 1.0000e-15 1.0000e-15 1.0000e-15
1.3400e+00 1.2009e-02 1.0000e-15 1.0000e-15 1.0000e-15 1.0000e-15 1.0000e-15 1.0000e-15 1.0000e-15 1.0000e-15 1.0000e-15
1.3500e+00 1.0930e-02 1.0000e-15 1.0000e-15 1.0000e-15 1.0000e-15 1.0000e-15 1.0000e-15 1.0000e-15 1.0000e-15 1.0000e-15
1.3600e+00 9.9484e-03 1.0000e-15 1.0000e-15 1.0000e-15 1.0000e-15 1.0000e-15 1.0000e-15 1.0000e-15 1.0000e-15 1.0000e-15
1.3700e+00 9.0547e-03 1.0000e-15 1.0000e-15 1.0000e-15 1.0000e-15 1.0000e-15 1.0000e-15 1.0000e-15 1.0000e-15 1.0000e-15
1.3800e+00 8.2412e-03 1.0000e-15 1.0000e-15 1.0000e-15 1.0000e-15 1.0000e-15 1.0000e-15 1.0000e-15 1.0000e-15 1.0000e-15
1.3900e+00 7.5009e-03 1.0000e-15 1.0000e-15 1.0000e-15 1.0000e-15 1.0000e-15 1.0000e-15 1.0000e-15 1.0000e-15 1.0000e-15
1.4000e+00 6.8270e-03 1.0000e-15 1.0000e-15 1.0000e-15 1.0000e-15 1.0000e-15 1.0000e-15 1.0000e-15 1.0000e-15 1.0000e-15
1.4100e+00 6.2137e-03 1.0000e-15 1.0000e-15 1.0000e-15 1.0000e-15 1.0000e-15 1.0000e-15 1.0000e-15 1.0000e-15 1.0000e-15
1.4200e+00 5.6555e-03 1.0000e-15 1.0000e-15 1.0000e-15 1.0000e-15 1.0000e-15 1.0000e-15 1.0000e-15 1.0000e-15 1.0000e-15
1.4300e+00 5.1474e-03 1.0000e-15 1.0000e-15 1.0000e-15 1.0000e-15 1.0000e-15 1.0000e-15 1.0000e-15 1.0000e-15 1.0000e-15
1.4400e+00 4.6850e-03 1.0000e-15 1.0000e-15 1.0000e-15 1.0000e-15 1.0000e-15 1.0000e-15 1.0000e-15 1.0000e-15 1.0000e-15
1.4500e+00 4.2641e-03 1.0000e-15 1.0000e-15 1.0000e-15 1.0000e-15 1.0000e-15 1.0000e-15 1.0000e-15 1.0000e-15 1.0000e-15
1.4600e+00 3.8810e-03 1.0000e-15 1.0000e-15 1.0000e-15 1.0000e-15 1.0000e-15 1.0000e-15 1.0000e-15 1.0000e-15 1.0000e-15
1.4700e+00 3.5324e-03 1.0000e-15 1.0000e-15 1.0000e-15 1.0000e-15 1.0000e-15 1.0000e-15 1.0000e-15 1.0000e-15 1.0000e-15
1.4800e+00 3.2150e-03 1.0000e-15 1.0000e-15 1.0000e-15 1.0000e-15 1.0000e-15 1.0000e-15 1.0000e-15 1.0000e-15 1.0000e-15
1.4900e+00 2.9262e-03 1.0000e-15 1.0000e-15 1.0000e-15 1.0000e-15 1.0000e-15 1.0000e-15 1.0000e-15 1.0000e-15 1.0000e-15
1.5000e+00 2.6633e-03 1.0000e-15 1.0000e-15 1.0000e-15 1.0000e-15 1.0000e-15 1.0000e-15 1.0000e-15 1.0000e-15 1.0000e-15
1.5100e+00 2.4241e-03 1.0000e-15 1.0000e-15 1.0000e-15 1.0000e-15 1.0000e-15 1.0000e-15 1.0000e-15 1.0000e-15 1.0000e-15
1.5200e+00 2.2063e-03 1.0000e-15 1.0000e-15 1.0000e-15 1.0000e-15 1.0000e-15 1.0000e-15 1.0000e-15 1.0000e-15 1.0000e-15
1.5300e+00 2.0081e-03 1.0000e-15 1.0000e-15 1.0000e-15 1.0000e-15 1.0000e-15 1.0000e-15 1.0000e-15 1.0000e-15 1.0000e-15
1.5400e+00 1.8277e-03 1.0000e-15 1.0000e-15 1.0000e-15 1.0000e-15 1.0000e-15 1.0000e-15 1.0000e-15 1.0000e-15 1.0000e-15
1.5500e+00 1.6635e-03 1.0000e-15 1.0000e-15 1.0000e-15 1.0000e-15 1.0000e-15 1.0000e-15 1.0000e-15 1.0000e-15 1.0000e-15
1.5600e+00 1.5140e-03 1.0000e-15 1.0000e-15 1.0000e-15 1.0000e-15 1.0000e-15 1.0000e-15 1.0000e-15 1.0000e-15 1.0000e-15
1.5700e+00 1.3780e-03 1.0000e-15 1.0000e-15 1.0000e-15 1.0000e-15 1.0000e-15 1.0000e-15 1.0000e-15 1.0000e-15 1.0000e-15
1.5800e+00 1.2542e-03 1.0000e-15 1.0000e-15 1.0000e-15 1.0000e-15 1.0000e-15 1.0000e-15 1.0000e-15 1.0000e-15 1.0000e-15
1.5900e+00 1.1416e-03 1.0000e-15 1.0000e-15 1.0000e-15 1.0000e-15 1.0000e-15 1.0000e-15 1.0000e-15 1.0000e-15 1.0000e-15
1.6000e+00 1.0390e-03 1.0000e-15 1.0000e-15 1.0000e-15 1.0000e-15 1.0000e-15 1.0000e-15 1.0000e-15 1.0000e-15 1.0000e-15
1.6100e+00 7.3324e-01 1.9743e-01 1.0000e-15 1.0000e-15 1.0000e-15 1.0000e-15 1.0000e-15 1.0000e-15 1.0000e-15 1.0000e-15
1.6200e+00 4.1388e-01 1.7952e-01 1.0000e-15 1.0000e-15 1.0000e-15 1.0000e-15 1.0000e-15 1.0000e-15 1.0000e-15 1.0000e-15
1.6300e+00 2.5588e-01 1.6336e-01 1.0000e-15 1.0000e-15 1.0000e-15 1.0000e-15 1.0000e-15 1.0000e-15 1.0000e-15 1.0000e-15
1.6400e+00 1.8167e-01 1.4868e-01 1.0000e-15 1.0000e-15 1.0000e-15 1.0000e-15 1.0000e-15 1.0000e-15 1.0000e-15 1.0000e-15
1.6500e+00 1.4655e-01 1.3532e-01 1.0000e-15 1.0000e-15 1.0000e-15 1.0000e-15 1.0000e-15 1.0000e-15 1.0000e-15 1.0000e-15
1.6600e+00 1.2724e-01 1.2317e-01 1.0000e-15 1.0000e-15 1.0000e-15 1.0000e-15 1.0000e-15 1.0000e-15 1.0000e-15 1.0000e-15
1.6700e+00 1.1395e-01 1.1210e-01 1.0000e-15 1.0000e-15 1.0000e-15 1.0000e-15 1.0000e-15 1.0000e-15 1.0000e-15 1.0000e-15
1.6800e+00 1.0318e-01 1.0203e-01 1.0000e-15 1.0000e-15 1.0000e-15 1.0000e-15 1.0000e-15 1.0000e-15 1.0000e-15 1.0000e-15
1.6900e+00 9.3775e-02 9.2867e-02 1.0000e-15 1.0000e-15 1.0000e-15 1.0000e-15 1.0000e-15 1.0000e-15 1.0000e-15 1.0000e-15
1.7000e+00 8.5321e-02 8.4524e-02 1.0000e-15 1.0000e-15 1.0000e-15 1.0000e-15 1.0000e-15 1.0000e-15 1.0000e-15 1.0000e-15
1.7100e+00 7.7655e-02 7.6931e-02 1.0000e-15 1.0000e-15 1.0000e-15 1.0000e-15 1.0000e-15 1.0000e-15 1.0000e-15 1.0000e-15
1.7200e+00 7.0682e-02 7.0020e-02 1.0000e-15 1.0000e-15 1.0000e-15 1.0000e-15 1.0000e-15 1.0000e-15 1.0000e-15 1.0000e-15
1.7300e+00 6.4335e-02 6.3729e-02 1.0000e-15 1.0000e-15 1.0000e-15 1.0000e-15 1.0000e-15 1.0000e-15 1.0000e-15 1.0000e-15
1.7400e+00 5.8557e-02 5.8004e-02 1.0000e-15 1.0000e-15 1.0000e-15 1.0000e-15 1.0000e-15 1.0000e-15 1.0000e-15 1.0000e-15
1.7500e+00 5.3298e-02 5.2793e-02 1.0000e-15 1.0000e-15 1.0000e-15 1.0000e-15 1.0000e-15 1.0000e-15 1.0000e-15 1.0000e-15
1.7600e+00 4.8510e-02 4.8050e-02 1.0000e-15 1.0000e-15 1.0000e-15 1.0000e-15 1.0000e-15 1.0000e-15 1.0000e-15 1.0000e-15
1.7700e+00 4.4153e-02 4.3734e-02 1.0000e-15 1.0000e-15 1.0000e-15 1.0000e-15 1.0000e-15 1.0000e-15 1.0000e-15 1.0000e-15
1.7800e+00 4.0186e-02 3.9805e-02 1.0000e-15 1.0000e-15 1.0000e-15 1.0000e-15 1.0000e-15 1.0000e-15 1.0000e-15 1.0000e-15
1.7900e+00 3.6576e-02 3.6229e-02 1.0000e-15 1.0000e-15 1.0000e-15 1.0000e-15 1.0000e-15 1.0000e-15 1.0000e-15 1.0000e-15
1.8000e+00 3.3290e-02 3.2974e-02 1.0000e-15 1.0000e-15 1.0000e-15 1.0000e-15 1.0000e-15 1.0000e-15 1.0000e-15 1.0000e-15
1.8100e+00 3.0300e-02 3.0012e-02 1.0000e-15 1.0000e-15 1.0000e-15 1.0000e-15 1.0000e-15 1.0000e-15 1.0000e-15 1.0000e-15
1.8200e+00 2.7578e-02 2.7316e-02 1.0000e-15 1.0000e-15 1.0000e-15 1.0000e-15 1.0000e-15 1.0000e-15 1.0000e-15 1.0000e-15
1.8300e+00 2.5100e-02 2.4862e-02 1.0000e-15 1.0000e-15 1.0000e-15 1.0000e-15 1.0000e-15 1.0000e-15 1.0000e-15 1.0000e-15
1.8400e+00 2.2845e-02 2.2628e-02 1.0000e-15 1.0000e-15 1.0000e-15 1.0000e-15 1.0000e-15 1.0000e-15 1.0000e-15 1.0000e-15
1.8500e+00 2.0793e-02 2.0595e-02 1.0000e-15 1.0000e-15 1.0000e-15 1.0000e-15 1.0000e-15 1.0000e-15 1.0000e-15 1.0000e-15
1.8600e+00 1.8925e-02 1.8745e-02 1.0000e-15 1.0000e-15 1.0000e-15 1.0000e-15 1.0000e-15 1.0000e-15 1.0000e-15 1.0000e-15
1.8700e+00 1.7225e-02 1.7061e-02 1.0000e-15 1.0000e-15 1.0000e-15 1.0000e-15 1.0000e-15 1.0000e-15 1.0000e-15 1.0000e-15
1.8800e+00 1.5677e-02 1.5528e-02 1.0000e-15 1.0000e-15 1.0000e-15 1.0000e-15 1.0000e-15 1.0000e-15 1.0000e-15 1.0000e-15
1.8900e+00 1.4269e-02 1.4133e-02 1.0000e-15 1.0000e-15 1.0000e-15 1.0000e-15 1.0000e-15 1.0000e-15 1.0000e-15 1.0000e-15
1.9000e+00 1.2987e-02 1.2864e-02 1.0000e-15 1.0000e-15 1.0000e-15 1.0000e-15 1.0000e-15 1.0000e-15 1.0000e-15 1.0000e-15
1.9100e+00 1.1820e-02 1.1708e-02 1.0000e-15 1.0000e-15 1.0000e-15 1.0000e-15 1.0000e-15 1.0000e-15 1.0000e-15 1.0000e-15
1.9200e+00 1.0758e-02 1.0656e-02 1.0000e-15 1.0000e-15 1.0000e-15 1.0000e-15 1.0000e-15 1.0000e-15 1.0000e-15 1.0000e-15
1.9300e+00 9.7919e-03 9.6989e-03 1.0000e-15 1.0000e-15 1.0000e-15 1.0000e-15 1.0000e-15 1.0000e-15 1.0000e-15 1.0000e-15
1.9400e+00 8.9123e-03 8.8276e-03 1.0000e-15 1.0000e-15 1.0000e-15 1.0000e-15 1.0000e-15 1.0000e-15 1.0000e-15 1.0000e-15
1.9500e+00 8.1116e-03 8.0346e-03 1.0000e-15 1.0000e-15 1.0000e-15 1.0000e-15 1.0000e-15 1.0000e-15 1.0000e-15 1.0000e-15
1.9600e+00 7.3829e-03 7.3128e-03 1.0000e-15 1.0000e-15 1.0000e-15 1.0000e-15 1.0000e-15 1.0000e-15 1.0000e-15 1.0000e-15
1.9700e+00 6.7196e-03 6.6558e-03 1.0000e-15 1.0000e-15 1.0000e-15 1.0000e-15 1.0000e-15 1.0000e-15 1.0000e-15 1.0000e-15
1.9800e+00 6.1160e-03 6.0579e-03 1.0000e-15 1.0000e-15 1.0000e-15 1.0000e-15 1.0000e-15 1.0000e-15 1.0000e-15 1.0000e-15
1.9900e+00 5.5665e-03 5.5136e-03 1.0000e-15 1.0000e-15 1.0000e-15 1.0000e-15 1.0000e-15 1.0000e-15 1.0000e-15 1.0000e-15
2.0000e+00 5.0664e-03 5.0183e-03 1.0000e-15 1.0000e-15 1.0000e-15 1.0000e-15 1.0000e-15 1.0000e-15 1.0000e-15 1.0000e-15
2.0100e+00 4.6113e-03 4.5675e-03 1.0000e-15 1.0000e-15 1.0000e-15 1.0000e-15 1.0000e-15 1.0000e-15 1.0000e-15 1.0000e-15
2.0200e+00 4.1970e-03 4.1572e-03 1.0000e-15 1.0000e-15 1.0000e-15 1.0000e-15 1.0000e-15 1.0000e-15 1.0000e-15 1.0000e-15
2.0300e+00 3.8200e-03 3.7837e-03 1.0000e-15 1.0000e-15 1.0000e-15 1.0000e-15 1.0000e-15 1.0000e-15 1.0000e-15 1.0000e-15
2.0400e+00 3.4768e-03 3.4438e-03 1.0000e-15 1.0000e-15 1.0000e-15 1.0000e-15 1.0000e-15 1.0000e-15 1.0000e-15 1.0000e-15
2.0500e+00 3.1645e-03 3.1344e-03 1.0000e-15 1.0000e-15 1.0000e-15 1.0000e-15 1.0000e-15 1.0000e-15 1.0000e-15 1.0000e-15
2.0600e+00 2.8802e-03 2.8528e-03 1.0000e-15 1.0000e-15 1.0000e-15 1.0000e-15 1.0000e-15 1.0000e-15 1.0000e-15 1.0000e-15
2.0700e+00 2.6214e-03 2.5965e-03 1.0000e-15 1.0000e-15 1.0000e-15 1.0000e-15 1.0000e-15 1.0000e-15 1.0000e-15 1.0000e-15
2.0800e+00 2.3859e-03 2.3633e-03 1.0000e-15 1.0000e-15 1.0000e-15 1.0000e-15 1.0000e-15 1.0000e-15 1.0000e-15 1.0000e-15
2.0900e+00 2.1716e-03 2.1510e-03 1.0000e-15 1.0000e-15 1.0000e-15 1.0000e-15 1.0000e-15 1.0000e-15 1.0000e-15 1.0000e-15
2.1000e+00 1.9765e-03 1.9577e-03 1.0000e-15 1.0000e-15 1.0000e-15 1.0000e-15 1.0000e-15 1.0000e-15 1.0000e-15 1.0000e-15
2.1100e+00 1.7989e-03 1.7818e-03 1.0000e-15 1.0000e-15 1.0000e-15 1.0000e-15 1.0000e-15 1.0000e-15 1.0000e-15 1.0000e-15
2.1200e+00 1.6373e-03 1.6218e-03 1.0000e-15 1.0000e-15 1.0000e-15 1.0000e-15 1.0000e-15 1.0000e-15 1.0000e-15 1.0000e-15
2.1300e+00 1.4902e-03 1.4761e-03 1.0000e-15 1.0000e-15 1.0000e-15 1.0000e-15 1.0000e-15 1.0000e-15 1.0000e-15 1.0000e-15
2.1400e+00 1.3564e-03 1.3435e-03 1.0000e-15 1.0000e-15 1.0000e-15 1.0000e-15 1.0000e-15 1.0000e-15 1.0000e-15 1.0000e-15
2.1500e+00 1.2345e-03 1.2228e-03 1.0000e-15 1.0000e-15 1.0000e-15 1.0000e-15 1.0000e-15 1.0000e-15 1.0000e-15 1.0000e-15
2.1600e+00 1.1236e-03 1.1129e-03 1.0000e-15 1.0000e-15 1.0000e-15 1.0000e-15 1.0000e-15 1.0000e-15 1.0000e-15 1.0000e-15
2.1700e+00 1.0227e-03 1.0129e-03 1.0000e-15 1.0000e-15 1.0000e-15 1.0000e-15 1.0000e-15 1.0000e-15 1.0000e-15 1.0000e-15
2.1800e+00 9.3079e-04 9.2194e-04 1.0000e-15 1.0000e-15 1.0000e-15 1.0000e-15 1.0000e-15 1.0000e-15 1.0000e-15 1.0000e-15
2.1900e+00 8.4717e-04 8.3912e-04 1.0000e-15 1.0000e-15 1.0000e-15 1.0000e-15 1.0000e-15 1.0000e-15 1.0000e-15 1.0000e-15
2.2000e+00 7.7106e-04 7.6373e-04 1.0000e-15 1.0000e-15 1.0000e-15 1.0000e-15 1.0000e-15 1.0000e-15 1.0000e-15 1.0000e-15
2.2100e+00 7.0179e-04 6.9512e-04 1.0000e-15 1.0000e-15 1.0000e-15 1.0000e-15 1.0000e-15 1.0000e-15 1.0000e-15 1.0000e-15
2.2200e+00 6.3874e-04 6.3268e-04 1.0000e-15 1.0000e-15 1.0000e-15 1.0000e-15 1.0000e-15 1.0000e-15 1.0000e-15 1.0000e-15
2.2300e+00 5.8136e-04 5.7584e-04 1.0000e-15 1.0000e-15 1.0000e-15 1.0000e-15 1.0000e-15 1.0000e-15 1.0000e-15 1.0000e-15
2.2400e+00 5.2913e-04 5.2411e-04 1.0000e-15 1.0000e-15 1.0000e-15 1.0000e-15 1.0000e-15 1.0000e-15 1.0000e-15 1.0000e-15
2.2500e+00 4.8160e-04 4.7702e-04 1.0000e-15 1.0000e-15 1.0000e-15 1.0000e-15 1.0000e-15 1.0000e-15 1.0000e-15 1.0000e-15
2.2600e+00 4.3833e-04 4.3417e-04 1.0000e-15 1.0000e-15 1.0000e-15 1.0000e-15 1.0000e-15 1.0000e-15 1.0000e-15 1.0000e-15
2.2700e+00 3.9895e-04 3.9516e-04 1.0000e-15 1.0000e-15 1.0000e-15 1.0000e-15 1.0000e-15 1.0000e-15 1.0000e-15 1.0000e-15
2.2800e+00 3.6311e-04 3.5966e-04 1.0000e-15 1.0000e-15 1.0000e-15 1.0000e-15 1.0000e-15 1.0000e-15 1.0000e-15 1.0000e-15
2.2900e+00 3.3049e-04 3.2735e-04 1.0000e-15 1.0000e-15 1.0000e-15 1.0000e-15 1.0000e-15 1.0000e-15 1.0000e-15 1.0000e-15
2.3000e+00 3.0080e-04 2.9794e-04 1.0000e-15 1.0000e-15 1.0000e-15 1.0000e-15 1.0000e-15 1.0000e-15 1.0000e-15 1.0000e-15
2.3100e+00 2.7378e-04 2.7118e-04 1.0000e-15 1.0000e-15 1.0000e-15 1.0000e-15 1.0000e-15 1.0000e-15 1.0000e-15 1.0000e-15
2.3200e+00 2.4918e-04 2.4682e-04 1.0000e-15 1.0000e-15 1.0000e-15 1.0000e-15 1.0000e-15 1.0000e-15 1.0000e-15 1.0000e-15
2.3300e+00 2.2680e-04 2.2464e-04 1.0000e-15 1.0000e-15 1.0000e-15 1.0000e-15 1.0000e-15 1.0000e-15 1.0000e-15 1.0000e-15
2.3400e+00 2.0642e-04 2.0446e-04 1.0000e-15 1.0000e-15 1.0000e-15 1.0000e-15 1.0000e-15 1.0000e-15 1.0000e-15 1.0000e-15
2.3500e+00 1.8788e-04 1.8609e-04 1.0000e-15 1.0000e-15 1.0000e-15 1.0000e-15 1.0000e-15 1.0000e-15 1.0000e-15 1.0000e-15
2.3600e+00 1.7100e-04 1.6938e-04 1.0000e-15 1.0000e-15 1.0000e-15 1.0000e-15 1.0000e-15 1.0000e-15 1.0000e-15 1.0000e-15
2.3700e+00 1.5564e-04 1.5416e-04 1.0000e-15 1.0000e-15 1.0000e-15 1.0000e-15 1.0000e-15 1.0000e-15 1.0000e-15 1.0000e-15
2.3800e+00 1.4166e-04 1.4031e-04 1.0000e-15 1.0000e-15 1.0000e-15 1.0000e-15 1.0000e-15 1.0000e-15 1.0000e-15 1.0000e-15
2.3900e+00 1.2893e-04 1.2771e-04 1.0000e-15 1.0000e-15 1.0000e-15 1.0000e-15 1.0000e-15 1.0000e-15 1.0000e-15 1.0000e-15
2.4000e+00 1.1735e-04 1.1623e-04 1.0000e-15 1.0000e-15 1.0000e-15 1.0000e-15 1.0000e-15 1.0000e-15 1.0000e-15 1.0000e-15
2.4100e+00 7.0708e-01 4.5362e-02 2.2059e-02 1.0000e-15 1.0000e-15 1.0000e-15 1.0000e-15 1.0000e-15 1.0000e-15 1.0000e-15
2.4200e+00 3.7453e-01 4.0690e-02 2.0078e-02 1.0000e-15 1.0000e-15 1.0000e-15 1.0000e-15 1.0000e-15 1.0000e-15 1.0000e-15
2.4300e+00 1.9870e-01 3.6865e-02 1.8274e-02 1.0000e-15 1.0000e-15 1.0000e-15 1.0000e-15 1.0000e-15 1.0000e-15 1.0000e-15
2.4400e+00 1.0595e-01 3.3510e-02 1.6633e-02 1.0000e-15 1.0000e-15 1.0000e-15 1.0000e-15 1.0000e-15 1.0000e-15 1.0000e-15
2.4500e+00 5.7340e-02 3.0491e-02 1.5139e-02 1.0000e-15 1.0000e-15 1.0000e-15 1.0000e-15 1.0000e-15 1.0000e-15 1.0000e-15
2.4600e+00 3.2311e-02 2.7751e-02 1.3779e-02 1.0000e-15 1.0000e-15 1.0000e-15 1.0000e-15 1.0000e-15 1.0000e-15 1.0000e-15
2.4700e+00 1.9911e-02 2.5259e-02 1.2541e-02 1.0000e-15 1.0000e-15 1.0000e-15 1.0000e-15 1.0000e-15 1.0000e-15 1.0000e-15
2.4800e+00 1.4081e-02 2.2991e-02 1.1414e-02 1.0000e-15 1.0000e-15 1.0000e-15 1.0000e-15 1.0000e-15 1.0000e-15 1.0000e-15
2.4900e+00 1.1327e-02 2.0926e-02 1.0389e-02 1.0000e-15 1.0000e-15 1.0000e-15 1.0000e-15 1.0000e-15 1.0000e-15 1.0000e-15
2.5000e+00 9.8224e-03 1.9047e-02 9.4557e-03 1.0000e-15 1.0000e-15 1.0000e-15 1.0000e-15 1.0000e-15 1.0000e-15 1.0000e-15
2.5100e+00 8.7921e-03 1.7336e-02 8.6062e-03 1.0000e-15 1.0000e-15 1.0000e-15 1.0000e-15 1.0000e-15 1.0000e-15 1.0000e-15
2.5200e+00 7.9599e-03 1.5779e-02 7.8330e-03 1.0000e-15 1.0000e-15 1.0000e-15 1.0000e-15 1.0000e-15 1.0000e-15 1.0000e-15
2.5300e+00 7.2338e-03 1.4361e-02 7.1294e-03 1.0000e-15 1.0000e-15 1.0000e-15 1.0000e-15 1.0000e-15 1.0000e-15 1.0000e-15
2.5400e+00 6.5816e-03 1.3071e-02 6.4889e-03 1.0000e-15 1.0000e-15 1.0000e-15 1.0000e-15 1.0000e-15 1.0000e-15 1.0000e-15
2.5500e+00 5.9902e-03 1.1897e-02 5.9059e-03 1.0000e-15 1.0000e-15 1.0000e-15 1.0000e-15 1.0000e-15 1.0000e-15 1.0000e-15
2.5600e+00 5.4523e-03 1.0828e-02 5.3754e-03 1.0000e-15 1.0000e-15 1.0000e-15 1.0000e-15 1.0000e-15 1.0000e-15 1.0000e-15
2.5700e+00 4.9627e-03 9.8553e-03 4.8925e-03 1.0000e-15 1.0000e-15 1.0000e-15 1.0000e-15 1.0000e-15 1.0000e-15 1.0000e-15
2.5800e+00 4.5170e-03 8.9699e-03 4.4529e-03 1.0000e-15 1.0000e-15 1.0000e-15 1.0000e-15 1.0000e-15 1.0000e-15 1.0000e-15
2.5900e+00 4.1113e-03 8.1641e-03 4.0529e-03 1.0000e-15 1.0000e-15 1.0000e-15 1.0000e-15 1.0000e-15 1.0000e-15 1.0000e-15
2.6000e+00 3.7420e-03 7.4307e-03 3.6888e-03 1.0000e-15 1.0000e-15 1.0000e-15 1.0000e-15 1.0000e-15 1.0000e-15 1.0000e-15
2.6100e+00 3.4059e-03 6.7631e-03 3.3574e-03 1.0000e-15 1.0000e-15 1.0000e-15 1.0000e-15 1.0000e-15 1.0000e-15 1.0000e-15
2.6200e+00 3.0999e-03 6.1555e-03 3.0558e-03 1.0000e-15 1.0000e-15 1.0000e-15 1.0000e-15 1.0000e-15 1.0000e-15 1.0000e-15
2.6300e+00 2.8215e-03 5.6025e-03 2.7813e-03 1.0000e-15 1.0000e-15 1.0000e-15 1.0000e-15 1.0000e-15 1.0000e-15 1.0000e-15
2.6400e+00 2.5680e-03 5.0992e-03 2.5314e-03 1.0000e-15 1.0000e-15 1.0000e-15 1.0000e-15 1.0000e-15 1.0000e-15 1.0000e-15
2.6500e+00 2.3373e-03 4.6411e-03 2.3040e-03 1.0000e-15 1.0000e-15 1.0000e-15 1.0000e-15 1.0000e-15 1.0000e-15 1.0000e-15
2.6600e+00 2.1273e-03 4.2242e-03 2.0970e-03 1.0000e-15 1.0000e-15 1.0000e-15 1.0000e-15 1.0000e-15 1.0000e-15 1.0000e-15
2.6700e+00 1.9362e-03 3.8447e-03 1.9086e-03 1.0000e-15 1.0000e-15 1.0000e-15 1.0000e-15 1.0000e-15 1.0000e-15 1.0000e-15
2.6800e+00 1.7623e-03 3.4993e-03 1.7372e-03 1.0000e-15 1.0000e-15 1.0000e-15 1.0000e-15 1.0000e-15 1.0000e-15 1.0000e-15
2.6900e+00 1.6039e-03 3.1849e-03 1.5811e-03 1.0000e-15 1.0000e-15 1.0000e-15 1.0000e-15 1.0000e-15 1.0000e-15 1.0000e-15
2.7000e+00 1.4599e-03 2.8988e-03 1.4391e-03 1.0000e-15 1.0000e-15 1.0000e-15 1.0000e-15 1.0000e-15 1.0000e-15 1.0000e-15
2.7100e+00 1.3287e-03 2.6384e-03 1.3098e-03 1.0000e-15 1.0000e-15 1.0000e-15 1.0000e-15 1.0000e-15 1.0000e-15 1.0000e-15
2.7200e+00 1.2093e-03 2.4014e-03 1.1921e-03 1.0000e-15 1.0000e-15 1.0000e-15 1.0000e-15 1.0000e-15 1.0000e-15 1.0000e-15
2.7300e+00 1.1007e-03 2.1856e-03 1.0850e-03 1.0000e-15 1.0000e-15 1.0000e-15 1.0000e-15 1.0000e-15 1.0000e-15 1.0000e-15
2.7400e+00 1.0018e-03 1.9893e-03 9.8754e-04 1.0000e-15 1.0000e-15 1.0000e-15 1.0000e-15 1.0000e-15 1.0000e-15 1.0000e-15
2.7500e+00 9.1181e-04 1.8106e-03 8.9882e-04 1.0000e-15 1.0000e-15 1.0000e-15 1.0000e-15 1.0000e-15 1.0000e-15 1.0000e-15
2.7600e+00 8.2990e-04 1.6479e-03 8.1807e-04 1.0000e-15 1.0000e-15 1.0000e-15 1.0000e-15 1.0000e-15 1.0000e-15 1.0000e-15
2.7700e+00 7.5534e-04 1.4999e-03 7.4458e-04 1.0000e-15 1.0000e-15 1.0000e-15 1.0000e-15 1.0000e-15 1.0000e-15 1.0000e-15
2.7800e+00 6.8749e-04 1.3651e-03 6.7769e-04 1.0000e-15 1.0000e-15 1.0000e-15 1.0000e-15 1.0000e-15 1.0000e-15 1.0000e-15
2.7900e+00 6.2572e-04 1.2425e-03 6.1681e-04 1.0000e-15 1.0000e-15 1.0000e-15 1.0000e-15 1.0000e-15 1.0000e-15 1.0000e-15
2.8000e+00 5.6951e-04 1.1309e-03 5.6140e-04 1.0000e-15 1.0000e-15 1.0000e-15 1.0000e-15 1.0000e-15 1.0000e-15 1.0000e-15
2.8100e+00 5.1835e-04 1.0293e-03 5.1096e-04 1.0000e-15 1.0000e-15 1.0000e-15 1.0000e-15 1.0000e-15 1.0000e-15 1.0000e-15
2.8200e+00 4.7178e-04 9.3681e-04 4.6506e-04 1.0000e-15 1.0000e-15 1.0000e-15 1.0000e-15 1.0000e-15 1.0000e-15 1.0000e-15
2.8300e+00 4.2940e-04 8.5265e-04 4.2328e-04 1.0000e-15 1.0000e-15 1.0000e-15 1.0000e-15 1.0000e-15 1.0000e-15 1.0000e-15
2.8400e+00 3.9082e-04 7.7605e-04 3.8525e-04 1.0000e-15 1.0000e-15 1.0000e-15 1.0000e-15 1.0000e-15 1.0000e-15 1.0000e-15
2.8500e+00 3.5571e-04 7.0633e-04 3.5064e-04 1.0000e-15 1.0000e-15 1.0000e-15 1.0000e-15 1.0000e-15 1.0000e-15 1.0000e-15
2.8600e+00 3.2376e-04 6.4288e-04 3.1914e-04 1.0000e-15 1.0000e-15 1.0000e-15 1.0000e-15 1.0000e-15 1.0000e-15 1.0000e-15
2.8700e+00 2.9467e-04 5.8512e-04 2.9047e-04 1.0000e-15 1.0000e-15 1.0000e-15 1.0000e-15 1.0000e-15 1.0000e-15 1.0000e-15
2.8800e+00 2.6820e-04 5.3256e-04 2.6438e-04 1.0000e-15 1.0000e-15 1.0000e-15 1.0000e-15 1.0000e-15 1.0000e-15 1.0000e-15
2.8900e+00 2.4410e-04 4.8471e-04 2.4063e-04 1.0000e-15 1.0000e-15 1.0000e-15 1.0000e-15 1.0000e-15 1.0000e-15 1.0000e-15
2.9000e+00 2.2217e-04 4.4117e-04 2.1901e-04 1.0000e-15 1.0000e-15 1.0000e-15 1.0000e-15 1.0000e-15 1.0000e-15 1.0000e-15
2.9100e+00 2.0222e-04 4.0154e-04 1.9933e-04 1.0000e-15 1.0000e-15 1.0000e-15 1.0000e-15 1.0000e-15 1.0000e-15 1.0000e-15
2.9200e+00 1.8405e-04 3.6546e-04 1.8143e-04 1.0000e-15 1.0000e-15 1.0000e-15 1.0000e-15 1.0000e-15 1.0000e-15 1.0000e-15
2.9300e+00 1.6751e-04 3.3263e-04 1.6513e-04 1.0000e-15 1.0000e-15 1.0000e-15 1.0000e-15 1.0000e-15 1.0000e-15 1.0000e-15
2.9400e+00 1.5247e-04 3.0275e-04 1.5029e-04 1.0000e-15 1.0000e-15 1.0000e-15 1.0000e-15 1.0000e-15 1.0000e-15 1.0000e-15
2.9500e+00 1.3877e-04 2.7555e-04 1.3679e-04 1.0000e-15 1.0000e-15 1.0000e-15 1.0000e-15 1.0000e-15 1.0000e-15 1.0000e-15
2.9600e+00 1.2630e-04 2.5080e-04 1.2450e-04 1.0000e-15 1.0000e-15 1.0000e-15 1.0000e-15 1.0000e-15 1.0000e-15 1.0000e-15
2.9700e+00 1.1496e-04 2.2826e-04 1.1332e-04 1.0000e-15 1.0000e-15 1.0000e-15 1.0000e-15 1.0000e-15 1.0000e-15 1.0000e-15
2.9800e+00 1.0463e-04 2.0776e-04 1.0314e-04 1.0000e-15 1.0000e-15 1.0000e-15 1.0000e-15 1.0000e-15 1.0000e-15 1.0000e-15
2.9900e+00 9.5229e-05 1.8909e-04 9.3872e-05 1.0000e-15 1.0000e-15 1.0000e-15 1.0000e-15 1.0000e-15 1.0000e-15 1.0000e-15
3.0000e+00 8.6674e-05 1.7211e-04 8.5439e-05 1.0000e-15 1.0000e-15 1.0000e-15 1.0000e-15 1.0000e-15 1.0000e-15 1.0000e-15
3.0100e+00 7.8887e-05 1.5664e-04 7.7763e-05 1.0000e-15 1.0000e-15 1.0000e-15 1.0000e-15 1.0000e-15 1.0000e-15 1.0000e-15
3.0200e+00 7.1800e-05 1.4257e-04 7.0777e-05 1.0000e-15 1.0000e-15 1.0000e-15 1.0000e-15 1.0000e-15 1.0000e-15 1.0000e-15
3.0300e+00 6.5350e-05 1.2976e-04 6.4419e-05 1.0000e-15 1.0000e-15 1.0000e-15 1.0000e-15 1.0000e-15 1.0000e-15 1.0000e-15
3.0400e+00 5.9479e-05 1.1811e-04 5.8631e-05 1.0000e-15 1.0000e-15 1.0000e-15 1.0000e-15 1.0000e-15 1.0000e-15 1.0000e-15
3.0500e+00 5.4136e-05 1.0750e-04 5.3364e-05 1.0000e-15 1.0000e-15 1.0000e-15 1.0000e-15 1.0000e-15 1.0000e-15 1.0000e-15
3.0600e+00 4.9272e-05 9.7839e-05 4.8570e-05 1.0000e-15 1.0000e-15 1.0000e-15 1.0000e-15 1.0000e-15 1.0000e-15 1.0000e-15
3.0700e+00 4.4846e-05 8.9049e-05 4.4207e-05 1.0000e-15 1.0000e-15 1.0000e-15 1.0000e-15 1.0000e-15 1.0000e-15 1.0000e-15
3.0800e+00 4.0817e-05 8.1050e-05 4.0235e-05 1.0000e-15 1.0000e-15 1.0000e-15 1.0000e-15 1.0000e-15 1.0000e-15 1.0000e-15
3.0900e+00 3.7150e-05 7.3768e-05 3.6621e-05 1.0000e-15 1.0000e-15 1.0000e-15 1.0000e-15 1.0000e-15 1.0000e-15 1.0000e-15
3.1000e+00 3.3813e-05 6.7141e-05 3.3331e-05 1.0000e-15 1.0000e-15 1.0000e-15 1.0000e-15 1.0000e-15 1.0000e-15 1.0000e-15
3.1100e+00 3.0775e-05 6.1109e-05 3.0336e-05 1.0000e-15 1.0000e-15 1.0000e-15 1.0000e-15 1.0000e-15 1.0000e-15 1.0000e-15
3.1200e+00 2.8010e-05 5.5620e-05 2.7611e-05 1.0000e-15 1.0000e-15 1.0000e-15 1.0000e-15 1.0000e-15 1.0000e-15 1.0000e-15
3.1300e+00 2.5494e-05 5.0623e-05 2.5131e-05 1.0000e-15 1.0000e-15 1.0000e-15 1.0000e-15 1.0000e-15 1.0000e-15 1.0000e-15
3.1400e+00 2.3204e-05 4.6075e-05 2.2873e-05 1.0000e-15 1.0000e-15 1.0000e-15 1.0000e-15 1.0000e-15 1.0000e-15 1.0000e-15
3.1500e+00 2.1119e-05 4.1936e-05 2.0818e-05 1.0000e-15 1.0000e-15 1.0000e-15 1.0000e-15 1.0000e-15 1.0000e-15 1.0000e-15
3.1600e+00 1.9222e-05 3.8168e-05 1.8948e-05 1.0000e-15 1.0000e-15 1.0000e-15 1.0000e-15 1.0000e-15 1.0000e-15 1.0000e-15
3.1700e+00 1.7495e-05 3.4739e-05 1.7246e-05 1.0000e-15 1.0000e-15 1.0000e-15 1.0000e-15 1.0000e-15 1.0000e-15 1.0000e-15
3.1800e+00 1.5923e-05 3.1619e-05 1.5696e-05 1.0000e-15 1.0000e-15 1.0000e-15 1.0000e-15 1.0000e-15 1.0000e-15 1.0000e-15
3.1900e+00 1.4493e-05 2.8778e-05 1.4286e-05 1.0000e-15 1.0000e-15 1.0000e-15 1.0000e-15 1.0000e-15 1.0000e-15 1.0000e-15
3.2000e+00 1.3191e-05 2.6193e-05 1.3003e-05 1.0000e-15 1.0000e-15 1.0000e-15 1.0000e-15 1.0000e-15 1.0000e-15 1.0000e-15
3.2100e+00 7.0708e-01 1.2337e-02 7.4497e-03 2.4679e-03 1.0000e-15 1.0000e-15 1.0000e-15 1.0000e-15 1.0000e-15 1.0000e-15
3.2200e+00 3.7432e-01 8.5377e-03 6.7807e-03 2.2462e-03 1.0000e-15 1.0000e-15 1.0000e-15 1.0000e-15 1.0000e-15 1.0000e-15
3.2300e+00 1.9815e-01 6.7586e-03 6.1718e-03 2.0444e-03 1.0000e-15 1.0000e-15 1.0000e-15 1.0000e-15 1.0000e-15 1.0000e-15
3.2400e+00 1.0490e-01 5.8152e-03 5.6176e-03 1.8607e-03 1.0000e-15 1.0000e-15 1.0000e-15 1.0000e-15 1.0000e-15 1.0000e-15
3.2500e+00 5.5538e-02 5.1898e-03 5.1130e-03 1.6936e-03 1.0000e-15 1.0000e-15 1.0000e-15 1.0000e-15 1.0000e-15 1.0000e-15
3.2600e+00 2.9417e-02 4.6938e-03 4.6538e-03 1.5414e-03 1.0000e-15 1.0000e-15 1.0000e-15 1.0000e-15 1.0000e-15 1.0000e-15
3.2700e+00 1.5605e-02 4.2642e-03 4.2357e-03 1.4030e-03 1.0000e-15 1.0000e-15 1.0000e-15 1.0000e-15 1.0000e-15 1.0000e-15
3.2800e+00 8.3183e-03 3.8794e-03 3.8552e-03 1.2769e-03 1.0000e-15 1.0000e-15 1.0000e-15 1.0000e-15 1.0000e-15 1.0000e-15
3.2900e+00 4.4985e-03 3.5307e-03 3.5089e-03 1.1622e-03 1.0000e-15 1.0000e-15 1.0000e-15 1.0000e-15 1.0000e-15 1.0000e-15
3.3000e+00 2.5298e-03 3.2137e-03 3.1937e-03 1.0578e-03 1.0000e-15 1.0000e-15 1.0000e-15 1.0000e-15 1.0000e-15 1.0000e-15
3.3100e+00 1.5528e-03 2.9251e-03 2.9068e-03 9.6277e-04 1.0000e-15 1.0000e-15 1.0000e-15 1.0000e-15 1.0000e-15 1.0000e-15
3.3200e+00 1.0928e-03 2.6624e-03 2.6456e-03 8.7628e-04 1.0000e-15 1.0000e-15 1.0000e-15 1.0000e-15 1.0000e-15 1.0000e-15
3.3300e+00 8.7604e-04 2.4233e-03 2.4080e-03 7.9756e-04 1.0000e-15 1.0000e-15 1.0000e-15 1.0000e-15 1.0000e-15 1.0000e-15
3.3400e+00 7.5839e-04 2.2056e-03 2.1916e-03 7.2591e-04 1.0000e-15 1.0000e-15 1.0000e-15 1.0000e-15 1.0000e-15 1.0000e-15
3.3500e+00 6.7841e-04 2.0075e-03 1.9948e-03 6.6069e-04 1.0000e-15 1.0000e-15 1.0000e-15 1.0000e-15 1.0000e-15 1.0000e-15
3.3600e+00 6.1407e-04 1.8272e-03 1.8156e-03 6.0134e-04 1.0000e-15 1.0000e-15 1.0000e-15 1.0000e-15 1.0000e-15 1.0000e-15
3.3700e+00 5.5801e-04 1.6630e-03 1.6524e-03 5.4732e-04 1.0000e-15 1.0000e-15 1.0000e-15 1.0000e-15 1.0000e-15 1.0000e-15
3.3800e+00 5.0769e-04 1.5136e-03 1.5040e-03 4.9815e-04 1.0000e-15 1.0000e-15 1.0000e-15 1.0000e-15 1.0000e-15 1.0000e-15
3.3900e+00 4.6207e-04 1.3776e-03 1.3689e-03 4.5339e-04 1.0000e-15 1.0000e-15 1.0000e-15 1.0000e-15 1.0000e-15 1.0000e-15
3.4000e+00 4.2058e-04 1.2539e-03 1.2459e-03 4.1266e-04 1.0000e-15 1.0000e-15 1.0000e-15 1.0000e-15 1.0000e-15 1.0000e-15
3.4100e+00 3.8281e-04 1.1412e-03 1.1340e-03 3.7559e-04 1.0000e-15 1.0000e-15 1.0000e-15 1.0000e-15 1.0000e-15 1.0000e-15
3.4200e+00 3.4843e-04 1.0387e-03 1.0321e-03 3.4185e-04 1.0000e-15 1.0000e-15 1.0000e-15 1.0000e-15 1.0000e-15 1.0000e-15
3.4300e+00 3.1714e-04 9.4539e-04 9.3938e-04 3.1114e-04 1.0000e-15 1.0000e-15 1.0000e-15 1.0000e-15 1.0000e-15 1.0000e-15
3.4400e+00 2.8865e-04 8.6046e-04 8.5499e-04 2.8319e-04 1.0000e-15 1.0000e-15 1.0000e-15 1.0000e-15 1.0000e-15 1.0000e-15
3.4500e+00 2.6272e-04 7.8316e-04 7.7818e-04 2.5775e-04 1.0000e-15 1.0000e-15 1.0000e-15 1.0000e-15 1.0000e-15 1.0000e-15
3.4600e+00 2.3912e-04 7.1281e-04 7.0827e-04 2.3459e-04 1.0000e-15 1.0000e-15 1.0000e-15 1.0000e-15 1.0000e-15 1.0000e-15
3.4700e+00 2.1764e-04 6.4877e-04 6.4464e-04 2.1352e-04 1.0000e-15 1.0000e-15 1.0000e-15 1.0000e-15 1.0000e-15 1.0000e-15
3.4800e+00 1.9809e-04 5.9049e-04 5.8673e-04 1.9433e-04 1.0000e-15 1.0000e-15 1.0000e-15 1.0000e-15 1.0000e-15 1.0000e-15
3.4900e+00 1.8029e-04 5.3744e-04 5.3402e-04 1.7688e-04 1.0000e-15 1.0000e-15 1.0000e-15 1.0000e-15 1.0000e-15 1.0000e-15
3.5000e+00 1.6410e-04 4.8916e-04 4.8605e-04 1.6099e-04 1.0000e-15 1.0000e-15 1.0000e-15 1.0000e-15 1.0000e-15 1.0000e-15
3.5100e+00 1.4935e-04 4.4521e-04 4.4238e-04 1.4652e-04 1.0000e-15 1.0000e-15 1.0000e-15 1.0000e-15 1.0000e-15 1.0000e-15
3.5200e+00 1.3594e-04 4.0522e-04 4.0264e-04 1.3336e-04 1.0000e-15 1.0000e-15 1.0000e-15 1.0000e-15 1.0000e-15 1.0000e-15
3.5300e+00 1.2372e-04 3.6881e-04 3.6647e-04 1.2138e-04 1.0000e-15 1.0000e-15 1.0000e-15 1.0000e-15 1.0000e-15 1.0000e-15
3.5400e+00 1.1261e-04 3.3568e-04 3.3354e-04 1.1048e-04 1.0000e-15 1.0000e-15 1.0000e-15 1.0000e-15 1.0000e-15 1.0000e-15
3.5500e+00 1.0249e-04 3.0552e-04 3.0358e-04 1.0055e-04 1.0000e-15 1.0000e-15 1.0000e-15 1.0000e-15 1.0000e-15 1.0000e-15
3.5600e+00 9.3286e-05 2.7808e-04 2.7631e-04 9.1517e-05 1.0000e-15 1.0000e-15 1.0000e-15 1.0000e-15 1.0000e-15 1.0000e-15
3.5700e+00 8.4905e-05 2.5309e-04 2.5149e-04 8.3296e-05 1.0000e-15 1.0000e-15 1.0000e-15 1.0000e-15 1.0000e-15 1.0000e-15
3.5800e+00 7.7277e-05 2.3036e-04 2.2889e-04 7.5813e-05 1.0000e-15 1.0000e-15 1.0000e-15 1.0000e-15 1.0000e-15 1.0000e-15
3.5900e+00 7.0335e-05 2.0966e-04 2.0833e-04 6.9002e-05 1.0000e-15 1.0000e-15 1.0000e-15 1.0000e-15 1.0000e-15 1.0000e-15
3.6000e+00 6.4016e-05 1.9083e-04 1.8961e-04 6.2803e-05 1.0000e-15 1.0000e-15 1.0000e-15 1.0000e-15 1.0000e-15 1.0000e-15
3.6100e+00 5.8265e-05 1.7368e-04 1.7258e-04 5.7161e-05 1.0000e-15 1.0000e-15 1.0000e-15 1.0000e-15 1.0000e-15 1.0000e-15
3.6200e+00 5.3031e-05 1.5808e-04 1.5708e-04 5.2026e-05 1.0000e-15 1.0000e-15 1.0000e-15 1.0000e-15 1.0000e-15 1.0000e-15
3.6300e+00 4.8267e-05 1.4388e-04 1.4296e-04 4.7352e-05 1.0000e-15 1.0000e-15 1.0000e-15 1.0000e-15 1.0000e-15 1.0000e-15
3.6400e+00 4.3931e-05 1.3095e-04 1.3012e-04 4.3098e-05 1.0000e-15 1.0000e-15 1.0000e-15 1.0000e-15 1.0000e-15 1.0000e-15
3.6500e+00 3.9984e-05 1.1919e-04 1.1843e-04 3.9226e-05 1.0000e-15 1.0000e-15 1.0000e-15 1.0000e-15 1.0000e-15 1.0000e-15
3.6600e+00 3.6392e-05 1.0848e-04 1.0779e-04 3.5702e-05 1.0000e-15 1.0000e-15 1.0000e-15 1.0000e-15 1.0000e-15 1.0000e-15
3.6700e+00 3.3123e-05 9.8736e-05 9.8108e-05 3.2495e-05 1.0000e-15 1.0000e-15 1.0000e-15 1.0000e-15 1.0000e-15 1.0000e-15
3.6800e+00 3.0147e-05 8.9866e-05 8.9294e-05 2.9576e-05 1.0000e-15 1.0000e-15 1.0000e-15 1.0000e-15 1.0000e-15 1.0000e-15
3.6900e+00 2.7439e-05 8.1792e-05 8.1272e-05 2.6919e-05 1.0000e-15 1.0000e-15 1.0000e-15 1.0000e-15 1.0000e-15 1.0000e-15
3.7000e+00 2.4974e-05 7.4444e-05 7.3971e-05 2.4500e-05 1.0000e-15 1.0000e-15 1.0000e-15 1.0000e-15 1.0000e-15 1.0000e-15
3.7100e+00 2.2730e-05 6.7757e-05 6.7326e-05 2.2299e-05 1.0000e-15 1.0000e-15 1.0000e-15 1.0000e-15 1.0000e-15 1.0000e-15
3.7200e+00 2.0688e-05 6.1670e-05 6.1277e-05 2.0296e-05 1.0000e-15 1.0000e-15 1.0000e-15 1.0000e-15 1.0000e-15 1.0000e-15
3.7300e+00 1.8830e-05 5.6129e-05 5.5772e-05 1.8473e-05 1.0000e-15 1.0000e-15 1.0000e-15 1.0000e-15 1.0000e-15 1.0000e-15
3.7400e+00 1.7138e-05 5.1087e-05 5.0762e-05 1.6813e-05 1.0000e-15 1.0000e-15 1.0000e-15 1.0000e-15 1.0000e-15 1.0000e-15
3.7500e+00 1.5598e-05 4.6497e-05 4.6202e-05 1.5303e-05 1.0000e-15 1.0000e-15 1.0000e-15 1.0000e-15 1.0000e-15 1.0000e-15
3.7600e+00 1.4197e-05 4.2320e-05 4.2051e-05 1.3928e-05 1.0000e-15 1.0000e-15 1.0000e-15 1.0000e-15 1.0000e-15 1.0000e-15
3.7700e+00 1.2922e-05 3.8518e-05 3.8273e-05 1.2677e-05 1.0000e-15 1.0000e-15 1.0000e-15 1.0000e-15 1.0000e-15 1.0000e-15
3.7800e+00 1.1761e-05 3.5058e-05 3.4835e-05 1.1538e-05 1.0000e-15 1.0000e-15 1.0000e-15 1.0000e-15 1.0000e-15 1.0000e-15
3.7900e+00 1.0704e-05 3.1908e-05 3.1706e-05 1.0501e-05 1.0000e-15 1.0000e-15 1.0000e-15 1.0000e-15 1.0000e-15 1.0000e-15
3.8000e+00 9.7426e-06 2.9042e-05 2.8857e-05 9.5580e-06 1.0000e-15 1.0000e-15 1.0000e-15 1.0000e-15 1.0000e-15 1.0000e-15
3.8100e+00 8.8674e-06 2.6433e-05 2.6265e-05 8.6993e-06 1.0000e-15 1.0000e-15 1.0000e-15 1.0000e-15 1.0000e-15 1.0000e-15
3.8200e+00 8.0708e-06 2.4058e-05 2.3905e-05 7.9178e-06 1.0000e-15 1.0000e-15 1.0000e-15 1.0000e-15 1.0000e-15 1.0000e-15
3.8300e+00 7.3457e-06 2.1897e-05 2.1758e-05 7.2065e-06 1.0000e-15 1.0000e-15 1.0000e-15 1.0000e-15 1.0000e-15 1.0000e-15
3.8400e+00 6.6858e-06 1.9930e-05 1.9803e-05 6.5591e-06 1.0000e-15 1.0000e-15 1.0000e-15 1.0000e-15 1.0000e-15 1.0000e-15
3.8500e+00 6.0852e-06 1.8139e-05 1.8024e-05 5.9698e-06 1.0000e-15 1.0000e-15 1.0000e-15 1.0000e-15 1.0000e-15 1.0000e-15
3.8600e+00 5.5385e-06 1.6510e-05 1.6405e-05 5.4335e-06 1.0000e-15 1.0000e-15 1.0000e-15 1.0000e-15 1.0000e-15 1.0000e-15
3.8700e+00 5.0409e-06 1.5027e-05 1.4931e-05 4.9454e-06 1.0000e-15 1.0000e-15 1.0000e-15 1.0000e-15 1.0000e-15 1.0000e-15
3.8800e+00 4.5881e-06 1.3677e-05 1.3590e-05 4.5011e-06 1.0000e-15 1.0000e-15 1.0000e-15 1.0000e-15 1.0000e-15 1.0000e-15
3.8900e+00 4.1759e-06 1.2448e-05 1.2369e-05 4.0967e-06 1.0000e-15 1.0000e-15 1.0000e-15 1.0000e-15 1.0000e-15 1.0000e-15
3.9000e+00 3.8007e-06 1.1330e-05 1.1258e-05 3.7287e-06 1.0000e-15 1.0000e-15 1.0000e-15 1.0000e-15 1.0000e-15 1.0000e-15
3.9100e+00 3.4593e-06 1.0312e-05 1.0246e-05 3.3937e-06 1.0000e-15 1.0000e-15 1.0000e-15 1.0000e-15 1.0000e-15 1.0000e-15
3.9200e+00 3.1485e-06 9.3855e-06 9.3258e-06 3.0888e-06 1.0000e-15 1.0000e-15 1.0000e-15 1.0000e-15 1.0000e-15 1.0000e-15
3.9300e+00 2.8657e-06 8.5423e-06 8.4880e-06 2.8114e-06 1.0000e-15 1.0000e-15 1.0000e-15 1.0000e-15 1.0000e-15 1.0000e-15
3.9400e+00 2.6082e-06 7.7749e-06 7.7254e-06 2.5588e-06 1.0000e-15 1.0000e-15 1.0000e-15 1.0000e-15 1.0000e-15 1.0000e-15
3.9500e+00 2.3739e-06 7.0764e-06 7.0314e-06 2.3289e-06 1.0000e-15 1.0000e-15 1.0000e-15 1.0000e-15 1.0000e-15 1.0000e-15
3.9600e+00 2.1606e-06 6.4407e-06 6.3997e-06 2.1197e-06 1.0000e-15 1.0000e-15 1.0000e-15 1.0000e-15 1.0000e-15 1.0000e-15
3.9700e+00 1.9665e-06 5.8621e-06 5.8248e-06 1.9293e-06 1.0000e-15 1.0000e-15 1.0000e-15 1.0000e-15 1.0000e-15 1.0000e-15
3.9800e+00 1.7899e-06 5.3354e-06 5.3015e-06 1.7559e-06 1.0000e-15 1.0000e-15 1.0000e-15 1.0000e-15 1.0000e-15 1.0000e-15
3.9900e+00 1.6291e-06 4.8561e-06 4.8252e-06 1.5982e-06 1.0000e-15 1.0000e-15 1.0000e-15 1.0000e-15 1.0000e-15 1.0000e-15
4.0000e+00 1.4827e-06 4.4199e-06 4.3918e-06 1.4546e-06 1.0000e-15 1.0000e-15 1.0000e-15 1.0000e-15 1.0000e-15 1.0000e-15
4.0100e+00 7.0712e-01 9.9851e-03 1.6795e-03 1.1109e-03 2.7608e-04 1.0000e-15 1.0000e-15 1.0000e-15 1.0000e-15 1.0000e-15
4.0200e+00 3.7435e-01 5.3430e-03 1.5262e-03 1.0111e-03 2.5128e-04 1.0000e-15 1.0000e-15 1.0000e-15 1.0000e-15 1.0000e-15
4.0300e+00 1.9818e-01 2.9210e-03 1.3885e-03 9.2030e-04 2.2871e-04 1.0000e-15 1.0000e-15 1.0000e-15 1.0000e-15 1.0000e-15
4.0400e+00 1.0492e-01 1.6871e-03 1.2638e-03 8.3763e-04 2.0816e-04 1.0000e-15 1.0000e-15 1.0000e-15 1.0000e-15 1.0000e-15
4.0500e+00 5.5541e-02 1.0871e-03 1.1503e-03 7.6238e-04 1.8946e-04 1.0000e-15 1.0000e-15 1.0000e-15 1.0000e-15 1.0000e-15
4.0600e+00 2.9402e-02 8.0792e-04 1.0470e-03 6.9389e-04 1.7244e-04 1.0000e-15 1.0000e-15 1.0000e-15 1.0000e-15 1.0000e-15
4.0700e+00 1.5565e-02 6.7153e-04 9.5296e-04 6.3156e-04 1.5695e-04 1.0000e-15 1.0000e-15 1.0000e-15 1.0000e-15 1.0000e-15
4.0800e+00 8.2398e-03 5.9093e-04 8.6737e-04 5.7482e-04 1.4285e-04 1.0000e-15 1.0000e-15 1.0000e-15 1.0000e-15 1.0000e-15
4.0900e+00 4.3624e-03 5.3182e-04 7.8946e-04 5.2318e-04 1.3002e-04 1.0000e-15 1.0000e-15 1.0000e-15 1.0000e-15 1.0000e-15
4.1000e+00 2.3106e-03 4.8237e-04 7.1854e-04 4.7618e-04 1.1834e-04 1.0000e-15 1.0000e-15 1.0000e-15 1.0000e-15 1.0000e-15
4.1100e+00 1.2256e-03 4.3862e-04 6.5399e-04 4.3340e-04 1.0770e-04 1.0000e-15 1.0000e-15 1.0000e-15 1.0000e-15 1.0000e-15
4.1200e+00 6.5315e-04 3.9914e-04 5.9524e-04 3.9447e-04 9.8029e-05 1.0000e-15 1.0000e-15 1.0000e-15 1.0000e-15 1.0000e-15
4.1300e+00 3.5295e-04 3.6329e-04 5.4177e-04 3.5903e-04 8.9222e-05 1.0000e-15 1.0000e-15 1.0000e-15 1.0000e-15 1.0000e-15
4.1400e+00 1.9810e-04 3.3067e-04 4.9310e-04 3.2677e-04 8.1207e-05 1.0000e-15 1.0000e-15 1.0000e-15 1.0000e-15 1.0000e-15
4.1500e+00 1.2112e-04 3.0097e-04 4.4880e-04 2.9742e-04 7.3911e-05 1.0000e-15 1.0000e-15 1.0000e-15 1.0000e-15 1.0000e-15
4.1600e+00 8.4826e-05 2.7394e-04 4.0848e-04 2.7070e-04 6.7271e-05 1.0000e-15 1.0000e-15 1.0000e-15 1.0000e-15 1.0000e-15
4.1700e+00 6.7757e-05 2.4934e-04 3.7179e-04 2.4638e-04 6.1228e-05 1.0000e-15 1.0000e-15 1.0000e-15 1.0000e-15 1.0000e-15
4.1800e+00 5.8557e-05 2.2694e-04 3.3839e-04 2.2425e-04 5.5727e-05 1.0000e-15 1.0000e-15 1.0000e-15 1.0000e-15 1.0000e-15
4.1900e+00 5.2347e-05 2.0655e-04 3.0799e-04 2.0410e-04 5.0721e-05 1.0000e-15 1.0000e-15 1.0000e-15 1.0000e-15 1.0000e-15
4.2000e+00 4.7372e-05 1.8800e-04 2.8032e-04 1.8576e-04 4.6164e-05 1.0000e-15 1.0000e-15 1.0000e-15 1.0000e-15 1.0000e-15
4.2100e+00 4.3045e-05 1.7111e-04 2.5513e-04 1.6908e-04 4.2017e-05 1.0000e-15 1.0000e-15 1.0000e-15 1.0000e-15 1.0000e-15
4.2200e+00 3.9162e-05 1.5574e-04 2.3221e-04 1.5389e-04 3.8242e-05 1.0000e-15 1.0000e-15 1.0000e-15 1.0000e-15 1.0000e-15
4.2300e+00 3.5643e-05 1.4175e-04 2.1135e-04 1.4006e-04 3.4807e-05 1.0000e-15 1.0000e-15 1.0000e-15 1.0000e-15 1.0000e-15
4.2400e+00 3.2442e-05 1.2901e-04 1.9237e-04 1.2748e-04 3.1680e-05 1.0000e-15 1.0000e-15 1.0000e-15 1.0000e-15 1.0000e-15
4.2500e+00 2.9529e-05 1.1742e-04 1.7508e-04 1.1603e-04 2.8834e-05 1.0000e-15 1.0000e-15 1.0000e-15 1.0000e-15 1.0000e-15
4.2600e+00 2.6877e-05 1.0687e-04 1.5936e-04 1.0560e-04 2.6244e-05 1.0000e-15 1.0000e-15 1.0000e-15 1.0000e-15 1.0000e-15
4.2700e+00 2.4463e-05 9.7273e-05 1.4504e-04 9.6116e-05 2.3886e-05 1.0000e-15 1.0000e-15 1.0000e-15 1.0000e-15 1.0000e-15
4.2800e+00 2.2266e-05 8.8534e-05 1.3201e-04 8.7482e-05 2.1740e-05 1.0000e-15 1.0000e-15 1.0000e-15 1.0000e-15 1.0000e-15
4.2900e+00 2.0266e-05 8.0580e-05 1.2015e-04 7.9623e-05 1.9787e-05 1.0000e-15 1.0000e-15 1.0000e-15 1.0000e-15 1.0000e-15
4.3000e+00 1.8445e-05 7.3341e-05 1.0936e-04 7.2469e-05 1.8009e-05 1.0000e-15 1.0000e-15 1.0000e-15 1.0000e-15 1.0000e-15
4.3100e+00 1.6788e-05 6.6753e-05 9.9532e-05 6.5959e-05 1.6392e-05 1.0000e-15 1.0000e-15 1.0000e-15 1.0000e-15 1.0000e-15
4.3200e+00 1.5280e-05 6.0756e-05 9.0590e-05 6.0033e-05 1.4919e-05 1.0000e-15 1.0000e-15 1.0000e-15 1.0000e-15 1.0000e-15
4.3300e+00 1.3907e-05 5.5298e-05 8.2452e-05 5.4640e-05 1.3579e-05 1.0000e-15 1.0000e-15 1.0000e-15 1.0000e-15 1.0000e-15
4.3400e+00 1.2658e-05 5.0330e-05 7.5045e-05 4.9732e-05 1.2359e-05 1.0000e-15 1.0000e-15 1.0000e-15 1.0000e-15 1.0000e-15
4.3500e+00 1.1521e-05 4.5808e-05 6.8303e-05 4.5264e-05 1.1249e-05 1.0000e-15 1.0000e-15 1.0000e-15 1.0000e-15 1.0000e-15
4.3600e+00 1.0486e-05 4.1693e-05 6.2167e-05 4.1197e-05 1.0238e-05 1.0000e-15 1.0000e-15 1.0000e-15 1.0000e-15 1.0000e-15
4.3700e+00 9.5438e-06 3.7948e-05 5.6582e-05 3.7496e-05 9.3182e-06 1.0000e-15 1.0000e-15 1.0000e-15 1.0000e-15 1.0000e-15
4.3800e+00 8.6864e-06 3.4538e-05 5.1499e-05 3.4128e-05 8.4811e-06 1.0000e-15 1.0000e-15 1.0000e-15 1.0000e-15 1.0000e-15
4.3900e+00 7.9061e-06 3.1436e-05 4.6872e-05 3.1062e-05 7.7192e-06 1.0000e-15 1.0000e-15 1.0000e-15 1.0000e-15 1.0000e-15
4.4000e+00 7.1958e-06 2.8612e-05 4.2661e-05 2.8271e-05 7.0257e-06 1.0000e-15 1.0000e-15 1.0000e-15 1.0000e-15 1.0000e-15
4.4100e+00 6.5494e-06 2.6041e-05 3.8829e-05 2.5732e-05 6.3946e-06 1.0000e-15 1.0000e-15 1.0000e-15 1.0000e-15 1.0000e-15
4.4200e+00 5.9610e-06 2.3702e-05 3.5341e-05 2.3420e-05 5.8201e-06 1.0000e-15 1.0000e-15 1.0000e-15 1.0000e-15 1.0000e-15
4.4300e+00 5.4255e-06 2.1572e-05 3.2166e-05 2.1316e-05 5.2972e-06 1.0000e-15 1.0000e-15 1.0000e-15 1.0000e-15 1.0000e-15
4.4400e+00 4.9381e-06 1.9634e-05 2.9276e-05 1.9401e-05 4.8214e-06 1.0000e-15 1.0000e-15 1.0000e-15 1.0000e-15 1.0000e-15
4.4500e+00 4.4944e-06 1.7871e-05 2.6646e-05 1.7658e-05 4.3882e-06 1.0000e-15 1.0000e-15 1.0000e-15 1.0000e-15 1.0000e-15
4.4600e+00 4.0907e-06 1.6265e-05 2.4252e-05 1.6072e-05 3.9940e-06 1.0000e-15 1.0000e-15 1.0000e-15 1.0000e-15 1.0000e-15
4.4700e+00 3.7232e-06 1.4804e-05 2.2073e-05 1.4628e-05 3.6352e-06 1.0000e-15 1.0000e-15 1.0000e-15 1.0000e-15 1.0000e-15
4.4800e+00 3.3887e-06 1.3474e-05 2.0090e-05 1.3314e-05 3.3086e-06 1.0000e-15 1.0000e-15 1.0000e-15 1.0000e-15 1.0000e-15
4.4900e+00 3.0843e-06 1.2264e-05 1.8286e-05 1.2118e-05 3.0114e-06 1.0000e-15 1.0000e-15 1.0000e-15 1.0000e-15 1.0000e-15
4.5000e+00 2.8072e-06 1.1162e-05 1.6643e-05 1.1029e-05 2.7408e-06 1.0000e-15 1.0000e-15 1.0000e-15 1.0000e-15 1.0000e-15
4.5100e+00 2.5550e-06 1.0159e-05 1.5148e-05 1.0038e-05 2.4946e-06 1.0000e-15 1.0000e-15 1.0000e-15 1.0000e-15 1.0000e-15
4.5200e+00 2.3255e-06 9.2464e-06 1.3787e-05 9.1365e-06 2.2705e-06 1.0000e-15 1.0000e-15 1.0000e-15 1.0000e-15 1.0000e-15
4.5300e+00 2.1166e-06 8.4157e-06 1.2548e-05 8.3157e-06 2.0665e-06 1.0000e-15 1.0000e-15 1.0000e-15 1.0000e-15 1.0000e-15
4.5400e+00 1.9264e-06 7.6597e-06 1.1421e-05 7.5686e-06 1.8809e-06 1.0000e-15 1.0000e-15 1.0000e-15 1.0000e-15 1.0000e-15
4.5500e+00 1.7533e-06 6.9716e-06 1.0395e-05 6.8887e-06 1.7119e-06 1.0000e-15 1.0000e-15 1.0000e-15 1.0000e-15 1.0000e-15
4.5600e+00 1.5958e-06 6.3453e-06 9.4611e-06 6.2698e-06 1.5581e-06 1.0000e-15 1.0000e-15 1.0000e-15 1.0000e-15 1.0000e-15
4.5700e+00 1.4525e-06 5.7752e-06 8.6112e-06 5.7066e-06 1.4181e-06 1.0000e-15 1.0000e-15 1.0000e-15 1.0000e-15 1.0000e-15
4.5800e+00 1.3220e-06 5.2564e-06 7.8376e-06 5.1939e-06 1.2907e-06 1.0000e-15 1.0000e-15 1.0000e-15 1.0000e-15 1.0000e-15
4.5900e+00 1.2032e-06 4.7842e-06 7.1335e-06 4.7273e-06 1.1748e-06 1.0000e-15 1.0000e-15 1.0000e-15 1.0000e-15 1.0000e-15
4.6000e+00 1.0951e-06 4.3544e-06 6.4926e-06 4.3026e-06 1.0692e-06 1.0000e-15 1.0000e-15 1.0000e-15 1.0000e-15 1.0000e-15
4.6100e+00 9.9674e-07 3.9632e-06 5.9093e-06 3.9161e-06 9.7319e-07 1.0000e-15 1.0000e-15 1.0000e-15 1.0000e-15 1.0000e-15
4.6200e+00 9.0720e-07 3.6072e-06 5.3785e-06 3.5643e-06 8.8576e-07 1.0000e-15 1.0000e-15 1.0000e-15 1.0000e-15 1.0000e-15
4.6300e+00 8.2570e-07 3.2831e-06 4.8953e-06 3.2441e-06 8.0618e-07 1.0000e-15 1.0000e-15 1.0000e-15 1.0000e-15 1.0000e-15
4.6400e+00 7.5152e-07 2.9882e-06 4.4555e-06 2.9526e-06 7.3376e-07 1.0000e-15 1.0000e-15 1.0000e-15 1.0000e-15 1.0000e-15
4.6500e+00 6.8401e-07 2.7197e-06 4.0552e-06 2.6874e-06 6.6784e-07 1.0000e-15 1.0000e-15 1.0000e-15 1.0000e-15 1.0000e-15
4.6600e+00 6.2256e-07 2.4754e-06 3.6909e-06 2.4459e-06 6.0784e-07 1.0000e-15 1.0000e-15 1.0000e-15 1.0000e-15 1.0000e-15
4.6700e+00 5.6663e-07 2.2530e-06 3.3593e-06 2.2262e-06 5.5324e-07 1.0000e-15 1.0000e-15 1.0000e-15 1.0000e-15 1.0000e-15
4.6800e+00 5.1573e-07 2.0506e-06 3.0576e-06 2.0262e-06 5.0354e-07 1.0000e-15 1.0000e-15 1.0000e-15 1.0000e-15 1.0000e-15
4.6900e+00 4.6939e-07 1.8664e-06 2.7829e-06 1.8442e-06 4.5830e-07 1.0000e-15 1.0000e-15 1.0000e-15 1.0000e-15 1.0000e-15
4.7000e+00 4.2723e-07 1.6987e-06 2.5329e-06 1.6785e-06 4.1713e-07 1.0000e-15 1.0000e-15 1.0000e-15 1.0000e-15 1.0000e-15
4.7100e+00 3.8885e-07 1.5461e-06 2.3053e-06 1.5277e-06 3.7965e-07 1.0000e-15 1.0000e-15 1.0000e-15 1.0000e-15 1.0000e-15
4.7200e+00 3.5391e-07 1.4072e-06 2.0982e-06 1.3905e-06 3.4555e-07 1.0000e-15 1.0000e-15 1.0000e-15 1.0000e-15 1.0000e-15
4.7300e+00 3.2212e-07 1.2808e-06 1.9097e-06 1.2656e-06 3.1450e-07 1.0000e-15 1.0000e-15 1.0000e-15 1.0000e-15 1.0000e-15
4.7400e+00 2.9318e-07 1.1657e-06 1.7382e-06 1.1519e-06 2.8625e-07 1.0000e-15 1.0000e-15 1.0000e-15 1.0000e-15 1.0000e-15
4.7500e+00 2.6684e-07 1.0610e-06 1.5820e-06 1.0484e-06 2.6053e-07 1.0000e-15 1.0000e-15 1.0000e-15 1.0000e-15 1.0000e-15
4.7600e+00 2.4287e-07 9.6568e-07 1.4399e-06 9.5420e-07 2.3713e-07 1.0000e-15 1.0000e-15 1.0000e-15 1.0000e-15 1.0000e-15
4.7700e+00 2.2105e-07 8.7893e-07 1.3105e-06 8.6848e-07 2.1583e-07 1.0000e-15 1.0000e-15 1.0000e-15 1.0000e-15 1.0000e-15
4.7800e+00 2.0119e-07 7.9997e-07 1.1928e-06 7.9046e-07 1.9644e-07 1.0000e-15 1.0000e-15 1.0000e-15 1.0000e-15 1.0000e-15
4.7900e+00 1.8312e-07 7.2810e-07 1.0856e-06 7.1944e-07 1.7879e-07 1.0000e-15 1.0000e-15 1.0000e-15 1.0000e-15 1.0000e-15
4.8000e+00 1.6667e-07 6.6269e-07 9.8811e-07 6.5481e-07 1.6273e-07 1.0000e-15 1.0000e-15 1.0000e-15 1.0000e-15 1.0000e-15
4.8100e+00 7.0713e-01 9.9418e-03 3.4141e-04 3.1239e-04 1.5532e-04 3.0885e-05 1.0000e-15 1.0000e-15 1.0000e-15 1.0000e-15
4.8200e+00 3.7435e-01 5.2633e-03 2.9401e-04 2.8433e-04 1.4136e-04 2.8111e-05 1.0000e-15 1.0000e-15 1.0000e-15 1.0000e-15
4.8300e+00 1.9818e-01 2.7874e-03 2.6247e-04 2.5880e-04 1.2866e-04 2.5585e-05 1.0000e-15 1.0000e-15 1.0000e-15 1.0000e-15
4.8400e+00 1.0492e-01 1.4778e-03 2.3741e-04 2.3555e-04 1.1710e-04 2.3287e-05 1.0000e-15 1.0000e-15 1.0000e-15 1.0000e-15
4.8500e+00 5.5544e-02 7.8645e-04 2.1569e-04 2.1439e-04 1.0658e-04 2.1195e-05 1.0000e-15 1.0000e-15 1.0000e-15 1.0000e-15
4.8600e+00 2.9405e-02 4.2323e-04 1.9623e-04 1.9513e-04 9.7009e-05 1.9291e-05 1.0000e-15 1.0000e-15 1.0000e-15 1.0000e-15
4.8700e+00 1.5567e-02 2.3499e-04 1.7859e-04 1.7760e-04 8.8294e-05 1.7558e-05 1.0000e-15 1.0000e-15 1.0000e-15 1.0000e-15
4.8800e+00 8.2411e-03 1.4051e-04 1.6256e-04 1.6165e-04 8.0362e-05 1.5980e-05 1.0000e-15 1.0000e-15 1.0000e-15 1.0000e-15
4.8900e+00 4.3627e-03 9.5511e-05 1.4796e-04 1.4713e-04 7.3142e-05 1.4545e-05 1.0000e-15 1.0000e-15 1.0000e-15 1.0000e-15
4.9000e+00 2.3096e-03 7.4537e-05 1.3467e-04 1.3391e-04 6.6571e-05 1.3238e-05 1.0000e-15 1.0000e-15 1.0000e-15 1.0000e-15
4.9100e+00 1.2226e-03 6.3671e-05 1.2258e-04 1.2188e-04 6.0591e-05 1.2049e-05 1.0000e-15 1.0000e-15 1.0000e-15 1.0000e-15
4.9200e+00 6.4723e-04 5.6663e-05 1.1157e-04 1.1093e-04 5.5148e-05 1.0966e-05 1.0000e-15 1.0000e-15 1.0000e-15 1.0000e-15
4.9300e+00 3.4266e-04 5.1198e-05 1.0154e-04 1.0096e-04 5.0193e-05 9.9812e-06 1.0000e-15 1.0000e-15 1.0000e-15 1.0000e-15
4.9400e+00 1.8149e-04 4.6498e-05 9.2422e-05 9.1894e-05 4.5684e-05 9.0845e-06 1.0000e-15 1.0000e-15 1.0000e-15 1.0000e-15
4.9500e+00 9.6261e-05 4.2297e-05 8.4120e-05 8.3639e-05 4.1580e-05 8.2684e-06 1.0000e-15 1.0000e-15 1.0000e-15 1.0000e-15
4.9600e+00 5.1286e-05 3.8495e-05 7.6563e-05 7.6125e-05 3.7845e-05 7.5256e-06 1.0000e-15 1.0000e-15 1.0000e-15 1.0000e-15
4.9700e+00 2.7693e-05 3.5038e-05 6.9685e-05 6.9286e-05 3.4445e-05 6.8495e-06 1.0000e-15 1.0000e-15 1.0000e-15 1.0000e-15
4.9800e+00 1.5514e-05 3.1892e-05 6.3425e-05 6.3062e-05 3.1350e-05 6.2342e-06 1.0000e-15 1.0000e-15 1.0000e-15 1.0000e-15
4.9900e+00 9.4495e-06 2.9028e-05 5.7727e-05 5.7396e-05 2.8534e-05 5.6741e-06 1.0000e-15 1.0000e-15 1.0000e-15 1.0000e-15
5.0000e+00 6.5854e-06 2.6421e-05 5.2541e-05 5.2240e-05 2.5971e-05 5.1644e-06 1.0000e-15 1.0000e-15 1.0000e-15 1.0000e-15
5.0100e+00 5.2412e-06 2.4047e-05 4.7821e-05 4.7547e-05 2.3637e-05 4.7004e-06 1.0000e-15 1.0000e-15 1.0000e-15 1.0000e-15
5.0200e+00 4.5215e-06 2.1887e-05 4.3525e-05 4.3275e-05 2.1514e-05 4.2782e-06 1.0000e-15 1.0000e-15 1.0000e-15 1.0000e-15
5.0300e+00 4.0393e-06 1.9921e-05 3.9614e-05 3.9388e-05 1.9581e-05 3.8938e-06 1.0000e-15 1.0000e-15 1.0000e-15 1.0000e-15
5.0400e+00 3.6546e-06 1.8132e-05 3.6056e-05 3.5849e-05 1.7822e-05 3.5440e-06 1.0000e-15 1.0000e-15 1.0000e-15 1.0000e-15
5.0500e+00 3.3205e-06 1.6503e-05 3.2817e-05 3.2629e-05 1.6221e-05 3.2256e-06 1.0000e-15 1.0000e-15 1.0000e-15 1.0000e-15
5.0600e+00 3.0209e-06 1.5020e-05 2.9868e-05 2.9697e-05 1.4764e-05 2.9359e-06 1.0000e-15 1.0000e-15 1.0000e-15 1.0000e-15
5.0700e+00 2.7494e-06 1.3671e-05 2.7185e-05 2.7029e-05 1.3437e-05 2.6721e-06 1.0000e-15 1.0000e-15 1.0000e-15 1.0000e-15
5.0800e+00 2.5025e-06 1.2443e-05 2.4743e-05 2.4601e-05 1.2230e-05 2.4320e-06 1.0000e-15 1.0000e-15 1.0000e-15 1.0000e-15
5.0900e+00 2.2778e-06 1.1325e-05 2.2520e-05 2.2391e-05 1.1131e-05 2.2136e-06 1.0000e-15 1.0000e-15 1.0000e-15 1.0000e-15
5.1000e+00 2.0732e-06 1.0307e-05 2.0497e-05 2.0380e-05 1.0131e-05 2.0147e-06 1.0000e-15 1.0000e-15 1.0000e-15 1.0000e-15
5.1100e+00 1.8870e-06 9.3815e-06 1.8656e-05 1.8549e-05 9.2213e-06 1.8337e-06 1.0000e-15 1.0000e-15 1.0000e-15 1.0000e-15
5.1200e+00 1.7175e-06 8.5387e-06 1.6980e-05 1.6882e-05 8.3929e-06 1.6690e-06 1.0000e-15 1.0000e-15 1.0000e-15 1.0000e-15
5.1300e+00 1.5633e-06 7.7716e-06 1.5454e-05 1.5366e-05 7.6389e-06 1.5190e-06 1.0000e-15 1.0000e-15 1.0000e-15 1.0000e-15
5.1400e+00 1.4228e-06 7.0734e-06 1.4066e-05 1.3985e-05 6.9526e-06 1.3826e-06 1.0000e-15 1.0000e-15 1.0000e-15 1.0000e-15
5.1500e+00 1.2950e-06 6.4380e-06 1.2802e-05 1.2729e-05 6.3280e-06 1.2584e-06 1.0000e-15 1.0000e-15 1.0000e-15 1.0000e-15
5.1600e+00 1.1787e-06 5.8596e-06 1.1652e-05 1.1585e-05 5.7595e-06 1.1453e-06 1.0000e-15 1.0000e-15 1.0000e-15 1.0000e-15
5.1700e+00 1.0728e-06 5.3332e-06 1.0605e-05 1.0545e-05 5.2421e-06 1.0424e-06 1.0000e-15 1.0000e-15 1.0000e-15 1.0000e-15
5.1800e+00 9.7641e-07 4.8541e-06 9.6526e-06 9.5973e-06 4.7712e-06 9.4878e-07 1.0000e-15 1.0000e-15 1.0000e-15 1.0000e-15
5.1900e+00 8.8869e-07 4.4180e-06 8.7854e-06 8.7351e-06 4.3426e-06 8.6354e-07 1.0000e-15 1.0000e-15 1.0000e-15 1.0000e-15
5.2000e+00 8.0885e-07 4.0211e-06 7.9962e-06 7.9504e-06 3.9524e-06 7.8597e-07 1.0000e-15 1.0000e-15 1.0000e-15 1.0000e-15
5.2100e+00 7.3619e-07 3.6599e-06 7.2778e-06 7.2361e-06 3.5974e-06 7.1536e-07 1.0000e-15 1.0000e-15 1.0000e-15 1.0000e-15
5.2200e+00 6.7005e-07 3.3311e-06 6.6240e-06 6.5861e-06 3.2742e-06 6.5109e-07 1.0000e-15 1.0000e-15 1.0000e-15 1.0000e-15
5.2300e+00 6.0986e-07 3.0318e-06 6.0289e-06 5.9944e-06 2.9800e-06 5.9260e-07 1.0000e-15 1.0000e-15 1.0000e-15 1.0000e-15
5.2400e+00 5.5507e-07 2.7594e-06 5.4873e-06 5.4559e-06 2.7123e-06 5.3936e-07 1.0000e-15 1.0000e-15 1.0000e-15 1.0000e-15
5.2500e+00 5.0520e-07 2.5115e-06 4.9943e-06 4.9657e-06 2.4687e-06 4.9091e-07 1.0000e-15 1.0000e-15 1.0000e-15 1.0000e-15
5.2600e+00 4.5982e-07 2.2859e-06 4.5457e-06 4.5196e-06 2.2469e-06 4.4681e-07 1.0000e-15 1.0000e-15 1.0000e-15 1.0000e-15
5.2700e+00 4.1851e-07 2.0806e-06 4.1373e-06 4.1136e-06 2.0450e-06 4.0667e-07 1.0000e-15 1.0000e-15 1.0000e-15 1.0000e-15
5.2800e+00 3.8091e-07 1.8936e-06 3.7656e-06 3.7440e-06 1.8613e-06 3.7013e-07 1.0000e-15 1.0000e-15 1.0000e-15 1.0000e-15
5.2900e+00 3.4669e-07 1.7235e-06 3.4273e-06 3.4077e-06 1.6941e-06 3.3688e-07 1.0000e-15 1.0000e-15 1.0000e-15 1.0000e-15
5.3000e+00 3.1555e-07 1.5687e-06 3.1194e-06 3.1016e-06 1.5419e-06 3.0662e-07 1.0000e-15 1.0000e-15 1.0000e-15 1.0000e-15
5.3100e+00 2.8720e-07 1.4278e-06 2.8392e-06 2.8229e-06 1.4034e-06 2.7907e-07 1.0000e-15 1.0000e-15 1.0000e-15 1.0000e-15
5.3200e+00 2.6140e-07 1.2995e-06 2.5841e-06 2.5693e-06 1.2773e-06 2.5400e-07 1.0000e-15 1.0000e-15 1.0000e-15 1.0000e-15
5.3300e+00 2.3791e-07 1.1828e-06 2.3520e-06 2.3385e-06 1.1626e-06 2.3118e-07 1.0000e-15 1.0000e-15 1.0000e-15 1.0000e-15
5.3400e+00 2.1654e-07 1.0765e-06 2.1407e-06 2.1284e-06 1.0581e-06 2.1041e-07 1.0000e-15 1.0000e-15 1.0000e-15 1.0000e-15
5.3500e+00 1.9709e-07 9.7979e-07 1.9484e-06 1.9372e-06 9.6306e-07 1.9151e-07 1.0000e-15 1.0000e-15 1.0000e-15 1.0000e-15
5.3600e+00 1.7938e-07 8.9177e-07 1.7733e-06 1.7632e-06 8.7654e-07 1.7431e-07 1.0000e-15 1.0000e-15 1.0000e-15 1.0000e-15
5.3700e+00 1.6327e-07 8.1166e-07 1.6140e-06 1.6048e-06 7.9780e-07 1.5865e-07 1.0000e-15 1.0000e-15 1.0000e-15 1.0000e-15
5.3800e+00 1.4860e-07 7.3874e-07 1.4690e-06 1.4606e-06 7.2612e-07 1.4439e-07 1.0000e-15 1.0000e-15 1.0000e-15 1.0000e-15
5.3900e+00 1.3525e-07 6.7237e-07 1.3370e-06 1.3294e-06 6.6089e-07 1.3142e-07 1.0000e-15 1.0000e-15 1.0000e-15 1.0000e-15
5.4000e+00 1.2310e-07 6.1197e-07 1.2169e-06 1.2100e-06 6.0152e-07 1.1962e-07 1.0000e-15 1.0000e-15 1.0000e-15 1.0000e-15
5.4100e+00 1.1204e-07 5.5699e-07 1.1076e-06 1.1013e-06 5.4748e-07 1.0887e-07 1.0000e-15 1.0000e-15 1.0000e-15 1.0000e-15
5.4200e+00 1.0198e-07 5.0695e-07 1.0081e-06 1.0023e-06 4.9830e-07 9.9089e-08 1.0000e-15 1.0000e-15 1.0000e-15 1.0000e-15
5.4300e+00 9.2816e-08 4.6141e-07 9.1754e-07 9.1228e-07 4.5353e-07 9.0187e-08 1.0000e-15 1.0000e-15 1.0000e-15 1.0000e-15
5.4400e+00 8.4479e-08 4.1996e-07 8.3511e-07 8.3033e-07 4.1279e-07 8.2085e-08 1.0000e-15 1.0000e-15 1.0000e-15 1.0000e-15
5.4500e+00 7.6890e-08 3.8223e-07 7.6008e-07 7.5573e-07 3.7570e-07 7.4711e-08 1.0000e-15 1.0000e-15 1.0000e-15 1.0000e-15
5.4600e+00 6.9983e-08 3.4789e-07 6.9180e-07 6.8784e-07 3.4195e-07 6.7999e-08 1.0000e-15 1.0000e-15 1.0000e-15 1.0000e-15
5.4700e+00 6.3697e-08 3.1664e-07 6.2965e-07 6.2605e-07 3.1123e-07 6.1890e-08 1.0000e-15 1.0000e-15 1.0000e-15 1.0000e-15
5.4800e+00 5.7975e-08 2.8819e-07 5.7309e-07 5.6980e-07 2.8327e-07 5.6330e-08 1.0000e-15 1.0000e-15 1.0000e-15 1.0000e-15
5.4900e+00 5.2768e-08 2.6230e-07 5.2160e-07 5.1862e-07 2.5782e-07 5.1270e-08 1.0000e-15 1.0000e-15 1.0000e-15 1.0000e-15
5.5000e+00 4.8028e-08 2.3874e-07 4.7474e-07 4.7202e-07 2.3466e-07 4.6664e-08 1.0000e-15 1.0000e-15 1.0000e-15 1.0000e-15
5.5100e+00 4.3714e-08 2.1729e-07 4.3209e-07 4.2962e-07 2.1358e-07 4.2472e-08 1.0000e-15 1.0000e-15 1.0000e-15 1.0000e-15
5.5200e+00 3.9788e-08 1.9777e-07 3.9327e-07 3.9102e-07 1.9439e-07 3.8656e-08 1.0000e-15 1.0000e-15 1.0000e-15 1.0000e-15
5.5300e+00 3.6215e-08 1.8000e-07 3.5794e-07 3.5590e-07 1.7693e-07 3.5183e-08 1.0000e-15 1.0000e-15 1.0000e-15 1.0000e-15
5.5400e+00 3.2963e-08 1.6383e-07 3.2579e-07 3.2392e-07 1.6103e-07 3.2023e-08 1.0000e-15 1.0000e-15 1.0000e-15 1.0000e-15
5.5500e+00 3.0003e-08 1.4911e-07 2.9652e-07 2.9482e-07 1.4657e-07 2.9146e-08 1.0000e-15 1.0000e-15 1.0000e-15 1.0000e-15
5.5600e+00 2.7309e-08 1.3572e-07 2.6988e-07 2.6834e-07 1.3340e-07 2.6527e-08 1.0000e-15 1.0000e-15 1.0000e-15 1.0000e-15
5.5700e+00 2.4858e-08 1.2353e-07 2.4564e-07 2.4423e-07 1.2142e-07 2.4144e-08 1.0000e-15 1.0000e-15 1.0000e-15 1.0000e-15
5.5800e+00 2.2627e-08 1.1243e-07 2.2357e-07 2.2229e-07 1.1051e-07 2.1975e-08 1.0000e-15 1.0000e-15 1.0000e-15 1.0000e-15
5.5900e+00 2.0596e-08 1.0233e-07 2.0348e-07 2.0232e-07 1.0058e-07 2.0001e-08 1.0000e-15 1.0000e-15 1.0000e-15 1.0000e-15
5.6000e+00 1.8748e-08 9.3135e-08 1.8520e-07 1.8414e-07 9.1545e-08 1.8204e-08 1.0000e-15 1.0000e-15 1.0000e-15 1.0000e-15
5.6100e+00 7.0713e-01 9.9432e-03 1.4856e-04 7.0258e-05 5.2408e-05 2.0847e-05 3.4551e-06 1.0000e-15 1.0000e-15 1.0000e-15
5.6200e+00 3.7435e-01 5.2638e-03 8.7557e-05 6.3944e-05 4.7700e-05 1.8974e-05 3.1447e-06 1.0000e-15 1.0000e-15 1.0000e-15
5.6300e+00 1.9818e-01 2.7866e-03 5.8273e-05 5.8203e-05 4.3415e-05 1.7269e-05 2.8622e-06 1.0000e-15 1.0000e-15 1.0000e-15
5.6400e+00 1.0492e-01 1.4751e-03 4.4661e-05 5.2976e-05 3.9515e-05 1.5718e-05 2.6051e-06 1.0000e-15 1.0000e-15 1.0000e-15
5.6500e+00 5.5544e-02 7.8092e-04 3.7784e-05 4.8219e-05 3.5965e-05 1.4306e-05 2.3711e-06 1.0000e-15 1.0000e-15 1.0000e-15
5.6600e+00 2.9405e-02 4.1345e-04 3.3496e-05 4.3888e-05 3.2734e-05 1.3021e-05 2.1580e-06 1.0000e-15 1.0000e-15 1.0000e-15
5.6700e+00 1.5567e-02 2.1900e-04 3.0224e-05 3.9946e-05 2.9793e-05 1.1851e-05 1.9642e-06 1.0000e-15 1.0000e-15 1.0000e-15
5.6800e+00 8.2413e-03 1.1620e-04 2.7438e-05 3.6357e-05 2.7117e-05 1.0786e-05 1.7877e-06 1.0000e-15 1.0000e-15 1.0000e-15
5.6900e+00 4.3630e-03 6.1974e-05 2.4956e-05 3.3091e-05 2.4681e-05 9.8173e-06 1.6271e-06 1.0000e-15 1.0000e-15 1.0000e-15
5.7000e+00 2.3098e-03 3.3568e-05 2.2711e-05 3.0119e-05 2.2463e-05 8.9354e-06 1.4809e-06 1.0000e-15 1.0000e-15 1.0000e-15
5.7100e+00 1.2228e-03 1.8953e-05 2.0672e-05 2.7413e-05 2.0445e-05 8.1326e-06 1.3479e-06 1.0000e-15 1.0000e-15 1.0000e-15
5.7200e+00 6.4733e-04 1.1724e-05 1.8815e-05 2.4950e-05 1.8609e-05 7.4020e-06 1.2268e-06 1.0000e-15 1.0000e-15 1.0000e-15
5.7300e+00 3.4269e-04 8.3296e-06 1.7126e-05 2.2709e-05 1.6937e-05 6.7370e-06 1.1166e-06 1.0000e-15 1.0000e-15 1.0000e-15
5.7400e+00 1.8141e-04 6.7229e-06 1.5588e-05 2.0669e-05 1.5415e-05 6.1318e-06 1.0163e-06 1.0000e-15 1.0000e-15 1.0000e-15
5.7500e+00 9.6037e-05 5.8388e-06 1.4188e-05 1.8812e-05 1.4030e-05 5.5809e-06 9.2498e-07 1.0000e-15 1.0000e-15 1.0000e-15
5.7600e+00 5.0840e-05 5.2293e-06 1.2913e-05 1.7122e-05 1.2770e-05 5.0796e-06 8.4189e-07 1.0000e-15 1.0000e-15 1.0000e-15
5.7700e+00 2.6916e-05 4.7353e-06 1.1753e-05 1.5584e-05 1.1623e-05 4.6232e-06 7.6625e-07 1.0000e-15 1.0000e-15 1.0000e-15
5.7800e+00 1.4256e-05 4.3036e-06 1.0697e-05 1.4184e-05 1.0579e-05 4.2079e-06 6.9742e-07 1.0000e-15 1.0000e-15 1.0000e-15
5.7900e+00 7.5604e-06 3.9157e-06 9.7363e-06 1.2910e-05 9.6283e-06 3.8299e-06 6.3476e-07 1.0000e-15 1.0000e-15 1.0000e-15
5.8000e+00 4.0270e-06 3.5639e-06 8.8616e-06 1.1750e-05 8.7633e-06 3.4858e-06 5.7774e-07 1.0000e-15 1.0000e-15 1.0000e-15
5.8100e+00 2.1730e-06 3.2438e-06 8.0656e-06 1.0694e-05 7.9760e-06 3.1727e-06 5.2583e-07 1.0000e-15 1.0000e-15 1.0000e-15
5.8200e+00 1.2151e-06 2.9526e-06 7.3410e-06 9.7335e-06 7.2595e-06 2.8876e-06 4.7860e-07 1.0000e-15 1.0000e-15 1.0000e-15
5.8300e+00 7.3732e-07 2.6874e-06 6.6815e-06 8.8591e-06 6.6073e-06 2.6282e-06 4.3560e-07 1.0000e-15 1.0000e-15 1.0000e-15
5.8400e+00 5.1134e-07 2.4460e-06 6.0812e-06 8.0632e-06 6.0137e-06 2.3921e-06 3.9647e-07 1.0000e-15 1.0000e-15 1.0000e-15
5.8500e+00 4.0545e-07 2.2263e-06 5.5349e-06 7.3388e-06 5.4735e-06 2.1772e-06 3.6085e-07 1.0000e-15 1.0000e-15 1.0000e-15
5.8600e+00 3.4914e-07 2.0263e-06 5.0377e-06 6.6795e-06 4.9818e-06 1.9816e-06 3.2843e-07 1.0000e-15 1.0000e-15 1.0000e-15
5.8700e+00 3.1169e-07 1.8443e-06 4.5851e-06 6.0795e-06 4.5342e-06 1.8036e-06 2.9893e-07 1.0000e-15 1.0000e-15 1.0000e-15
5.8800e+00 2.8193e-07 1.6786e-06 4.1732e-06 5.5333e-06 4.1269e-06 1.6416e-06 2.7207e-07 1.0000e-15 1.0000e-15 1.0000e-15
5.8900e+00 2.5614e-07 1.5278e-06 3.7983e-06 5.0362e-06 3.7561e-06 1.4941e-06 2.4763e-07 1.0000e-15 1.0000e-15 1.0000e-15
5.9000e+00 2.3303e-07 1.3906e-06 3.4571e-06 4.5838e-06 3.4187e-06 1.3599e-06 2.2538e-07 1.0000e-15 1.0000e-15 1.0000e-15
5.9100e+00 2.1208e-07 1.2656e-06 3.1465e-06 4.1720e-06 3.1116e-06 1.2377e-06 2.0514e-07 1.0000e-15 1.0000e-15 1.0000e-15
5.9200e+00 1.9304e-07 1.1519e-06 2.8638e-06 3.7972e-06 2.8320e-06 1.1265e-06 1.8671e-07 1.0000e-15 1.0000e-15 1.0000e-15
5.9300e+00 1.7571e-07 1.0485e-06 2.6065e-06 3.4560e-06 2.5776e-06 1.0253e-06 1.6993e-07 1.0000e-15 1.0000e-15 1.0000e-15
5.9400e+00 1.5993e-07 9.5426e-07 2.3724e-06 3.1456e-06 2.3460e-06 9.3320e-07 1.5467e-07 1.0000e-15 1.0000e-15 1.0000e-15
5.9500e+00 1.4556e-07 8.6854e-07 2.1593e-06 2.8630e-06 2.1353e-06 8.4936e-07 1.4077e-07 1.0000e-15 1.0000e-15 1.0000e-15
5.9600e+00 1.3249e-07 7.9051e-07 1.9653e-06 2.6058e-06 1.9435e-06 7.7306e-07 1.2813e-07 1.0000e-15 1.0000e-15 1.0000e-15
5.9700e+00 1.2059e-07 7.1949e-07 1.7887e-06 2.3717e-06 1.7689e-06 7.0361e-07 1.1662e-07 1.0000e-15 1.0000e-15 1.0000e-15
5.9800e+00 1.0976e-07 6.5486e-07 1.6280e-06 2.1586e-06 1.6100e-06 6.4040e-07 1.0614e-07 1.0000e-15 1.0000e-15 1.0000e-15
5.9900e+00 9.9896e-08 5.9603e-07 1.4818e-06 1.9647e-06 1.4653e-06 5.8287e-07 9.6604e-08 1.0000e-15 1.0000e-15 1.0000e-15
6.0000e+00 9.0923e-08 5.4248e-07 1.3487e-06 1.7882e-06 1.3337e-06 5.3050e-07 8.7925e-08 1.0000e-15 1.0000e-15 1.0000e-15
6.0100e+00 8.2755e-08 4.9375e-07 1.2275e-06 1.6275e-06 1.2139e-06 4.8285e-07 8.0026e-08 1.0000e-15 1.0000e-15 1.0000e-15
6.0200e+00 7.5321e-08 4.4939e-07 1.1172e-06 1.4813e-06 1.1048e-06 4.3947e-07 7.2837e-08 1.0000e-15 1.0000e-15 1.0000e-15
6.0300e+00 6.8555e-08 4.0902e-07 1.0169e-06 1.3483e-06 1.0056e-06 3.9999e-07 6.6294e-08 1.0000e-15 1.0000e-15 1.0000e-15
6.0400e+00 6.2397e-08 3.7227e-07 9.2550e-07 1.2271e-06 9.1523e-07 3.6405e-07 6.0338e-08 1.0000e-15 1.0000e-15 1.0000e-15
6.0500e+00 5.6793e-08 3.3883e-07 8.4236e-07 1.1169e-06 8.3301e-07 3.3135e-07 5.4917e-08 1.0000e-15 1.0000e-15 1.0000e-15
6.0600e+00 5.1692e-08 3.0839e-07 7.6668e-07 1.0166e-06 7.5817e-07 3.0158e-07 4.9984e-08 1.0000e-15 1.0000e-15 1.0000e-15
6.0700e+00 4.7049e-08 2.8068e-07 6.9781e-07 9.2523e-07 6.9006e-07 2.7449e-07 4.5493e-08 1.0000e-15 1.0000e-15 1.0000e-15
6.0800e+00 4.2823e-08 2.5547e-07 6.3512e-07 8.4211e-07 6.2807e-07 2.4983e-07 4.1406e-08 1.0000e-15 1.0000e-15 1.0000e-15
6.0900e+00 3.8977e-08 2.3252e-07 5.7806e-07 7.6646e-07 5.7164e-07 2.2739e-07 3.7687e-08 1.0000e-15 1.0000e-15 1.0000e-15
6.1000e+00 3.5477e-08 2.1163e-07 5.2613e-07 6.9760e-07 5.2029e-07 2.0696e-07 3.4301e-08 1.0000e-15 1.0000e-15 1.0000e-15
6.1100e+00 3.2291e-08 1.9262e-07 4.7886e-07 6.3493e-07 4.7355e-07 1.8837e-07 3.1219e-08 1.0000e-15 1.0000e-15 1.0000e-15
6.1200e+00 2.9392e-08 1.7531e-07 4.3584e-07 5.7789e-07 4.3101e-07 1.7144e-07 2.8415e-08 1.0000e-15 1.0000e-15 1.0000e-15
6.1300e+00 2.6753e-08 1.5956e-07 3.9669e-07 5.2597e-07 3.9229e-07 1.5604e-07 2.5862e-08 1.0000e-15 1.0000e-15 1.0000e-15
6.1400e+00 2.4352e-08 1.4523e-07 3.6105e-07 4.7872e-07 3.5704e-07 1.4202e-07 2.3539e-08 1.0000e-15 1.0000e-15 1.0000e-15
6.1500e+00 2.2166e-08 1.3218e-07 3.2862e-07 4.3572e-07 3.2497e-07 1.2926e-07 2.1424e-08 1.0000e-15 1.0000e-15 1.0000e-15
6.1600e+00 2.0177e-08 1.2031e-07 2.9909e-07 3.9657e-07 2.9577e-07 1.1765e-07 1.9499e-08 1.0000e-15 1.0000e-15 1.0000e-15
6.1700e+00 1.8367e-08 1.0950e-07 2.7222e-07 3.6095e-07 2.6920e-07 1.0708e-07 1.7748e-08 1.0000e-15 1.0000e-15 1.0000e-15
6.1800e+00 1.6720e-08 9.9662e-08 2.4777e-07 3.2852e-07 2.4502e-07 9.7462e-08 1.6153e-08 1.0000e-15 1.0000e-15 1.0000e-15
6.1900e+00 1.5221e-08 9.0709e-08 2.2551e-07 2.9901e-07 2.2301e-07 8.8706e-08 1.4702e-08 1.0000e-15 1.0000e-15 1.0000e-15
6.2000e+00 1.3857e-08 8.2560e-08 2.0525e-07 2.7214e-07 2.0297e-07 8.0737e-08 1.3381e-08 1.0000e-15 1.0000e-15 1.0000e-15
6.2100e+00 1.2616e-08 7.5143e-08 1.8681e-07 2.4770e-07 1.8474e-07 7.3484e-08 1.2179e-08 1.0000e-15 1.0000e-15 1.0000e-15
6.2200e+00 1.1487e-08 6.8392e-08 1.7003e-07 2.2544e-07 1.6814e-07 6.6882e-08 1.1085e-08 1.0000e-15 1.0000e-15 1.0000e-15
6.2300e+00 1.0460e-08 6.2248e-08 1.5475e-07 2.0519e-07 1.5304e-07 6.0874e-08 1.0089e-08 1.0000e-15 1.0000e-15 1.0000e-15
6.2400e+00 9.5252e-09 5.6656e-08 1.4085e-07 1.8676e-07 1.3929e-07 5.5405e-08 9.1828e-09 1.0000e-15 1.0000e-15 1.0000e-15
6.2500e+00 8.6750e-09 5.1566e-08 1.2820e-07 1.6998e-07 1.2677e-07 5.0428e-08 8.3579e-09 1.0000e-15 1.0000e-15 1.0000e-15
6.2600e+00 7.9018e-09 4.6934e-08 1.1668e-07 1.5471e-07 1.1539e-07 4.5897e-08 7.6070e-09 1.0000e-15 1.0000e-15 1.0000e-15
6.2700e+00 7.1987e-09 4.2717e-08 1.0620e-07 1.4081e-07 1.0502e-07 4.1774e-08 6.9237e-09 1.0000e-15 1.0000e-15 1.0000e-15
6.2800e+00 6.5594e-09 3.8880e-08 9.6658e-08 1.2816e-07 9.5585e-08 3.8021e-08 6.3016e-09 1.0000e-15 1.0000e-15 1.0000e-15
6.2900e+00 5.9782e-09 3.5387e-08 8.7975e-08 1.1665e-07 8.6998e-08 3.4606e-08 5.7355e-09 1.0000e-15 1.0000e-15 1.0000e-15
6.3000e+00 5.4500e-09 3.2208e-08 8.0071e-08 1.0617e-07 7.9182e-08 3.1497e-08 5.2202e-09 1.0000e-15 1.0000e-15 1.0000e-15
6.3100e+00 4.9701e-09 2.9314e-08 7.2878e-08 9.6630e-08 7.2069e-08 2.8667e-08 4.7513e-09 1.0000e-15 1.0000e-15 1.0000e-15
6.3200e+00 4.5343e-09 2.6681e-08 6.6331e-08 8.7949e-08 6.5594e-08 2.6092e-08 4.3244e-09 1.0000e-15 1.0000e-15 1.0000e-15
6.3300e+00 4.1387e-09 2.4284e-08 6.0372e-08 8.0048e-08 5.9702e-08 2.3748e-08 3.9359e-09 1.0000e-15 1.0000e-15 1.0000e-15
6.3400e+00 3.7797e-09 2.2102e-08 5.4948e-08 7.2857e-08 5.4338e-08 2.1614e-08 3.5823e-09 1.0000e-15 1.0000e-15 1.0000e-15
6.3500e+00 3.4542e-09 2.0117e-08 5.0012e-08 6.6311e-08 4.9457e-08 1.9673e-08 3.2605e-09 1.0000e-15 1.0000e-15 1.0000e-15
6.3600e+00 3.1592e-09 1.8310e-08 4.5519e-08 6.0354e-08 4.5014e-08 1.7905e-08 2.9676e-09 1.0000e-15 1.0000e-15 1.0000e-15
6.3700e+00 2.8922e-09 1.6665e-08 4.1430e-08 5.4932e-08 4.0970e-08 1.6297e-08 2.7010e-09 1.0000e-15 1.0000e-15 1.0000e-15
6.3800e+00 2.6507e-09 1.5168e-08 3.7708e-08 4.9997e-08 3.7289e-08 1.4833e-08 2.4584e-09 1.0000e-15 1.0000e-15 1.0000e-15
6.3900e+00 2.4325e-09 1.3805e-08 3.4320e-08 4.5506e-08 3.3939e-08 1.3500e-08 2.2375e-09 1.0000e-15 1.0000e-15 1.0000e-15
6.4000e+00 2.2357e-09 1.2565e-08 3.1237e-08 4.1417e-08 3.0890e-08 1.2287e-08 2.0365e-09 1.0000e-15 1.0000e-15 1.0000e-15
6.4100e+00 7.0713e-01 9.9435e-03 1.3991e-04 1.3928e-05 1.3751e-05 8.2062e-06 2.7205e-06 3.8652e-07 1.0000e-15 1.0000e-15
6.4200e+00 3.7435e-01 5.2641e-03 7.4265e-05 1.2608e-05 1.2516e-05 7.4690e-06 2.4761e-06 3.5180e-07 1.0000e-15 1.0000e-15
6.4300e+00 1.9818e-01 2.7868e-03 3.9660e-05 1.1457e-05 1.1392e-05 6.7980e-06 2.2536e-06 3.2019e-07 1.0000e-15 1.0000e-15
6.4400e+00 1.0492e-01 1.4753e-03 2.1561e-05 1.0424e-05 1.0369e-05 6.1873e-06 2.0512e-06 2.9143e-07 1.0000e-15 1.0000e-15
6.4500e+00 5.5545e-02 7.8103e-04 1.2286e-05 9.4872e-06 9.4371e-06 5.6314e-06 1.8669e-06 2.6525e-07 1.0000e-15 1.0000e-15
6.4600e+00 2.9405e-02 4.1347e-04 7.7310e-06 8.6353e-06 8.5894e-06 5.1255e-06 1.6992e-06 2.4142e-07 1.0000e-15 1.0000e-15
6.4700e+00 1.5567e-02 2.1888e-04 5.6028e-06 7.8599e-06 7.8177e-06 4.6651e-06 1.5465e-06 2.1973e-07 1.0000e-15 1.0000e-15
6.4800e+00 8.2414e-03 1.1587e-04 4.5836e-06 7.1540e-06 7.1154e-06 4.2460e-06 1.4076e-06 1.9999e-07 1.0000e-15 1.0000e-15
6.4900e+00 4.3630e-03 6.1341e-05 4.0055e-06 6.5115e-06 6.4762e-06 3.8645e-06 1.2812e-06 1.8202e-07 1.0000e-15 1.0000e-15
6.5000e+00 2.3098e-03 3.2479e-05 3.5957e-06 5.9266e-06 5.8944e-06 3.5174e-06 1.1661e-06 1.6567e-07 1.0000e-15 1.0000e-15
6.5100e+00 1.2228e-03 1.7208e-05 3.2585e-06 5.3942e-06 5.3649e-06 3.2014e-06 1.0613e-06 1.5079e-07 1.0000e-15 1.0000e-15
6.5200e+00 6.4735e-04 9.1377e-06 2.9622e-06 4.9096e-06 4.8829e-06 2.9138e-06 9.6596e-07 1.3724e-07 1.0000e-15 1.0000e-15
6.5300e+00 3.4271e-04 4.8857e-06 2.6954e-06 4.4686e-06 4.4442e-06 2.6520e-06 8.7918e-07 1.2491e-07 1.0000e-15 1.0000e-15
6.5400e+00 1.8143e-04 2.6652e-06 2.4532e-06 4.0671e-06 4.0450e-06 2.4138e-06 8.0020e-07 1.1369e-07 1.0000e-15 1.0000e-15
6.5500e+00 9.6049e-05 1.5313e-06 2.2329e-06 3.7018e-06 3.6816e-06 2.1969e-06 7.2831e-07 1.0348e-07 1.0000e-15 1.0000e-15
6.5600e+00 5.0848e-05 9.7790e-07 2.0324e-06 3.3692e-06 3.3508e-06 1.9995e-06 6.6288e-07 9.4181e-08 1.0000e-15 1.0000e-15
6.5700e+00 2.6918e-05 7.2011e-07 1.8499e-06 3.0665e-06 3.0498e-06 1.8199e-06 6.0333e-07 8.5720e-08 1.0000e-15 1.0000e-15
6.5800e+00 1.4250e-05 5.9516e-07 1.6838e-06 2.7910e-06 2.7758e-06 1.6564e-06 5.4913e-07 7.8019e-08 1.0000e-15 1.0000e-15
6.5900e+00 7.5437e-06 5.2245e-07 1.5325e-06 2.5403e-06 2.5265e-06 1.5076e-06 4.9980e-07 7.1010e-08 1.0000e-15 1.0000e-15
6.6000e+00 3.9935e-06 4.6977e-07 1.3948e-06 2.3121e-06 2.2995e-06 1.3722e-06 4.5490e-07 6.4631e-08 1.0000e-15 1.0000e-15
6.6100e+00 2.1142e-06 4.2596e-07 1.2695e-06 2.1044e-06 2.0929e-06 1.2489e-06 4.1403e-07 5.8825e-08 1.0000e-15 1.0000e-15
6.6200e+00 1.1197e-06 3.8729e-07 1.1555e-06 1.9153e-06 1.9049e-06 1.1367e-06 3.7684e-07 5.3540e-08 1.0000e-15 1.0000e-15
6.6300e+00 5.9381e-07 3.5242e-07 1.0517e-06 1.7433e-06 1.7338e-06 1.0346e-06 3.4298e-07 4.8730e-08 1.0000e-15 1.0000e-15
6.6400e+00 3.1622e-07 3.2076e-07 9.5721e-07 1.5867e-06 1.5780e-06 9.4164e-07 3.1217e-07 4.4352e-08 1.0000e-15 1.0000e-15
6.6500e+00 1.7051e-07 2.9196e-07 8.7122e-07 1.4441e-06 1.4362e-06 8.5705e-07 2.8412e-07 4.0368e-08 1.0000e-15 1.0000e-15
6.6600e+00 9.5175e-08 2.6575e-07 7.9295e-07 1.3144e-06 1.3072e-06 7.8005e-07 2.5860e-07 3.6741e-08 1.0000e-15 1.0000e-15
6.6700e+00 5.7545e-08 2.4188e-07 7.2172e-07 1.1963e-06 1.1898e-06 7.0997e-07 2.3537e-07 3.3441e-08 1.0000e-15 1.0000e-15
6.6800e+00 3.9717e-08 2.2015e-07 6.5688e-07 1.0888e-06 1.0829e-06 6.4619e-07 2.1422e-07 3.0436e-08 1.0000e-15 1.0000e-15
6.6900e+00 3.1377e-08 2.0038e-07 5.9787e-07 9.9101e-07 9.8561e-07 5.8814e-07 1.9498e-07 2.7702e-08 1.0000e-15 1.0000e-15
6.7000e+00 2.6972e-08 1.8238e-07 5.4416e-07 9.0198e-07 8.9706e-07 5.3530e-07 1.7746e-07 2.5213e-08 1.0000e-15 1.0000e-15
6.7100e+00 2.4064e-08 1.6599e-07 4.9527e-07 8.2095e-07 8.1647e-07 4.8721e-07 1.6152e-07 2.2948e-08 1.0000e-15 1.0000e-15
6.7200e+00 2.1764e-08 1.5108e-07 4.5078e-07 7.4720e-07 7.4312e-07 4.4344e-07 1.4701e-07 2.0887e-08 1.0000e-15 1.0000e-15
6.7300e+00 1.9773e-08 1.3751e-07 4.1028e-07 6.8007e-07 6.7636e-07 4.0361e-07 1.3380e-07 1.9010e-08 1.0000e-15 1.0000e-15
6.7400e+00 1.7992e-08 1.2516e-07 3.7342e-07 6.1898e-07 6.1560e-07 3.6735e-07 1.2178e-07 1.7303e-08 1.0000e-15 1.0000e-15
6.7500e+00 1.6377e-08 1.1391e-07 3.3988e-07 5.6337e-07 5.6030e-07 3.3435e-07 1.1084e-07 1.5748e-08 1.0000e-15 1.0000e-15
6.7600e+00 1.4910e-08 1.0368e-07 3.0934e-07 5.1276e-07 5.0996e-07 3.0431e-07 1.0088e-07 1.4333e-08 1.0000e-15 1.0000e-15
6.7700e+00 1.3575e-08 9.4365e-08 2.8155e-07 4.6669e-07 4.6415e-07 2.7697e-07 9.1821e-08 1.3046e-08 1.0000e-15 1.0000e-15
6.7800e+00 1.2360e-08 8.5888e-08 2.5626e-07 4.2477e-07 4.2245e-07 2.5209e-07 8.3572e-08 1.1874e-08 1.0000e-15 1.0000e-15
6.7900e+00 1.1254e-08 7.8172e-08 2.3324e-07 3.8661e-07 3.8450e-07 2.2944e-07 7.6064e-08 1.0807e-08 1.0000e-15 1.0000e-15
6.8000e+00 1.0248e-08 7.1149e-08 2.1228e-07 3.5188e-07 3.4996e-07 2.0883e-07 6.9231e-08 9.8362e-09 1.0000e-15 1.0000e-15
6.8100e+00 9.3332e-09 6.4757e-08 1.9321e-07 3.2026e-07 3.1852e-07 1.9007e-07 6.3011e-08 8.9525e-09 1.0000e-15 1.0000e-15
6.8200e+00 8.5008e-09 5.8940e-08 1.7585e-07 2.9149e-07 2.8990e-07 1.7299e-07 5.7350e-08 8.1482e-09 1.0000e-15 1.0000e-15
6.8300e+00 7.7436e-09 5.3645e-08 1.6006e-07 2.6531e-07 2.6386e-07 1.5745e-07 5.2198e-08 7.4162e-09 1.0000e-15 1.0000e-15
6.8400e+00 7.0551e-09 4.8826e-08 1.4568e-07 2.4147e-07 2.4016e-07 1.4331e-07 4.7509e-08 6.7500e-09 1.0000e-15 1.0000e-15
6.8500e+00 6.4292e-09 4.4439e-08 1.3259e-07 2.1978e-07 2.1858e-07 1.3043e-07 4.3241e-08 6.1436e-09 1.0000e-15 1.0000e-15
6.8600e+00 5.8603e-09 4.0447e-08 1.2068e-07 2.0003e-07 1.9894e-07 1.1872e-07 3.9356e-08 5.5917e-09 1.0000e-15 1.0000e-15
6.8700e+00 5.3433e-09 3.6813e-08 1.0984e-07 1.8206e-07 1.8107e-07 1.0805e-07 3.5821e-08 5.0893e-09 1.0000e-15 1.0000e-15
6.8800e+00 4.8736e-09 3.3506e-08 9.9970e-08 1.6571e-07 1.6480e-07 9.8344e-08 3.2603e-08 4.6321e-09 1.0000e-15 1.0000e-15
6.8900e+00 4.4471e-09 3.0496e-08 9.0989e-08 1.5082e-07 1.5000e-07 8.9509e-08 2.9674e-08 4.2160e-09 1.0000e-15 1.0000e-15
6.9000e+00 4.0601e-09 2.7756e-08 8.2815e-08 1.3727e-07 1.3652e-07 8.1468e-08 2.7008e-08 3.8373e-09 1.0000e-15 1.0000e-15
6.9100e+00 3.7090e-09 2.5263e-08 7.5375e-08 1.2494e-07 1.2426e-07 7.4149e-08 2.4582e-08 3.4925e-09 1.0000e-15 1.0000e-15
6.9200e+00 3.3907e-09 2.2993e-08 6.8604e-08 1.1372e-07 1.1310e-07 6.7488e-08 2.2373e-08 3.1788e-09 1.0000e-15 1.0000e-15
6.9300e+00 3.1024e-09 2.0928e-08 6.2440e-08 1.0350e-07 1.0294e-07 6.1425e-08 2.0363e-08 2.8932e-09 1.0000e-15 1.0000e-15
6.9400e+00 2.8415e-09 1.9048e-08 5.6831e-08 9.4202e-08 9.3688e-08 5.5906e-08 1.8534e-08 2.6333e-09 1.0000e-15 1.0000e-15
6.9500e+00 2.6057e-09 1.7336e-08 5.1725e-08 8.5739e-08 8.5272e-08 5.0884e-08 1.6869e-08 2.3967e-09 1.0000e-15 1.0000e-15
6.9600e+00 2.3928e-09 1.5779e-08 4.7079e-08 7.8037e-08 7.7611e-08 4.6313e-08 1.5353e-08 2.1814e-09 1.0000e-15 1.0000e-15
6.9700e+00 2.2009e-09 1.4361e-08 4.2849e-08 7.1026e-08 7.0639e-08 4.2152e-08 1.3974e-08 1.9855e-09 1.0000e-15 1.0000e-15
6.9800e+00 2.0283e-09 1.3071e-08 3.9000e-08 6.4645e-08 6.4293e-08 3.8365e-08 1.2719e-08 1.8071e-09 1.0000e-15 1.0000e-15
6.9900e+00 1.8732e-09 1.1897e-08 3.5496e-08 5.8838e-08 5.8517e-08 3.4919e-08 1.1576e-08 1.6447e-09 1.0000e-15 1.0000e-15
7.0000e+00 1.7343e-09 1.0828e-08 3.2307e-08 5.3552e-08 5.3260e-08 3.1782e-08 1.0536e-08 1.4970e-09 1.0000e-15 1.0000e-15
7.0100e+00 1.6102e-09 9.8554e-09 2.9405e-08 4.8741e-08 4.8475e-08 2.8927e-08 9.5896e-09 1.3625e-09 1.0000e-15 1.0000e-15
7.0200e+00 1.4996e-09 8.9700e-09 2.6763e-08 4.4362e-08 4.4120e-08 2.6328e-08 8.7281e-09 1.2401e-09 1.0000e-15 1.0000e-15
7.0300e+00 1.4014e-09 8.1642e-09 2.4359e-08 4.0377e-08 4.0157e-08 2.3963e-08 7.9440e-09 1.1287e-09 1.0000e-15 1.0000e-15
7.0400e+00 1.3145e-09 7.4307e-09 2.2171e-08 3.6750e-08 3.6549e-08 2.1810e-08 7.2303e-09 1.0273e-09 1.0000e-15 1.0000e-15
7.0500e+00 1.2379e-09 6.7632e-09 2.0179e-08 3.3448e-08 3.3266e-08 1.9851e-08 6.5808e-09 9.3501e-10 1.0000e-15 1.0000e-15
7.0600e+00 1.1707e-09 6.1556e-09 1.8366e-08 3.0443e-08 3.0277e-08 1.8067e-08 5.9896e-09 8.5099e-10 1.0000e-15 1.0000e-15
7.0700e+00 1.1119e-09 5.6026e-09 1.6716e-08 2.7708e-08 2.7557e-08 1.6444e-08 5.4516e-09 7.7453e-10 1.0000e-15 1.0000e-15
7.0800e+00 1.0607e-09 5.0992e-09 1.5214e-08 2.5219e-08 2.5082e-08 1.4967e-08 4.9618e-09 7.0494e-10 1.0000e-15 1.0000e-15
7.0900e+00 1.0164e-09 4.6411e-09 1.3848e-08 2.2953e-08 2.2828e-08 1.3622e-08 4.5160e-09 6.4161e-10 1.0000e-15 1.0000e-15
7.1000e+00 9.7817e-10 4.2242e-09 1.2604e-08 2.0891e-08 2.0777e-08 1.2398e-08 4.1103e-09 5.8398e-10 1.0000e-15 1.0000e-15
7.1100e+00 9.4532e-10 3.8447e-09 1.1471e-08 1.9015e-08 1.8911e-08 1.1285e-08 3.7411e-09 5.3151e-10 1.0000e-15 1.0000e-15
7.1200e+00 9.1722e-10 3.4993e-09 1.0441e-08 1.7306e-08 1.7212e-08 1.0271e-08 3.4050e-09 4.8376e-10 1.0000e-15 1.0000e-15
7.1300e+00 8.9327e-10 3.1849e-09 9.5028e-09 1.5752e-08 1.5666e-08 9.3482e-09 3.0991e-09 4.4030e-10 1.0000e-15 1.0000e-15
7.1400e+00 8.7294e-10 2.8988e-09 8.6491e-09 1.4336e-08 1.4258e-08 8.5084e-09 2.8207e-09 4.0073e-10 1.0000e-15 1.0000e-15
7.1500e+00 8.5572e-10 2.6384e-09 7.8721e-09 1.3049e-08 1.2977e-08 7.7440e-09 2.5673e-09 3.6474e-10 1.0000e-15 1.0000e-15
7.1600e+00 8.4118e-10 2.4013e-09 7.1649e-09 1.1876e-08 1.1812e-08 7.0483e-09 2.3367e-09 3.3198e-10 1.0000e-15 1.0000e-15
7.1700e+00 8.2896e-10 2.1856e-09 6.5212e-09 1.0809e-08 1.0750e-08 6.4151e-09 2.1267e-09 3.0215e-10 1.0000e-15 1.0000e-15
7.1800e+00 8.1869e-10 1.9893e-09 5.9354e-09 9.8383e-09 9.7847e-09 5.8388e-09 1.9357e-09 2.7501e-10 1.0000e-15 1.0000e-15
7.1900e+00 8.1008e-10 1.8105e-09 5.4022e-09 8.9545e-09 8.9057e-09 5.3142e-09 1.7618e-09 2.5031e-10 1.0000e-15 1.0000e-15
7.2000e+00 8.0288e-10 1.6479e-09 4.9168e-09 8.1500e-09 8.1056e-09 4.8368e-09 1.6035e-09 2.2782e-10 1.0000e-15 1.0000e-15
7.2100e+00 7.0713e-01 9.9436e-03 1.3981e-04 3.1404e-06 3.0922e-06 2.4608e-06 1.2238e-06 3.4779e-07 4.3240e-08 1.0000e-15
7.2200e+00 3.7435e-01 5.2642e-03 7.4011e-05 2.4732e-06 2.8146e-06 2.2398e-06 1.1139e-06 3.1654e-07 3.9356e-08 1.0000e-15
7.2300e+00 1.9818e-01 2.7869e-03 3.9182e-05 2.1226e-06 2.5618e-06 2.0386e-06 1.0138e-06 2.8811e-07 3.5820e-08 1.0000e-15
7.2400e+00 1.0492e-01 1.4754e-03 2.0750e-05 1.8924e-06 2.3317e-06 1.8554e-06 9.2273e-07 2.6222e-07 3.2602e-08 1.0000e-15
7.2500e+00 5.5545e-02 7.8106e-04 1.1000e-05 1.7110e-06 2.1223e-06 1.6887e-06 8.3984e-07 2.3867e-07 2.9673e-08 1.0000e-15
7.2600e+00 2.9405e-02 4.1349e-04 5.8516e-06 1.5542e-06 1.9316e-06 1.5370e-06 7.6439e-07 2.1723e-07 2.7007e-08 1.0000e-15
7.2700e+00 1.5567e-02 2.1890e-04 3.1457e-06 1.4139e-06 1.7581e-06 1.3989e-06 6.9572e-07 1.9771e-07 2.4581e-08 1.0000e-15
7.2800e+00 8.2414e-03 1.1589e-04 1.7415e-06 1.2868e-06 1.6002e-06 1.2733e-06 6.3322e-07 1.7995e-07 2.2373e-08 1.0000e-15
7.2900e+00 4.3630e-03 6.1349e-05 1.0350e-06 1.1712e-06 1.4564e-06 1.1589e-06 5.7633e-07 1.6378e-07 2.0363e-08 1.0000e-15
7.3000e+00 2.3098e-03 3.2477e-05 6.9733e-07 1.0661e-06 1.3256e-06 1.0548e-06 5.2456e-07 1.4907e-07 1.8534e-08 1.0000e-15
7.3100e+00 1.2228e-03 1.7193e-05 5.4019e-07 9.7034e-07 1.2065e-06 9.6002e-07 4.7743e-07 1.3568e-07 1.6869e-08 1.0000e-15
7.3200e+00 6.4736e-04 9.1015e-06 4.5966e-07 8.8319e-07 1.0981e-06 8.7377e-07 4.3454e-07 1.2349e-07 1.5353e-08 1.0000e-15
7.3300e+00 3.4271e-04 4.8183e-06 4.0844e-07 8.0386e-07 9.9946e-07 7.9527e-07 3.9550e-07 1.1239e-07 1.3974e-08 1.0000e-15
7.3400e+00 1.8143e-04 2.5514e-06 3.6885e-07 7.3165e-07 9.0967e-07 7.2383e-07 3.5997e-07 1.0230e-07 1.2718e-08 1.0000e-15
7.3500e+00 9.6050e-05 1.3522e-06 3.3493e-07 6.6593e-07 8.2795e-07 6.5880e-07 3.2763e-07 9.3107e-08 1.1576e-08 1.0000e-15
7.3600e+00 5.0849e-05 7.1868e-07 3.0466e-07 6.0610e-07 7.5357e-07 5.9962e-07 2.9820e-07 8.4743e-08 1.0536e-08 1.0000e-15
7.3700e+00 2.6920e-05 3.8531e-07 2.7726e-07 5.5165e-07 6.8587e-07 5.4575e-07 2.7141e-07 7.7130e-08 9.5895e-09 1.0000e-15
7.3800e+00 1.4251e-05 2.1177e-07 2.5236e-07 5.0210e-07 6.2425e-07 4.9672e-07 2.4703e-07 7.0201e-08 8.7279e-09 1.0000e-15
7.3900e+00 7.5446e-06 1.2384e-07 2.2970e-07 4.5699e-07 5.6817e-07 4.5210e-07 2.2484e-07 6.3894e-08 7.9439e-09 1.0000e-15
7.4000e+00 3.9941e-06 8.1424e-08 2.0908e-07 4.1594e-07 5.1713e-07 4.1148e-07 2.0464e-07 5.8154e-08 7.2302e-09 1.0000e-15
7.4100e+00 2.1144e-06 6.1716e-08 1.9030e-07 3.7857e-07 4.7067e-07 3.7452e-07 1.8625e-07 5.2930e-08 6.5806e-09 1.0000e-15
7.4200e+00 1.1193e-06 5.1891e-08 1.7321e-07 3.4456e-07 4.2839e-07 3.4087e-07 1.6952e-07 4.8175e-08 5.9895e-09 1.0000e-15
7.4300e+00 5.9255e-07 4.5885e-08 1.5765e-07 3.1361e-07 3.8990e-07 3.1025e-07 1.5429e-07 4.3847e-08 5.4514e-09 1.0000e-15
7.4400e+00 3.1369e-07 4.1367e-08 1.4349e-07 2.8543e-07 3.5487e-07 2.8238e-07 1.4043e-07 3.9908e-08 4.9617e-09 1.0000e-15
7.4500e+00 1.6607e-07 3.7541e-08 1.3060e-07 2.5979e-07 3.2299e-07 2.5701e-07 1.2781e-07 3.6322e-08 4.5160e-09 1.0000e-15
7.4600e+00 8.7956e-08 3.4142e-08 1.1886e-07 2.3645e-07 2.9398e-07 2.3392e-07 1.1633e-07 3.3059e-08 4.1103e-09 1.0000e-15
7.4700e+00 4.6645e-08 3.1071e-08 1.0819e-07 2.1521e-07 2.6757e-07 2.1290e-07 1.0588e-07 3.0089e-08 3.7410e-09 1.0000e-15
7.4800e+00 2.4843e-08 2.8280e-08 9.8466e-08 1.9588e-07 2.4353e-07 1.9378e-07 9.6369e-08 2.7386e-08 3.4050e-09 1.0000e-15
7.4900e+00 1.3403e-08 2.5741e-08 8.9620e-08 1.7828e-07 2.2165e-07 1.7637e-07 8.7712e-08 2.4926e-08 3.0991e-09 1.0000e-15
7.5000e+00 7.4962e-09 2.3430e-08 8.1569e-08 1.6226e-07 2.0174e-07 1.6053e-07 7.9832e-08 2.2687e-08 2.8206e-09 1.0000e-15
7.5100e+00 4.5588e-09 2.1325e-08 7.4241e-08 1.4769e-07 1.8362e-07 1.4610e-07 7.2660e-08 2.0649e-08 2.5673e-09 1.0000e-15
7.5200e+00 3.1821e-09 1.9410e-08 6.7572e-08 1.3442e-07 1.6712e-07 1.3298e-07 6.6132e-08 1.8794e-08 2.3366e-09 1.0000e-15
7.5300e+00 2.5502e-09 1.7666e-08 6.1501e-08 1.2234e-07 1.5211e-07 1.2103e-07 6.0191e-08 1.7105e-08 2.1267e-09 1.0000e-15
7.5400e+00 2.2244e-09 1.6079e-08 5.5976e-08 1.1135e-07 1.3844e-07 1.1016e-07 5.4784e-08 1.5569e-08 1.9356e-09 1.0000e-15
7.5500e+00 2.0144e-09 1.4635e-08 5.0947e-08 1.0135e-07 1.2600e-07 1.0026e-07 4.9862e-08 1.4170e-08 1.7618e-09 1.0000e-15
7.5600e+00 1.8516e-09 1.3320e-08 4.6370e-08 9.2243e-08 1.1468e-07 9.1255e-08 4.5383e-08 1.2897e-08 1.6035e-09 1.0000e-15
7.5700e+00 1.7135e-09 1.2124e-08 4.2205e-08 8.3956e-08 1.0438e-07 8.3057e-08 4.1306e-08 1.1738e-08 1.4594e-09 1.0000e-15
7.5800e+00 1.5923e-09 1.1034e-08 3.8413e-08 7.6414e-08 9.5005e-08 7.5596e-08 3.7595e-08 1.0684e-08 1.3283e-09 1.0000e-15
7.5900e+00 1.4851e-09 1.0043e-08 3.4962e-08 6.9549e-08 8.6470e-08 6.8804e-08 3.4218e-08 9.7240e-09 1.2090e-09 1.0000e-15
7.6000e+00 1.3901e-09 9.1409e-09 3.1821e-08 6.3301e-08 7.8702e-08 6.2623e-08 3.1144e-08 8.8504e-09 1.1004e-09 1.0000e-15
7.6100e+00 1.3061e-09 8.3197e-09 2.8963e-08 5.7614e-08 7.1631e-08 5.6997e-08 2.8346e-08 8.0553e-09 1.0015e-09 1.0000e-15
7.6200e+00 1.2323e-09 7.5723e-09 2.6361e-08 5.2438e-08 6.5196e-08 5.1877e-08 2.5799e-08 7.3317e-09 9.1155e-10 1.0000e-15
7.6300e+00 1.1675e-09 6.8920e-09 2.3993e-08 4.7727e-08 5.9339e-08 4.7216e-08 2.3482e-08 6.6730e-09 8.2966e-10 1.0000e-15
7.6400e+00 1.1110e-09 6.2728e-09 2.1837e-08 4.3440e-08 5.4008e-08 4.2975e-08 2.1372e-08 6.0735e-09 7.5512e-10 1.0000e-15
7.6500e+00 1.0619e-09 5.7093e-09 1.9875e-08 3.9537e-08 4.9156e-08 3.9114e-08 1.9452e-08 5.5279e-09 6.8728e-10 1.0000e-15
7.6600e+00 1.0195e-09 5.1964e-09 1.8090e-08 3.5985e-08 4.4740e-08 3.5600e-08 1.7705e-08 5.0313e-09 6.2554e-10 1.0000e-15
7.6700e+00 9.8293e-10 4.7296e-09 1.6465e-08 3.2753e-08 4.0721e-08 3.2402e-08 1.6114e-08 4.5793e-09 5.6934e-10 1.0000e-15
7.6800e+00 9.5159e-10 4.3047e-09 1.4986e-08 2.9810e-08 3.7063e-08 2.9491e-08 1.4666e-08 4.1679e-09 5.1819e-10 1.0000e-15
7.6900e+00 9.2483e-10 3.9180e-09 1.3639e-08 2.7132e-08 3.3733e-08 2.6842e-08 1.3349e-08 3.7935e-09 4.7164e-10 1.0000e-15
7.7000e+00 9.0204e-10 3.5660e-09 1.2414e-08 2.4695e-08 3.0703e-08 2.4430e-08 1.2150e-08 3.4527e-09 4.2926e-10 1.0000e-15
7.7100e+00 8.8274e-10 3.2456e-09 1.1299e-08 2.2476e-08 2.7944e-08 2.2236e-08 1.1058e-08 3.1425e-09 3.9070e-10 1.0000e-15
7.7200e+00 8.6640e-10 2.9541e-09 1.0284e-08 2.0457e-08 2.5434e-08 2.0238e-08 1.0065e-08 2.8602e-09 3.5563e-10 1.0000e-15
7.7300e+00 8.5265e-10 2.6887e-09 9.3599e-09 1.8619e-08 2.3149e-08 1.8420e-08 9.1605e-09 2.6032e-09 3.2370e-10 1.0000e-15
7.7400e+00 8.4112e-10 2.4471e-09 8.5190e-09 1.6946e-08 2.1069e-08 1.6765e-08 8.3376e-09 2.3694e-09 2.9462e-10 1.0000e-15
7.7500e+00 8.3141e-10 2.2273e-09 7.7537e-09 1.5424e-08 1.9177e-08 1.5259e-08 7.5885e-09 2.1565e-09 2.6816e-10 1.0000e-15
7.7600e+00 8.2328e-10 2.0272e-09 7.0571e-09 1.4038e-08 1.7454e-08 1.3888e-08 6.9068e-09 1.9628e-09 2.4405e-10 1.0000e-15
7.7700e+00 8.1649e-10 1.8451e-09 6.4231e-09 1.2777e-08 1.5886e-08 1.2640e-08 6.2863e-09 1.7865e-09 2.2211e-10 1.0000e-15
7.7800e+00 8.1080e-10 1.6793e-09 5.8460e-09 1.1629e-08 1.4459e-08 1.1505e-08 5.7216e-09 1.6259e-09 2.0218e-10 1.0000e-15
7.7900e+00 8.0606e-10 1.5284e-09 5.3208e-09 1.0585e-08 1.3160e-08 1.0471e-08 5.2076e-09 1.4799e-09 1.8404e-10 1.0000e-15
7.8000e+00 8.0211e-10 1.3911e-09 4.8428e-09 9.6337e-09 1.1978e-08 9.5305e-09 4.7397e-09 1.3469e-09 1.6752e-10 1.0000e-15
7.8100e+00 7.9887e-10 1.2662e-09 4.4078e-09 8.7683e-09 1.0902e-08 8.6744e-09 4.3139e-09 1.2259e-09 1.5248e-10 1.0000e-15
7.8200e+00 7.9614e-10 1.1524e-09 4.0118e-09 7.9805e-09 9.9222e-09 7.8951e-09 3.9264e-09 1.1158e-09 1.3877e-10 1.0000e-15
7.8300e+00 7.9389e-10 1.0489e-09 3.6514e-09 7.2636e-09 9.0308e-09 7.1858e-09 3.5736e-09 1.0156e-09 1.2631e-10 1.0000e-15
7.8400e+00 7.9201e-10 9.5463e-10 3.3234e-09 6.6111e-09 8.2195e-09 6.5403e-09 3.2526e-09 9.2433e-10 1.1496e-10 1.0000e-15
7.8500e+00 7.9043e-10 8.6888e-10 3.0248e-09 6.0172e-09 7.4811e-09 5.9527e-09 2.9604e-09 8.4133e-10 1.0460e-10 1.0000e-15
7.8600e+00 7.8912e-10 7.9082e-10 2.7531e-09 5.4766e-09 6.8090e-09 5.4179e-09 2.6944e-09 7.6575e-10 9.5224e-11 1.0000e-15
7.8700e+00 7.8804e-10 7.1976e-10 2.5058e-09 4.9846e-09 6.1973e-09 4.9312e-09 2.4524e-09 6.9694e-10 8.6671e-11 1.0000e-15
7.8800e+00 7.8714e-10 6.5511e-10 2.2807e-09 4.5368e-09 5.6406e-09 4.4882e-09 2.2321e-09 6.3432e-10 7.8886e-11 1.0000e-15
7.8900e+00 7.8639e-10 5.9627e-10 2.0758e-09 4.1292e-09 5.1338e-09 4.0850e-09 2.0315e-09 5.7733e-10 7.1788e-11 1.0000e-15
7.9000e+00 7.8577e-10 5.4270e-10 1.8893e-09 3.7583e-09 4.6726e-09 3.7180e-09 1.8490e-09 5.2546e-10 6.5343e-11 1.0000e-15
7.9100e+00 7.8525e-10 4.9394e-10 1.7195e-09 3.4206e-09 4.2529e-09 3.3840e-09 1.6829e-09 4.7824e-10 5.9484e-11 1.0000e-15
7.9200e+00 7.8483e-10 4.4957e-10 1.5651e-09 3.1133e-09 3.8708e-09 3.0800e-09 1.5318e-09 4.3527e-10 5.4144e-11 1.0000e-15
7.9300e+00 7.8448e-10 4.0918e-10 1.4245e-09 2.8336e-09 3.5231e-09 2.8033e-09 1.3942e-09 3.9617e-10 4.9275e-11 1.0000e-15
7.9400e+00 7.8419e-10 3.7243e-10 1.2965e-09 2.5791e-09 3.2065e-09 2.5514e-09 1.2689e-09 3.6058e-10 4.4835e-11 1.0000e-15
7.9500e+00 7.8396e-10 3.3897e-10 1.1800e-09 2.3474e-09 2.9185e-09 2.3222e-09 1.1549e-09 3.2820e-10 4.0801e-11 1.0000e-15
7.9600e+00 7.8376e-10 3.0852e-10 1.0740e-09 2.1365e-09 2.6563e-09 2.1136e-09 1.0511e-09 2.9871e-10 3.7141e-11 1.0000e-15
7.9700e+00 7.8359e-10 2.8080e-10 9.7752e-10 1.9446e-09 2.4177e-09 1.9237e-09 9.5672e-10 2.7187e-10 3.3810e-11 1.0000e-15
7.9800e+00 7.8345e-10 2.5557e-10 8.8971e-10 1.7699e-09 2.2005e-09 1.7509e-09 8.7077e-10 2.4745e-10 3.0769e-11 1.0000e-15
7.9900e+00 7.8334e-10 2.3262e-10 8.0978e-10 1.6109e-09 2.0028e-09 1.5936e-09 7.9255e-10 2.2522e-10 2.8003e-11 1.0000e-15
8.0000e+00 7.8325e-10 2.1172e-10 7.3704e-10 1.4661e-09 1.8229e-09 1.4504e-09 7.2135e-10 2.0499e-10 2.5495e-11 1.0000e-15
