# columns=iterations, rows=time
0.0000e+00 1.0000e-15 1.0000e-15 1.0000e-15 1.0000e-15 1.0000e-15 1.0000e-15 1.0000e-15 1.0000e-15 1.0000e-15 1.0000e-15
1.0000e-02 1.0000e-15 1.0000e-15 1.0000e-15 1.0000e-15 1.0000e-15 1.0000e-15 1.0000e-15 1.0000e-15 1.0000e-15 1.0000e-15
2.0000e-02 1.0000e-15 1.0000e-15 1.0000e-15 1.0000e-15 1.0000e-15 1.0000e-15 1.0000e-15 1.0000e-15 1.0000e-15 1.0000e-15
3.0000e-02 1.0000e-15 1.0000e-15 1.0000e-15 1.0000e-15 1.0000e-15 1.0000e-15 1.0000e-15 1.0000e-15 1.0000e-15 1.0000e-15
4.0000e-02 1.0000e-15 1.0000e-15 1.0000e-15 1.0000e-15 1.0000e-15 1.0000e-15 1.0000e-15 1.0000e-15 1.0000e-15 1.0000e-15
5.0000e-02 1.0000e-15 1.0000e-15 1.0000e-15 1.0000e-15 1.0000e-15 1.0000e-15 1.0000e-15 1.0000e-15 1.0000e-15 1.0000e-15
6.0000e-02 1.0000e-15 1.0000e-15 1.0000e-15 1.0000e-15 1.0000e-15 1.0000e-15 1.0000e-15 1.0000e-15 1.0000e-15 1.0000e-15
7.0000e-02 1.0000e-15 1.0000e-15 1.0000e-15 1.0000e-15 1.0000e-15 1.0000e-15 1.0000e-15 1.0000e-15 1.0000e-15 1.0000e-15
8.0000e-02 1.0000e-15 1.0000e-15 1.0000e-15 1.0000e-15 1.0000e-15 1.0000e-15 1.0000e-15 1.0000e-15 1.0000e-15 1.0000e-15
9.0000e-02 1.0000e-15 1.0000e-15 1.0000e-15 1.0000e-15 1.0000e-15 1.0000e-15 1.0000e-15 1.0000e-15 1.0000e-15 1.0000e-15
1.0000e-01 1.0000e-15 1.0000e-15 1.0000e-15 1.0000e-15 1.0000e-15 1.0000e-15 1.0000e-15 1.0000e-15 1.0000e-15 1.0000e-15
1.1000e-01 1.0000e-15 1.0000e-15 1.0000e-15 1.0000e-15 1.0000e-15 1.0000e-15 1.0000e-15 1.0000e-15 1.0000e-15 1.0000e-15
1.2000e-01 1.0000e-15 1.0000e-15 1.0000e-15 1.0000e-15 1.0000e-15 1.0000e-15 1.0000e-15 1.0000e-15 1.0000e-15 1.0000e-15
1.3000e-01 1.0000e-15 1.0000e-15 1.0000e-15 1.0000e-15 1.0000e-15 1.0000e-15 1.0000e-15 1.0000e-15 1.0000e-15 1.0000e-15
1.4000e-01 1.0000e-15 1.0000e-15 1.0000e-15 1.0000e-15 1.0000e-15 1.0000e-15 1.0000e-15 1.0000e-15 1.0000e-15 1.0000e-15
1.5000e-01 1.0000e-15 1.0000e-15 1.0000e-15 1.0000e-15 1.0000e-15 1.0000e-15 1.0000e-15 1.0000e-15 1.0000e-15 1.0000e-15
1.6000e-01 1.0000e-15 1.0000e-15 1.0000e-15 1.0000e-15 1.0000e-15 1.0000e-15 1.0000e-15 1.0000e-15 1.0000e-15 1.0000e-15
1.7000e-01 1.0000e-15 1.0000e-15 1.0000e-15 1.0000e-15 1.0000e-15 1.0000e-15 1.0000e-15 1.0000e-15 1.0000e-15 1.0000e-15
1.8000e-01 1.0000e-15 1.0000e-15 1.0000e-15 1.0000e-15 1.0000e-15 1.0000e-15 1.0000e-15 1.0000e-15 1.0000e-15 1.0000e-15
1.9000e-01 1.0000e-15 1.0000e-15 1.0000e-15 1.0000e-15 1.0000e-15 1.0000e-15 1.0000e-15 1.0000e-15 1.0000e-15 1.0000e-15
2.0000e-01 1.0000e-15 1.0000e-15 1.0000e-15 1.0000e-15 1.0000e-15 1.0000e-15 1.0000e-15 1.0000e-15 1.0000e-15 1.0000e-15
2.1000e-01 1.0000e-15 1.0000e-15 1.0000e-15 1.0000e-15 1.0000e-15 1.0000e-15 1.0000e-15 1.0000e-15 1.0000e-15 1.0000e-15
2.2000e-01 1.0000e-15 1.0000e-15 1.0000e-15 1.0000e-15 1.0000e-15 1.0000e-15 1.0000e-15 1.0000e-15 1.0000e-15 1.0000e-15
2.3000e-01 1.0000e-15 1.0000e-15 1.0000e-15 1.0000e-15 1.0000e-15 1.0000e-15 1.0000e-15 1.0000e-15 1.0000e-15 1.0000e-15
2.4000e-01 1.0000e-15 1.0000e-15 1.0000e-15 1.0000e-15 1.0000e-15 1.0000e-15 1.0000e-15 1.0000e-15 1.0000e-15 1.0000e-15
2.5000e-01 1.0000e-15 1.0000e-15 1.0000e-15 1.0000e-15 1.0000e-15 1.0000e-15 1.0000e-15 1.0000e-15 1.0000e-15 1.0000e-15
2.6000e-01 1.0000e-15 1.0000e-15 1.0000e-15 1.0000e-15 1.0000e-15 1.0000e-15 1.0000e-15 1.0000e-15 1.0000e-15 1.0000e-15
2.7000e-01 1.0000e-15 1.0000e-15 1.0000e-15 1.0000e-15 1.0000e-15 1.0000e-15 1.0000e-15 1.0000e-15 1.0000e-15 1.0000e-15
2.8000e-01 1.0000e-15 1.0000e-15 1.0000e-15 1.0000e-15 1.0000e-15 1.0000e-15 1.0000e-15 1.0000e-15 1.0000e-15 1.0000e-15
2.9000e-01 1.0000e-15 1.0000e-15 1.0000e-15 1.0000e-15 1.0000e-15 1.0000e-15 1.0000e-15 1.0000e-15 1.0000e-15 1.0000e-15
3.0000e-01 1.0000e-15 1.0000e-15 1.0000e-15 1.0000e-15 1.0000e-15 1.0000e-15 1.0000e-15 1.0000e-15 1.0000e-15 1.0000e-15
3.1000e-01 1.0000e-15 1.0000e-15 1.0000e-15 1.0000e-15 1.0000e-15 1.0000e-15 1.0000e-15 1.0000e-15 1.0000e-15 1.0000e-15
3.2000e-01 1.0000e-15 1.0000e-15 1.0000e-15 1.0000e-15 1.0000e-15 1.0000e-15 1.0000e-15 1.0000e-15 1.0000e-15 1.0000e-15
3.3000e-01 1.0000e-15 1.0000e-15 1.0000e-15 1.0000e-15 1.0000e-15 1.0000e-15 1.0000e-15 1.0000e-15 1.0000e-15 1.0000e-15
3.4000e-01 1.0000e-15 1.0000e-15 1.0000e-15 1.0000e-15 1.0000e-15 1.0000e-15 1.0000e-15 1.0000e-15 1.0000e-15 1.0000e-15
3.5000e-01 1.0000e-15 1.0000e-15 1.0000e-15 1.0000e-15 1.0000e-15 1.0000e-15 1.0000e-15 1.0000e-15 1.0000e-15 1.0000e-15
3.6000e-01 1.0000e-15 1.0000e-15 1.0000e-15 1.0000e-15 1.0000e-15 1.0000e-15 1.0000e-15 1.0000e-15 1.0000e-15 1.0000e-15
3.7000e-01 1.0000e-15 1.0000e-15 1.0000e-15 1.0000e-15 1.0000e-15 1.0000e-15 1.0000e-15 1.0000e-15 1.0000e-15 1.0000e-15
3.8000e-01 1.0000e-15 1.0000e-15 1.0000e-15 1.0000e-15 1.0000e-15 1.0000e-15 1.0000e-15 1.0000e-15 1.0000e-15 1.0000e-15
3.9000e-01 1.0000e-15 1.0000e-15 1.0000e-15 1.0000e-15 1.0000e-15 1.0000e-15 1.0000e-15 1.0000e-15 1.0000e-15 1.0000e-15
4.0000e-01 1.0000e-15 1.0000e-15 1.0000e-15 1.0000e-15 1.0000e-15 1.0000e-15 1.0000e-15 1.0000e-15 1.0000e-15 1.0000e-15
4.1000e-01 8.0209e-01 1.0000e-15 1.0000e-15 1.0000e-15 1.0000e-15 1.0000e-15 1.0000e-15 1.0000e-15 1.0000e-15 1.0000e-15
4.2000e-01 5.0533e-01 1.0000e-15 1.0000e-15 1.0000e-15 1.0000e-15 1.0000e-15 1.0000e-15 1.0000e-15 1.0000e-15 1.0000e-15
4.3000e-01 3.6474e-01 1.0000e-15 1.0000e-15 1.0000e-15 1.0000e-15 1.0000e-15 1.0000e-15 1.0000e-15 1.0000e-15 1.0000e-15
4.4000e-01 2.9642e-01 1.0000e-15 1.0000e-15 1.0000e-15 1.0000e-15 1.0000e-15 1.0000e-15 1.0000e-15 1.0000e-15 1.0000e-15
4.5000e-01 2.5760e-01 1.0000e-15 1.0000e-15 1.0000e-15 1.0000e-15 1.0000e-15 1.0000e-15 1.0000e-15 1.0000e-15 1.0000e-15
4.6000e-01 2.3042e-01 1.0000e-15 1.0000e-15 1.0000e-15 1.0000e-15 1.0000e-15 1.0000e-15 1.0000e-15 1.0000e-15 1.0000e-15
4.7000e-01 2.0836e-01 1.0000e-15 1.0000e-15 1.0000e-15 1.0000e-15 1.0000e-15 1.0000e-15 1.0000e-15 1.0000e-15 1.0000e-15
4.8000e-01 1.8918e-01 1.0000e-15 1.0000e-15 1.0000e-15 1.0000e-15 1.0000e-15 1.0000e-15 1.0000e-15 1.0000e-15 1.0000e-15
4.9000e-01 1.7201e-01 1.0000e-15 1.0000e-15 1.0000e-15 1.0000e-15 1.0000e-15 1.0000e-15 1.0000e-15 1.0000e-15 1.0000e-15
5.0000e-01 1.5650e-01 1.0000e-15 1.0000e-15 1.0000e-15 1.0000e-15 1.0000e-15 1.0000e-15 1.0000e-15 1.0000e-15 1.0000e-15
5.1000e-01 1.4241e-01 1.0000e-15 1.0000e-15 1.0000e-15 1.0000e-15 1.0000e-15 1.0000e-15 1.0000e-15 1.0000e-15 1.0000e-15
5.2000e-01 1.2960e-01 1.0000e-15 1.0000e-15 1.0000e-15 1.0000e-15 1.0000e-15 1.0000e-15 1.0000e-15 1.0000e-15 1.0000e-15
5.3000e-01 1.1795e-01 1.0000e-15 1.0000e-15 1.0000e-15 1.0000e-15 1.0000e-15 1.0000e-15 1.0000e-15 1.0000e-15 1.0000e-15
5.4000e-01 1.0735e-01 1.0000e-15 1.0000e-15 1.0000e-15 1.0000e-15 1.0000e-15 1.0000e-15 1.0000e-15 1.0000e-15 1.0000e-15
5.5000e-01 9.7708e-02 1.0000e-15 1.0000e-15 1.0000e-15 1.0000e-15 1.0000e-15 1.0000e-15 1.0000e-15 1.0000e-15 1.0000e-15
5.6000e-01 8.8930e-02 1.0000e-15 1.0000e-15 1.0000e-15 1.0000e-15 1.0000e-15 1.0000e-15 1.0000e-15 1.0000e-15 1.0000e-15
5.7000e-01 8.0940e-02 1.0000e-15 1.0000e-15 1.0000e-15 1.0000e-15 1.0000e-15 1.0000e-15 1.0000e-15 1.0000e-15 1.0000e-15
5.8000e-01 7.3669e-02 1.0000e-15 1.0000e-15 1.0000e-15 1.0000e-15 1.0000e-15 1.0000e-15 1.0000e-15 1.0000e-15 1.0000e-15
5.9000e-01 6.7050e-02 1.0000e-15 1.0000e-15 1.0000e-15 1.0000e-15 1.0000e-15 1.0000e-15 1.0000e-15 1.0000e-15 1.0000e-15
6.0000e-01 6.1027e-02 1.0000e-15 1.0000e-15 1.0000e-15 1.0000e-15 1.0000e-15 1.0000e-15 1.0000e-15 1.0000e-15 1.0000e-15
6.1000e-01 5.5544e-02 1.0000e-15 1.0000e-15 1.0000e-15 1.0000e-15 1.0000e-15 1.0000e-15 1.0000e-15 1.0000e-15 1.0000e-15
6.2000e-01 5.0554e-02 1.0000e-15 1.0000e-15 1.0000e-15 1.0000e-15 1.0000e-15 1.0000e-15 1.0000e-15 1.0000e-15 1.0000e-15
6.3000e-01 4.6013e-02 1.0000e-15 1.0000e-15 1.0000e-15 1.0000e-15 1.0000e-15 1.0000e-15 1.0000e-15 1.0000e-15 1.0000e-15
6.4000e-01 4.1879e-02 1.0000e-15 1.0000e-15 1.0000e-15 1.0000e-15 1.0000e-15 1.0000e-15 1.0000e-15 1.0000e-15 1.0000e-15
6.5000e-01 3.8117e-02 1.0000e-15 1.0000e-15 1.0000e-15 1.0000e-15 1.0000e-15 1.0000e-15 1.0000e-15 1.0000e-15 1.0000e-15
6.6000e-01 3.4692e-02 1.0000e-15 1.0000e-15 1.0000e-15 1.0000e-15 1.0000e-15 1.0000e-15 1.0000e-15 1.0000e-15 1.0000e-15
6.7000e-01 3.1576e-02 1.0000e-15 1.0000e-15 1.0000e-15 1.0000e-15 1.0000e-15 1.0000e-15 1.0000e-15 1.0000e-15 1.0000e-15
6.8000e-01 2.8739e-02 1.0000e-15 1.0000e-15 1.0000e-15 1.0000e-15 1.0000e-15 1.0000e-15 1.0000e-15 1.0000e-15 1.0000e-15
6.9000e-01 2.6157e-02 1.0000e-15 1.0000e-15 1.0000e-15 1.0000e-15 1.0000e-15 1.0000e-15 1.0000e-15 1.0000e-15 1.0000e-15
7.0000e-01 2.3807e-02 1.0000e-15 1.0000e-15 1.0000e-15 1.0000e-15 1.0000e-15 1.0000e-15 1.0000e-15 1.0000e-15 1.0000e-15
7.1000e-01 2.1669e-02 1.0000e-15 1.0000e-15 1.0000e-15 1.0000e-15 1.0000e-15 1.0000e-15 1.0000e-15 1.0000e-15 1.0000e-15
7.2000e-01 1.9722e-02 1.0000e-15 1.0000e-15 1.0000e-15 1.0000e-15 1.0000e-15 1.0000e-15 1.0000e-15 1.0000e-15 1.0000e-15
7.3000e-01 1.7950e-02 1.0000e-15 1.0000e-15 1.0000e-15 1.0000e-15 1.0000e-15 1.0000e-15 1.0000e-15 1.0000e-15 1.0000e-15
7.4000e-01 1.6338e-02 1.0000e-15 1.0000e-15 1.0000e-15 1.0000e-15 1.0000e-15 1.0000e-15 1.0000e-15 1.0000e-15 1.0000e-15
7.5000e-01 1.4870e-02 1.0000e-15 1.0000e-15 1.0000e-15 1.0000e-15 1.0000e-15 1.0000e-15 1.0000e-15 1.0000e-15 1.0000e-15
7.6000e-01 1.3534e-02 1.0000e-15 1.0000e-15 1.0000e-15 1.0000e-15 1.0000e-15 1.0000e-15 1.0000e-15 1.0000e-15 1.0000e-15
7.7000e-01 1.2318e-02 1.0000e-15 1.0000e-15 1.0000e-15 1.0000e-15 1.0000e-15 1.0000e-15 1.0000e-15 1.0000e-15 1.0000e-15
7.8000e-01 1.1212e-02 1.0000e-15 1.0000e-15 1.0000e-15 1.0000e-15 1.0000e-15 1.0000e-15 1.0000e-15 1.0000e-15 1.0000e-15
7.9000e-01 1.0204e-02 1.0000e-15 1.0000e-15 1.0000e-15 1.0000e-15 1.0000e-15 1.0000e-15 1.0000e-15 1.0000e-15 1.0000e-15
8.0000e-01 9.2876e-03 1.0000e-15 1.0000e-15 1.0000e-15 1.0000e-15 1.0000e-15 1.0000e-15 1.0000e-15 1.0000e-15 1.0000e-15
8.1000e-01 7.0734e-01 8.4533e-03 1.0000e-15 1.0000e-15 1.0000e-15 1.0000e-15 1.0000e-15 1.0000e-15 1.0000e-15 1.0000e-15
8.2000e-01 3.7458e-01 7.6938e-03 1.0000e-15 1.0000e-15 1.0000e-15 1.0000e-15 1.0000e-15 1.0000e-15 1.0000e-15 1.0000e-15
8.3000e-01 1.9845e-01 7.0026e-03 1.0000e-15 1.0000e-15 1.0000e-15 1.0000e-15 1.0000e-15 1.0000e-15 1.0000e-15 1.0000e-15
8.4000e-01 1.0524e-01 6.3736e-03 1.0000e-15 1.0000e-15 1.0000e-15 1.0000e-15 1.0000e-15 1.0000e-15 1.0000e-15 1.0000e-15
8.5000e-01 5.5960e-02 5.8010e-03 1.0000e-15 1.0000e-15 1.0000e-15 1.0000e-15 1.0000e-15 1.0000e-15 1.0000e-15 1.0000e-15
8.6000e-01 2.9977e-02 5.2798e-03 1.0000e-15 1.0000e-15 1.0000e-15 1.0000e-15 1.0000e-15 1.0000e-15 1.0000e-15 1.0000e-15
8.7000e-01 1.6382e-02 4.8055e-03 1.0000e-15 1.0000e-15 1.0000e-15 1.0000e-15 1.0000e-15 1.0000e-15 1.0000e-15 1.0000e-15
8.8000e-01 9.4055e-03 4.3738e-03 1.0000e-15 1.0000e-15 1.0000e-15 1.0000e-15 1.0000e-15 1.0000e-15 1.0000e-15 1.0000e-15
8.9000e-01 5.9636e-03 3.9809e-03 1.0000e-15 1.0000e-15 1.0000e-15 1.0000e-15 1.0000e-15 1.0000e-15 1.0000e-15 1.0000e-15
9.0000e-01 4.3349e-03 3.6232e-03 1.0000e-15 1.0000e-15 1.0000e-15 1.0000e-15 1.0000e-15 1.0000e-15 1.0000e-15 1.0000e-15
9.1000e-01 3.5396e-03 3.2977e-03 1.0000e-15 1.0000e-15 1.0000e-15 1.0000e-15 1.0000e-15 1.0000e-15 1.0000e-15 1.0000e-15
9.2000e-01 3.0829e-03 3.0015e-03 1.0000e-15 1.0000e-15 1.0000e-15 1.0000e-15 1.0000e-15 1.0000e-15 1.0000e-15 1.0000e-15
9.3000e-01 2.7599e-03 2.7318e-03 1.0000e-15 1.0000e-15 1.0000e-15 1.0000e-15 1.0000e-15 1.0000e-15 1.0000e-15 1.0000e-15
9.4000e-01 2.4966e-03 2.4864e-03 1.0000e-15 1.0000e-15 1.0000e-15 1.0000e-15 1.0000e-15 1.0000e-15 1.0000e-15 1.0000e-15
9.5000e-01 2.2670e-03 2.2630e-03 1.0000e-15 1.0000e-15 1.0000e-15 1.0000e-15 1.0000e-15 1.0000e-15 1.0000e-15 1.0000e-15
9.6000e-01 2.0614e-03 2.0597e-03 1.0000e-15 1.0000e-15 1.0000e-15 1.0000e-15 1.0000e-15 1.0000e-15 1.0000e-15 1.0000e-15
9.7000e-01 1.8754e-03 1.8747e-03 1.0000e-15 1.0000e-15 1.0000e-15 1.0000e-15 1.0000e-15 1.0000e-15 1.0000e-15 1.0000e-15
9.8000e-01 1.7066e-03 1.7063e-03 1.0000e-15 1.0000e-15 1.0000e-15 1.0000e-15 1.0000e-15 1.0000e-15 1.0000e-15 1.0000e-15
9.9000e-01 1.5532e-03 1.5530e-03 1.0000e-15 1.0000e-15 1.0000e-15 1.0000e-15 1.0000e-15 1.0000e-15 1.0000e-15 1.0000e-15
1.0000e+00 1.4136e-03 1.4135e-03 1.0000e-15 1.0000e-15 1.0000e-15 1.0000e-15 1.0000e-15 1.0000e-15 1.0000e-15 1.0000e-15
1.0100e+00 1.2865e-03 1.2865e-03 1.0000e-15 1.0000e-15 1.0000e-15 1.0000e-15 1.0000e-15 1.0000e-15 1.0000e-15 1.0000e-15
1.0200e+00 1.1709e-03 1.1709e-03 1.0000e-15 1.0000e-15 1.0000e-15 1.0000e-15 1.0000e-15 1.0000e-15 1.0000e-15 1.0000e-15
1.0300e+00 1.0657e-03 1.0657e-03 1.0000e-15 1.0000e-15 1.0000e-15 1.0000e-15 1.0000e-15 1.0000e-15 1.0000e-15 1.0000e-15
1.0400e+00 9.6999e-04 9.6999e-04 1.0000e-15 1.0000e-15 1.0000e-15 1.0000e-15 1.0000e-15 1.0000e-15 1.0000e-15 1.0000e-15
1.0500e+00 8.8285e-04 8.8285e-04 1.0000e-15 1.0000e-15 1.0000e-15 1.0000e-15 1.0000e-15 1.0000e-15 1.0000e-15 1.0000e-15
1.0600e+00 8.0354e-04 8.0353e-04 1.0000e-15 1.0000e-15 1.0000e-15 1.0000e-15 1.0000e-15 1.0000e-15 1.0000e-15 1.0000e-15
1.0700e+00 7.3135e-04 7.3135e-04 1.0000e-15 1.0000e-15 1.0000e-15 1.0000e-15 1.0000e-15 1.0000e-15 1.0000e-15 1.0000e-15
1.0800e+00 6.6565e-04 6.6565e-04 1.0000e-15 1.0000e-15 1.0000e-15 1.0000e-15 1.0000e-15 1.0000e-15 1.0000e-15 1.0000e-15
1.0900e+00 6.0585e-04 6.0585e-04 1.0000e-15 1.0000e-15 1.0000e-15 1.0000e-15 1.0000e-15 1.0000e-15 1.0000e-15 1.0000e-15
1.1000e+00 5.5142e-04 5.5142e-04 1.0000e-15 1.0000e-15 1.0000e-15 1.0000e-15 1.0000e-15 1.0000e-15 1.0000e-15 1.0000e-15
1.1100e+00 5.0188e-04 5.0188e-04 1.0000e-15 1.0000e-15 1.0000e-15 1.0000e-15 1.0000e-15 1.0000e-15 1.0000e-15 1.0000e-15
1.1200e+00 4.5679e-04 4.5679e-04 1.0000e-15 1.0000e-15 1.0000e-15 1.0000e-15 1.0000e-15 1.0000e-15 1.0000e-15 1.0000e-15
1.1300e+00 4.1576e-04 4.1576e-04 1.0000e-15 1.0000e-15 1.0000e-15 1.0000e-15 1.0000e-15 1.0000e-15 1.0000e-15 1.0000e-15
1.1400e+00 3.7841e-04 3.7841e-04 1.0000e-15 1.0000e-15 1.0000e-15 1.0000e-15 1.0000e-15 1.0000e-15 1.0000e-15 1.0000e-15
1.1500e+00 3.4441e-04 3.4441e-04 1.0000e-15 1.0000e-15 1.0000e-15 1.0000e-15 1.0000e-15 1.0000e-15 1.0000e-15 1.0000e-15
1.1600e+00 3.1347e-04 3.1347e-04 1.0000e-15 1.0000e-15 1.0000e-15 1.0000e-15 1.0000e-15 1.0000e-15 1.0000e-15 1.0000e-15
1.1700e+00 2.8531e-04 2.8531e-04 1.0000e-15 1.0000e-15 1.0000e-15 1.0000e-15 1.0000e-15 1.0000e-15 1.0000e-15 1.0000e-15
1.1800e+00 2.5968e-04 2.5968e-04 1.0000e-15 1.0000e-15 1.0000e-15 1.0000e-15 1.0000e-15 1.0000e-15 1.0000e-15 1.0000e-15
1.1900e+00 2.3635e-04 2.3635e-04 1.0000e-15 1.0000e-15 1.0000e-15 1.0000e-15 1.0000e-15 1.0000e-15 1.0000e-15 1.0000e-15
1.2000e+00 2.1512e-04 2.1512e-04 1.0000e-15 1.0000e-15 1.0000e-15 1.0000e-15 1.0000e-15 1.0000e-15 1.0000e-15 1.0000e-15
1.2100e+00 7.0713e-01 1.9579e-04 1.9579e-04 1.0000e-15 1.0000e-15 1.0000e-15 1.0000e-15 1.0000e-15 1.0000e-15 1.0000e-15
1.2200e+00 3.7436e-01 1.7820e-04 1.7820e-04 1.0000e-15 1.0000e-15 1.0000e-15 1.0000e-15 1.0000e-15 1.0000e-15 1.0000e-15
1.2300e+00 1.9819e-01 1.6219e-04 1.6219e-04 1.0000e-15 1.0000e-15 1.0000e-15 1.0000e-15 1.0000e-15 1.0000e-15 1.0000e-15
1.2400e+00 1.0492e-01 1.4762e-04 1.4762e-04 1.0000e-15 1.0000e-15 1.0000e-15 1.0000e-15 1.0000e-15 1.0000e-15 1.0000e-15
1.2500e+00 5.5547e-02 1.3436e-04 1.3436e-04 1.0000e-15 1.0000e-15 1.0000e-15 1.0000e-15 1.0000e-15 1.0000e-15 1.0000e-15
1.2600e+00 2.9408e-02 1.2229e-04 1.2229e-04 1.0000e-15 1.0000e-15 1.0000e-15 1.0000e-15 1.0000e-15 1.0000e-15 1.0000e-15
1.2700e+00 1.5570e-02 1.1130e-04 1.1130e-04 1.0000e-15 1.0000e-15 1.0000e-15 1.0000e-15 1.0000e-15 1.0000e-15 1.0000e-15
1.2800e+00 8.2440e-03 1.0130e-04 1.0130e-04 1.0000e-15 1.0000e-15 1.0000e-15 1.0000e-15 1.0000e-15 1.0000e-15 1.0000e-15
1.2900e+00 4.3658e-03 9.2203e-05 9.2203e-05 1.0000e-15 1.0000e-15 1.0000e-15 1.0000e-15 1.0000e-15 1.0000e-15 1.0000e-15
1.3000e+00 2.3129e-03 8.3920e-05 8.3920e-05 1.0000e-15 1.0000e-15 1.0000e-15 1.0000e-15 1.0000e-15 1.0000e-15 1.0000e-15
1.3100e+00 1.2267e-03 7.6381e-05 7.6381e-05 1.0000e-15 1.0000e-15 1.0000e-15 1.0000e-15 1.0000e-15 1.0000e-15 1.0000e-15
1.3200e+00 6.5243e-04 6.9519e-05 6.9519e-05 1.0000e-15 1.0000e-15 1.0000e-15 1.0000e-15 1.0000e-15 1.0000e-15 1.0000e-15
1.3300e+00 3.4972e-04 6.3274e-05 6.3274e-05 1.0000e-15 1.0000e-15 1.0000e-15 1.0000e-15 1.0000e-15 1.0000e-15 1.0000e-15
1.3400e+00 1.9143e-04 5.7589e-05 5.7589e-05 1.0000e-15 1.0000e-15 1.0000e-15 1.0000e-15 1.0000e-15 1.0000e-15 1.0000e-15
1.3500e+00 1.1032e-04 5.2416e-05 5.2416e-05 1.0000e-15 1.0000e-15 1.0000e-15 1.0000e-15 1.0000e-15 1.0000e-15 1.0000e-15
1.3600e+00 7.0404e-05 4.7707e-05 4.7707e-05 1.0000e-15 1.0000e-15 1.0000e-15 1.0000e-15 1.0000e-15 1.0000e-15 1.0000e-15
1.3700e+00 5.1535e-05 4.3421e-05 4.3421e-05 1.0000e-15 1.0000e-15 1.0000e-15 1.0000e-15 1.0000e-15 1.0000e-15 1.0000e-15
1.3800e+00 4.2273e-05 3.9520e-05 3.9520e-05 1.0000e-15 1.0000e-15 1.0000e-15 1.0000e-15 1.0000e-15 1.0000e-15 1.0000e-15
1.3900e+00 3.6897e-05 3.5970e-05 3.5970e-05 1.0000e-15 1.0000e-15 1.0000e-15 1.0000e-15 1.0000e-15 1.0000e-15 1.0000e-15
1.4000e+00 3.3059e-05 3.2738e-05 3.2738e-05 1.0000e-15 1.0000e-15 1.0000e-15 1.0000e-15 1.0000e-15 1.0000e-15 1.0000e-15
1.4100e+00 2.9914e-05 2.9797e-05 2.9797e-05 1.0000e-15 1.0000e-15 1.0000e-15 1.0000e-15 1.0000e-15 1.0000e-15 1.0000e-15
1.4200e+00 2.7165e-05 2.7120e-05 2.7120e-05 1.0000e-15 1.0000e-15 1.0000e-15 1.0000e-15 1.0000e-15 1.0000e-15 1.0000e-15
1.4300e+00 2.4703e-05 2.4684e-05 2.4684e-05 1.0000e-15 1.0000e-15 1.0000e-15 1.0000e-15 1.0000e-15 1.0000e-15 1.0000e-15
1.4400e+00 2.2475e-05 2.2466e-05 2.2466e-05 1.0000e-15 1.0000e-15 1.0000e-15 1.0000e-15 1.0000e-15 1.0000e-15 1.0000e-15
1.4500e+00 2.0452e-05 2.0448e-05 2.0448e-05 1.0000e-15 1.0000e-15 1.0000e-15 1.0000e-15 1.0000e-15 1.0000e-15 1.0000e-15
1.4600e+00 1.8613e-05 1.8611e-05 1.8611e-05 1.0000e-15 1.0000e-15 1.0000e-15 1.0000e-15 1.0000e-15 1.0000e-15 1.0000e-15
1.4700e+00 1.6940e-05 1.6939e-05 1.6939e-05 1.0000e-15 1.0000e-15 1.0000e-15 1.0000e-15 1.0000e-15 1.0000e-15 1.0000e-15
1.4800e+00 1.5418e-05 1.5417e-05 1.5417e-05 1.0000e-15 1.0000e-15 1.0000e-15 1.0000e-15 1.0000e-15 1.0000e-15 1.0000e-15
1.4900e+00 1.4033e-05 1.4032e-05 1.4032e-05 1.0000e-15 1.0000e-15 1.0000e-15 1.0000e-15 1.0000e-15 1.0000e-15 1.0000e-15
1.5000e+00 1.2772e-05 1.2772e-05 1.2772e-05 1.0000e-15 1.0000e-15 1.0000e-15 1.0000e-15 1.0000e-15 1.0000e-15 1.0000e-15
1.5100e+00 1.1624e-05 1.1624e-05 1.1624e-05 1.0000e-15 1.0000e-15 1.0000e-15 1.0000e-15 1.0000e-15 1.0000e-15 1.0000e-15
1.5200e+00 1.0580e-05 1.0580e-05 1.0580e-05 1.0000e-15 1.0000e-15 1.0000e-15 1.0000e-15 1.0000e-15 1.0000e-15 1.0000e-15
1.5300e+00 9.6296e-06 9.6296e-06 9.6296e-06 1.0000e-15 1.0000e-15 1.0000e-15 1.0000e-15 1.0000e-15 1.0000e-15 1.0000e-15
1.5400e+00 8.7645e-06 8.7645e-06 8.7645e-06 1.0000e-15 1.0000e-15 1.0000e-15 1.0000e-15 1.0000e-15 1.0000e-15 1.0000e-15
1.5500e+00 7.9771e-06 7.9771e-06 7.9771e-06 1.0000e-15 1.0000e-15 1.0000e-15 1.0000e-15 1.0000e-15 1.0000e-15 1.0000e-15
1.5600e+00 7.2605e-06 7.2605e-06 7.2605e-06 1.0000e-15 1.0000e-15 1.0000e-15 1.0000e-15 1.0000e-15 1.0000e-15 1.0000e-15
1.5700e+00 6.6082e-06 6.6082e-06 6.6082e-06 1.0000e-15 1.0000e-15 1.0000e-15 1.0000e-15 1.0000e-15 1.0000e-15 1.0000e-15
1.5800e+00 6.0146e-06 6.0146e-06 6.0146e-06 1.0000e-15 1.0000e-15 1.0000e-15 1.0000e-15 1.0000e-15 1.0000e-15 1.0000e-15
1.5900e+00 5.4742e-06 5.4742e-06 5.4742e-06 1.0000e-15 1.0000e-15 1.0000e-15 1.0000e-15 1.0000e-15 1.0000e-15 1.0000e-15
1.6000e+00 4.9824e-06 4.9824e-06 4.9824e-06 1.0000e-15 1.0000e-15 1.0000e-15 1.0000e-15 1.0000e-15 1.0000e-15 1.0000e-15
1.6100e+00 7.0713e-01 4.5348e-06 4.5348e-06 4.5348e-06 1.0000e-15 1.0000e-15 1.0000e-15 1.0000e-15 1.0000e-15 1.0000e-15
1.6200e+00 3.7435e-01 4.1274e-06 4.1274e-06 4.1274e-06 1.0000e-15 1.0000e-15 1.0000e-15 1.0000e-15 1.0000e-15 1.0000e-15
1.6300e+00 1.9818e-01 3.7566e-06 3.7566e-06 3.7566e-06 1.0000e-15 1.0000e-15 1.0000e-15 1.0000e-15 1.0000e-15 1.0000e-15
1.6400e+00 1.0492e-01 3.4192e-06 3.4192e-06 3.4192e-06 1.0000e-15 1.0000e-15 1.0000e-15 1.0000e-15 1.0000e-15 1.0000e-15
1.6500e+00 5.5545e-02 3.1120e-06 3.1120e-06 3.1120e-06 1.0000e-15 1.0000e-15 1.0000e-15 1.0000e-15 1.0000e-15 1.0000e-15
1.6600e+00 2.9405e-02 2.8324e-06 2.8324e-06 2.8324e-06 1.0000e-15 1.0000e-15 1.0000e-15 1.0000e-15 1.0000e-15 1.0000e-15
1.6700e+00 1.5567e-02 2.5780e-06 2.5780e-06 2.5780e-06 1.0000e-15 1.0000e-15 1.0000e-15 1.0000e-15 1.0000e-15 1.0000e-15
1.6800e+00 8.2414e-03 2.3464e-06 2.3464e-06 2.3464e-06 1.0000e-15 1.0000e-15 1.0000e-15 1.0000e-15 1.0000e-15 1.0000e-15
1.6900e+00 4.3630e-03 2.1356e-06 2.1356e-06 2.1356e-06 1.0000e-15 1.0000e-15 1.0000e-15 1.0000e-15 1.0000e-15 1.0000e-15
1.7000e+00 2.3098e-03 1.9437e-06 1.9437e-06 1.9437e-06 1.0000e-15 1.0000e-15 1.0000e-15 1.0000e-15 1.0000e-15 1.0000e-15
1.7100e+00 1.2228e-03 1.7691e-06 1.7691e-06 1.7691e-06 1.0000e-15 1.0000e-15 1.0000e-15 1.0000e-15 1.0000e-15 1.0000e-15
1.7200e+00 6.4739e-04 1.6102e-06 1.6102e-06 1.6102e-06 1.0000e-15 1.0000e-15 1.0000e-15 1.0000e-15 1.0000e-15 1.0000e-15
1.7300e+00 3.4274e-04 1.4655e-06 1.4655e-06 1.4655e-06 1.0000e-15 1.0000e-15 1.0000e-15 1.0000e-15 1.0000e-15 1.0000e-15
1.7400e+00 1.8146e-04 1.3339e-06 1.3339e-06 1.3339e-06 1.0000e-15 1.0000e-15 1.0000e-15 1.0000e-15 1.0000e-15 1.0000e-15
1.7500e+00 9.6082e-05 1.2140e-06 1.2140e-06 1.2140e-06 1.0000e-15 1.0000e-15 1.0000e-15 1.0000e-15 1.0000e-15 1.0000e-15
1.7600e+00 5.0883e-05 1.1050e-06 1.1050e-06 1.1050e-06 1.0000e-15 1.0000e-15 1.0000e-15 1.0000e-15 1.0000e-15 1.0000e-15
1.7700e+00 2.6958e-05 1.0057e-06 1.0057e-06 1.0057e-06 1.0000e-15 1.0000e-15 1.0000e-15 1.0000e-15 1.0000e-15 1.0000e-15
1.7800e+00 1.4299e-05 9.1535e-07 9.1535e-07 9.1535e-07 1.0000e-15 1.0000e-15 1.0000e-15 1.0000e-15 1.0000e-15 1.0000e-15
1.7900e+00 7.6068e-06 8.3312e-07 8.3312e-07 8.3312e-07 1.0000e-15 1.0000e-15 1.0000e-15 1.0000e-15 1.0000e-15 1.0000e-15
1.8000e+00 4.0801e-06 7.5828e-07 7.5828e-07 7.5828e-07 1.0000e-15 1.0000e-15 1.0000e-15 1.0000e-15 1.0000e-15 1.0000e-15
1.8100e+00 2.2371e-06 6.9016e-07 6.9016e-07 6.9016e-07 1.0000e-15 1.0000e-15 1.0000e-15 1.0000e-15 1.0000e-15 1.0000e-15
1.8200e+00 1.2943e-06 6.2815e-07 6.2815e-07 6.2815e-07 1.0000e-15 1.0000e-15 1.0000e-15 1.0000e-15 1.0000e-15 1.0000e-15
1.8300e+00 8.3149e-07 5.7172e-07 5.7172e-07 5.7172e-07 1.0000e-15 1.0000e-15 1.0000e-15 1.0000e-15 1.0000e-15 1.0000e-15
1.8400e+00 6.1287e-07 5.2036e-07 5.2036e-07 5.2036e-07 1.0000e-15 1.0000e-15 1.0000e-15 1.0000e-15 1.0000e-15 1.0000e-15
1.8500e+00 5.0496e-07 4.7361e-07 4.7361e-07 4.7361e-07 1.0000e-15 1.0000e-15 1.0000e-15 1.0000e-15 1.0000e-15 1.0000e-15
1.8600e+00 4.4163e-07 4.3107e-07 4.3107e-07 4.3107e-07 1.0000e-15 1.0000e-15 1.0000e-15 1.0000e-15 1.0000e-15 1.0000e-15
1.8700e+00 3.9600e-07 3.9234e-07 3.9234e-07 3.9234e-07 1.0000e-15 1.0000e-15 1.0000e-15 1.0000e-15 1.0000e-15 1.0000e-15
1.8800e+00 3.5842e-07 3.5709e-07 3.5709e-07 3.5709e-07 1.0000e-15 1.0000e-15 1.0000e-15 1.0000e-15 1.0000e-15 1.0000e-15
1.8900e+00 3.2553e-07 3.2501e-07 3.2501e-07 3.2501e-07 1.0000e-15 1.0000e-15 1.0000e-15 1.0000e-15 1.0000e-15 1.0000e-15
1.9000e+00 2.9603e-07 2.9581e-07 2.9581e-07 2.9581e-07 1.0000e-15 1.0000e-15 1.0000e-15 1.0000e-15 1.0000e-15 1.0000e-15
1.9100e+00 2.6934e-07 2.6924e-07 2.6924e-07 2.6924e-07 1.0000e-15 1.0000e-15 1.0000e-15 1.0000e-15 1.0000e-15 1.0000e-15
1.9200e+00 2.4510e-07 2.4505e-07 2.4505e-07 2.4505e-07 1.0000e-15 1.0000e-15 1.0000e-15 1.0000e-15 1.0000e-15 1.0000e-15
1.9300e+00 2.2306e-07 2.2304e-07 2.2304e-07 2.2304e-07 1.0000e-15 1.0000e-15 1.0000e-15 1.0000e-15 1.0000e-15 1.0000e-15
1.9400e+00 2.0301e-07 2.0300e-07 2.0300e-07 2.0300e-07 1.0000e-15 1.0000e-15 1.0000e-15 1.0000e-15 1.0000e-15 1.0000e-15
1.9500e+00 1.8477e-07 1.8476e-07 1.8476e-07 1.8476e-07 1.0000e-15 1.0000e-15 1.0000e-15 1.0000e-15 1.0000e-15 1.0000e-15
1.9600e+00 1.6817e-07 1.6816e-07 1.6816e-07 1.6816e-07 1.0000e-15 1.0000e-15 1.0000e-15 1.0000e-15 1.0000e-15 1.0000e-15
1.9700e+00 1.5306e-07 1.5306e-07 1.5306e-07 1.5306e-07 1.0000e-15 1.0000e-15 1.0000e-15 1.0000e-15 1.0000e-15 1.0000e-15
1.9800e+00 1.3931e-07 1.3931e-07 1.3931e-07 1.3931e-07 1.0000e-15 1.0000e-15 1.0000e-15 1.0000e-15 1.0000e-15 1.0000e-15
1.9900e+00 1.2679e-07 1.2679e-07 1.2679e-07 1.2679e-07 1.0000e-15 1.0000e-15 1.0000e-15 1.0000e-15 1.0000e-15 1.0000e-15
2.0000e+00 1.1540e-07 1.1540e-07 1.1540e-07 1.1540e-07 1.0000e-15 1.0000e-15 1.0000e-15 1.0000e-15 1.0000e-15 1.0000e-15
2.0100e+00 7.0713e-01 1.0503e-07 1.0503e-07 1.0503e-07 1.0503e-07 1.0000e-15 1.0000e-15 1.0000e-15 1.0000e-15 1.0000e-15
2.0200e+00 3.7435e-01 9.5598e-08 9.5598e-08 9.5598e-08 9.5598e-08 1.0000e-15 1.0000e-15 1.0000e-15 1.0000e-15 1.0000e-15
2.0300e+00 1.9818e-01 8.7010e-08 8.7010e-08 8.7010e-08 8.7010e-08 1.0000e-15 1.0000e-15 1.0000e-15 1.0000e-15 1.0000e-15
2.0400e+00 1.0492e-01 7.9193e-08 7.9193e-08 7.9193e-08 7.9193e-08 1.0000e-15 1.0000e-15 1.0000e-15 1.0000e-15 1.0000e-15
2.0500e+00 5.5545e-02 7.2079e-08 7.2079e-08 7.2079e-08 7.2079e-08 1.0000e-15 1.0000e-15 1.0000e-15 1.0000e-15 1.0000e-15
2.0600e+00 2.9405e-02 6.5604e-08 6.5604e-08 6.5604e-08 6.5604e-08 1.0000e-15 1.0000e-15 1.0000e-15 1.0000e-15 1.0000e-15
2.0700e+00 1.5567e-02 5.9710e-08 5.9710e-08 5.9710e-08 5.9710e-08 1.0000e-15 1.0000e-15 1.0000e-15 1.0000e-15 1.0000e-15
2.0800e+00 8.2414e-03 5.4346e-08 5.4346e-08 5.4346e-08 5.4346e-08 1.0000e-15 1.0000e-15 1.0000e-15 1.0000e-15 1.0000e-15
2.0900e+00 4.3630e-03 4.9464e-08 4.9464e-08 4.9464e-08 4.9464e-08 1.0000e-15 1.0000e-15 1.0000e-15 1.0000e-15 1.0000e-15
2.1000e+00 2.3098e-03 4.5020e-08 4.5020e-08 4.5020e-08 4.5020e-08 1.0000e-15 1.0000e-15 1.0000e-15 1.0000e-15 1.0000e-15
2.1100e+00 1.2228e-03 4.0975e-08 4.0975e-08 4.0975e-08 4.0975e-08 1.0000e-15 1.0000e-15 1.0000e-15 1.0000e-15 1.0000e-15
2.1200e+00 6.4736e-04 3.7294e-08 3.7294e-08 3.7294e-08 3.7294e-08 1.0000e-15 1.0000e-15 1.0000e-15 1.0000e-15 1.0000e-15
2.1300e+00 3.4271e-04 3.3944e-08 3.3944e-08 3.3944e-08 3.3944e-08 1.0000e-15 1.0000e-15 1.0000e-15 1.0000e-15 1.0000e-15
2.1400e+00 1.8143e-04 3.0894e-08 3.0894e-08 3.0894e-08 3.0894e-08 1.0000e-15 1.0000e-15 1.0000e-15 1.0000e-15 1.0000e-15
2.1500e+00 9.6051e-05 2.8119e-08 2.8119e-08 2.8119e-08 2.8119e-08 1.0000e-15 1.0000e-15 1.0000e-15 1.0000e-15 1.0000e-15
2.1600e+00 5.0850e-05 2.5593e-08 2.5593e-08 2.5593e-08 2.5593e-08 1.0000e-15 1.0000e-15 1.0000e-15 1.0000e-15 1.0000e-15
2.1700e+00 2.6920e-05 2.3294e-08 2.3294e-08 2.3294e-08 2.3294e-08 1.0000e-15 1.0000e-15 1.0000e-15 1.0000e-15 1.0000e-15
2.1800e+00 1.4252e-05 2.1201e-08 2.1201e-08 2.1201e-08 2.1201e-08 1.0000e-15 1.0000e-15 1.0000e-15 1.0000e-15 1.0000e-15
2.1900e+00 7.5451e-06 1.9296e-08 1.9296e-08 1.9296e-08 1.9296e-08 1.0000e-15 1.0000e-15 1.0000e-15 1.0000e-15 1.0000e-15
2.2000e+00 3.9946e-06 1.7563e-08 1.7563e-08 1.7563e-08 1.7563e-08 1.0000e-15 1.0000e-15 1.0000e-15 1.0000e-15 1.0000e-15
2.2100e+00 2.1149e-06 1.5985e-08 1.5985e-08 1.5985e-08 1.5985e-08 1.0000e-15 1.0000e-15 1.0000e-15 1.0000e-15 1.0000e-15
2.2200e+00 1.1198e-06 1.4549e-08 1.4549e-08 1.4549e-08 1.4549e-08 1.0000e-15 1.0000e-15 1.0000e-15 1.0000e-15 1.0000e-15
2.2300e+00 5.9304e-07 1.3242e-08 1.3242e-08 1.3242e-08 1.3242e-08 1.0000e-15 1.0000e-15 1.0000e-15 1.0000e-15 1.0000e-15
2.2400e+00 3.1421e-07 1.2052e-08 1.2052e-08 1.2052e-08 1.2052e-08 1.0000e-15 1.0000e-15 1.0000e-15 1.0000e-15 1.0000e-15
2.2500e+00 1.6667e-07 1.0970e-08 1.0970e-08 1.0970e-08 1.0970e-08 1.0000e-15 1.0000e-15 1.0000e-15 1.0000e-15 1.0000e-15
2.2600e+00 8.8691e-08 9.9842e-09 9.9842e-09 9.9842e-09 9.9841e-09 1.0000e-15 1.0000e-15 1.0000e-15 1.0000e-15 1.0000e-15
2.2700e+00 4.7605e-08 9.0872e-09 9.0872e-09 9.0872e-09 9.0872e-09 1.0000e-15 1.0000e-15 1.0000e-15 1.0000e-15 1.0000e-15
2.2800e+00 2.6149e-08 8.2709e-09 8.2709e-09 8.2709e-09 8.2709e-09 1.0000e-15 1.0000e-15 1.0000e-15 1.0000e-15 1.0000e-15
2.2900e+00 1.5191e-08 7.5278e-09 7.5279e-09 7.5278e-09 7.5278e-09 1.0000e-15 1.0000e-15 1.0000e-15 1.0000e-15 1.0000e-15
2.3000e+00 9.8252e-09 6.8516e-09 6.8516e-09 6.8516e-09 6.8516e-09 1.0000e-15 1.0000e-15 1.0000e-15 1.0000e-15 1.0000e-15
2.3100e+00 7.2925e-09 6.2360e-09 6.2360e-09 6.2360e-09 6.2360e-09 1.0000e-15 1.0000e-15 1.0000e-15 1.0000e-15 1.0000e-15
2.3200e+00 6.0350e-09 5.6758e-09 5.6758e-09 5.6758e-09 5.6758e-09 1.0000e-15 1.0000e-15 1.0000e-15 1.0000e-15 1.0000e-15
2.3300e+00 5.2889e-09 5.1659e-09 5.1659e-09 5.1659e-09 5.1659e-09 1.0000e-15 1.0000e-15 1.0000e-15 1.0000e-15 1.0000e-15
2.3400e+00 4.7465e-09 4.7018e-09 4.7018e-09 4.7018e-09 4.7018e-09 1.0000e-15 1.0000e-15 1.0000e-15 1.0000e-15 1.0000e-15
2.3500e+00 4.2979e-09 4.2794e-09 4.2794e-09 4.2794e-09 4.2794e-09 1.0000e-15 1.0000e-15 1.0000e-15 1.0000e-15 1.0000e-15
2.3600e+00 3.9045e-09 3.8950e-09 3.8950e-09 3.8950e-09 3.8950e-09 1.0000e-15 1.0000e-15 1.0000e-15 1.0000e-15 1.0000e-15
2.3700e+00 3.5514e-09 3.5451e-09 3.5451e-09 3.5451e-09 3.5451e-09 1.0000e-15 1.0000e-15 1.0000e-15 1.0000e-15 1.0000e-15
2.3800e+00 3.2320e-09 3.2266e-09 3.2266e-09 3.2266e-09 3.2266e-09 1.0000e-15 1.0000e-15 1.0000e-15 1.0000e-15 1.0000e-15
2.3900e+00 2.9419e-09 2.9367e-09 2.9367e-09 2.9367e-09 2.9367e-09 1.0000e-15 1.0000e-15 1.0000e-15 1.0000e-15 1.0000e-15
2.4000e+00 2.6783e-09 2.6729e-09 2.6729e-09 2.6729e-09 2.6729e-09 1.0000e-15 1.0000e-15 1.0000e-15 1.0000e-15 1.0000e-15
2.4100e+00 7.0713e-01 2.4329e-09 2.4328e-09 2.4328e-09 2.4328e-09 2.4328e-09 1.0000e-15 1.0000e-15 1.0000e-15 1.0000e-15
2.4200e+00 3.7435e-01 2.2143e-09 2.2142e-09 2.2142e-09 2.2142e-09 2.2142e-09 1.0000e-15 1.0000e-15 1.0000e-15 1.0000e-15
2.4300e+00 1.9818e-01 2.0153e-09 2.0153e-09 2.0153e-09 2.0153e-09 2.0153e-09 1.0000e-15 1.0000e-15 1.0000e-15 1.0000e-15
2.4400e+00 1.0492e-01 1.8343e-09 1.8342e-09 1.8342e-09 1.8342e-09 1.8342e-09 1.0000e-15 1.0000e-15 1.0000e-15 1.0000e-15
2.4500e+00 5.5545e-02 1.6695e-09 1.6695e-09 1.6695e-09 1.6695e-09 1.6695e-09 1.0000e-15 1.0000e-15 1.0000e-15 1.0000e-15
2.4600e+00 2.9405e-02 1.5195e-09 1.5195e-09 1.5195e-09 1.5195e-09 1.5195e-09 1.0000e-15 1.0000e-15 1.0000e-15 1.0000e-15
2.4700e+00 1.5567e-02 1.3830e-09 1.3830e-09 1.3830e-09 1.3830e-09 1.3830e-09 1.0000e-15 1.0000e-15 1.0000e-15 1.0000e-15
2.4800e+00 8.2414e-03 1.2587e-09 1.2587e-09 1.2587e-09 1.2587e-09 1.2587e-09 1.0000e-15 1.0000e-15 1.0000e-15 1.0000e-15
2.4900e+00 4.3630e-03 1.1456e-09 1.1457e-09 1.1457e-09 1.1457e-09 1.1456e-09 1.0000e-15 1.0000e-15 1.0000e-15 1.0000e-15
2.5000e+00 2.3098e-03 1.0427e-09 1.0427e-09 1.0427e-09 1.0427e-09 1.0427e-09 1.0000e-15 1.0000e-15 1.0000e-15 1.0000e-15
2.5100e+00 1.2228e-03 9.4903e-10 9.4904e-10 9.4906e-10 9.4904e-10 9.4904e-10 1.0000e-15 1.0000e-15 1.0000e-15 1.0000e-15
2.5200e+00 6.4736e-04 8.6377e-10 8.6378e-10 8.6382e-10 8.6378e-10 8.6381e-10 1.0000e-15 1.0000e-15 1.0000e-15 1.0000e-15
2.5300e+00 3.4271e-04 7.8619e-10 7.8619e-10 7.8619e-10 7.8619e-10 7.8620e-10 1.0000e-15 1.0000e-15 1.0000e-15 1.0000e-15
2.5400e+00 1.8143e-04 7.1557e-10 7.1555e-10 7.1557e-10 7.1555e-10 7.1557e-10 1.0000e-15 1.0000e-15 1.0000e-15 1.0000e-15
2.5500e+00 9.6051e-05 6.5127e-10 6.5126e-10 6.5127e-10 6.5126e-10 6.5129e-10 1.0000e-15 1.0000e-15 1.0000e-15 1.0000e-15
2.5600e+00 5.0850e-05 5.9276e-10 5.9276e-10 5.9274e-10 5.9276e-10 5.9276e-10 1.0000e-15 1.0000e-15 1.0000e-15 1.0000e-15
2.5700e+00 2.6920e-05 5.3948e-10 5.3948e-10 5.3948e-10 5.3948e-10 5.3949e-10 1.0000e-15 1.0000e-15 1.0000e-15 1.0000e-15
2.5800e+00 1.4251e-05 4.9103e-10 4.9102e-10 4.9102e-10 4.9102e-10 4.9103e-10 1.0000e-15 1.0000e-15 1.0000e-15 1.0000e-15
2.5900e+00 7.5448e-06 4.4692e-10 4.4689e-10 4.4691e-10 4.4689e-10 4.4692e-10 1.0000e-15 1.0000e-15 1.0000e-15 1.0000e-15
2.6000e+00 3.9942e-06 4.0678e-10 4.0675e-10 4.0678e-10 4.0675e-10 4.0677e-10 1.0000e-15 1.0000e-15 1.0000e-15 1.0000e-15
2.6100e+00 2.1145e-06 3.7029e-10 3.7022e-10 3.7029e-10 3.7022e-10 3.7027e-10 1.0000e-15 1.0000e-15 1.0000e-15 1.0000e-15
2.6200e+00 1.1195e-06 3.3703e-10 3.3695e-10 3.3703e-10 3.3695e-10 3.3699e-10 1.0000e-15 1.0000e-15 1.0000e-15 1.0000e-15
2.6300e+00 5.9264e-07 3.0676e-10 3.0668e-10 3.0676e-10 3.0668e-10 3.0672e-10 1.0000e-15 1.0000e-15 1.0000e-15 1.0000e-15
2.6400e+00 3.1375e-07 2.7919e-10 2.7912e-10 2.7919e-10 2.7912e-10 2.7915e-10 1.0000e-15 1.0000e-15 1.0000e-15 1.0000e-15
2.6500e+00 1.6610e-07 2.5412e-10 2.5403e-10 2.5412e-10 2.5403e-10 2.5406e-10 1.0000e-15 1.0000e-15 1.0000e-15 1.0000e-15
2.6600e+00 8.7937e-08 2.3129e-10 2.3123e-10 2.3129e-10 2.3123e-10 2.3126e-10 1.0000e-15 1.0000e-15 1.0000e-15 1.0000e-15
2.6700e+00 4.6556e-08 2.1051e-10 2.1043e-10 2.1051e-10 2.1043e-10 2.1046e-10 1.0000e-15 1.0000e-15 1.0000e-15 1.0000e-15
2.6800e+00 2.4650e-08 1.9159e-10 1.9152e-10 1.9159e-10 1.9152e-10 1.9154e-10 1.0000e-15 1.0000e-15 1.0000e-15 1.0000e-15
2.6900e+00 1.3053e-08 1.7438e-10 1.7432e-10 1.7438e-10 1.7432e-10 1.7433e-10 1.0000e-15 1.0000e-15 1.0000e-15 1.0000e-15
2.7000e+00 6.9155e-09 1.5872e-10 1.5867e-10 1.5872e-10 1.5867e-10 1.5868e-10 1.0000e-15 1.0000e-15 1.0000e-15 1.0000e-15
2.7100e+00 3.6691e-09 1.4447e-10 1.4440e-10 1.4447e-10 1.4440e-10 1.4443e-10 1.0000e-15 1.0000e-15 1.0000e-15 1.0000e-15
2.7200e+00 1.9556e-09 1.3148e-10 1.3143e-10 1.3148e-10 1.3143e-10 1.3145e-10 1.0000e-15 1.0000e-15 1.0000e-15 1.0000e-15
2.7300e+00 1.0579e-09 1.1967e-10 1.1963e-10 1.1967e-10 1.1963e-10 1.1966e-10 1.0000e-15 1.0000e-15 1.0000e-15 1.0000e-15
2.7400e+00 5.9855e-10 1.0892e-10 1.0889e-10 1.0892e-10 1.0889e-10 1.0891e-10 1.0000e-15 1.0000e-15 1.0000e-15 1.0000e-15
2.7500e+00 3.7839e-10 9.9135e-11 9.9106e-11 9.9135e-11 9.9106e-11 9.9131e-11 1.0000e-15 1.0000e-15 1.0000e-15 1.0000e-15
2.7600e+00 2.8555e-10 9.0233e-11 9.0209e-11 9.0233e-11 9.0209e-11 9.0231e-11 1.0000e-15 1.0000e-15 1.0000e-15 1.0000e-15
2.7700e+00 2.5144e-10 8.2135e-11 8.2111e-11 8.2135e-11 8.2111e-11 8.2125e-11 1.0000e-15 1.0000e-15 1.0000e-15 1.0000e-15
2.7800e+00 2.3931e-10 7.4758e-11 7.4737e-11 7.4758e-11 7.4737e-11 7.4753e-11 1.0000e-15 1.0000e-15 1.0000e-15 1.0000e-15
2.7900e+00 2.3439e-10 6.8046e-11 6.8022e-11 6.8046e-11 6.8022e-11 6.8037e-11 1.0000e-15 1.0000e-15 1.0000e-15 1.0000e-15
2.8000e+00 2.3184e-10 6.1930e-11 6.1909e-11 6.1930e-11 6.1909e-11 6.1923e-11 1.0000e-15 1.0000e-15 1.0000e-15 1.0000e-15
2.8100e+00 7.0713e-01 5.6813e-11 5.6366e-11 5.6346e-11 5.6364e-11 5.6350e-11 5.6358e-11 1.0000e-15 1.0000e-15 1.0000e-15
2.8200e+00 3.7435e-01 5.1458e-11 5.1308e-11 5.1284e-11 5.1305e-11 5.1287e-11 5.1300e-11 1.0000e-15 1.0000e-15 1.0000e-15
2.8300e+00 1.9818e-01 4.6752e-11 4.6699e-11 4.6675e-11 4.6700e-11 4.6679e-11 4.6693e-11 1.0000e-15 1.0000e-15 1.0000e-15
2.8400e+00 1.0492e-01 4.2516e-11 4.2508e-11 4.2483e-11 4.2503e-11 4.2485e-11 4.2497e-11 1.0000e-15 1.0000e-15 1.0000e-15
2.8500e+00 5.5545e-02 3.8681e-11 3.8691e-11 3.8667e-11 3.8684e-11 3.8667e-11 3.8680e-11 1.0000e-15 1.0000e-15 1.0000e-15
2.8600e+00 2.9405e-02 3.5204e-11 3.5207e-11 3.5186e-11 3.5194e-11 3.5186e-11 3.5199e-11 1.0000e-15 1.0000e-15 1.0000e-15
2.8700e+00 1.5567e-02 3.2034e-11 3.2033e-11 3.2028e-11 3.2031e-11 3.2027e-11 3.2030e-11 1.0000e-15 1.0000e-15 1.0000e-15
2.8800e+00 8.2414e-03 2.9162e-11 2.9166e-11 2.9154e-11 2.9163e-11 2.9160e-11 2.9165e-11 1.0000e-15 1.0000e-15 1.0000e-15
2.8900e+00 4.3630e-03 2.6566e-11 2.6559e-11 2.6549e-11 2.6554e-11 2.6550e-11 2.6558e-11 1.0000e-15 1.0000e-15 1.0000e-15
2.9000e+00 2.3098e-03 2.4165e-11 2.4177e-11 2.4157e-11 2.4164e-11 2.4170e-11 2.4176e-11 1.0000e-15 1.0000e-15 1.0000e-15
2.9100e+00 1.2228e-03 2.1990e-11 2.1997e-11 2.1975e-11 2.1971e-11 2.1959e-11 2.1997e-11 1.0000e-15 1.0000e-15 1.0000e-15
2.9200e+00 6.4736e-04 2.0011e-11 2.0013e-11 1.9989e-11 1.9989e-11 1.9977e-11 2.0013e-11 1.0000e-15 1.0000e-15 1.0000e-15
2.9300e+00 3.4271e-04 1.8225e-11 1.8197e-11 1.8201e-11 1.8188e-11 1.8164e-11 1.8197e-11 1.0000e-15 1.0000e-15 1.0000e-15
2.9400e+00 1.8143e-04 1.6574e-11 1.6559e-11 1.6560e-11 1.6556e-11 1.6516e-11 1.6559e-11 1.0000e-15 1.0000e-15 1.0000e-15
2.9500e+00 9.6051e-05 1.5093e-11 1.5097e-11 1.5058e-11 1.5089e-11 1.5045e-11 1.5097e-11 1.0000e-15 1.0000e-15 1.0000e-15
2.9600e+00 5.0849e-05 1.3756e-11 1.3749e-11 1.3725e-11 1.3751e-11 1.3697e-11 1.3749e-11 1.0000e-15 1.0000e-15 1.0000e-15
2.9700e+00 2.6920e-05 1.2498e-11 1.2501e-11 1.2466e-11 1.2501e-11 1.2458e-11 1.2501e-11 1.0000e-15 1.0000e-15 1.0000e-15
2.9800e+00 1.4251e-05 1.1386e-11 1.1391e-11 1.1366e-11 1.1391e-11 1.1354e-11 1.1391e-11 1.0000e-15 1.0000e-15 1.0000e-15
2.9900e+00 7.5447e-06 1.0396e-11 1.0399e-11 1.0357e-11 1.0399e-11 1.0362e-11 1.0399e-11 1.0000e-15 1.0000e-15 1.0000e-15
3.0000e+00 3.9942e-06 9.4635e-12 9.4617e-12 9.4191e-12 9.4617e-12 9.4460e-12 9.4617e-12 1.0000e-15 1.0000e-15 1.0000e-15
3.0100e+00 2.1145e-06 8.6273e-12 8.6314e-12 8.5802e-12 8.6314e-12 8.6165e-12 8.6314e-12 1.0000e-15 1.0000e-15 1.0000e-15
3.0200e+00 1.1194e-06 7.8324e-12 7.8329e-12 7.8016e-12 7.8329e-12 7.8337e-12 7.8329e-12 1.0000e-15 1.0000e-15 1.0000e-15
3.0300e+00 5.9264e-07 7.1373e-12 7.1206e-12 7.0906e-12 7.1206e-12 7.1398e-12 7.1206e-12 1.0000e-15 1.0000e-15 1.0000e-15
3.0400e+00 3.1374e-07 6.5019e-12 6.4883e-12 6.4605e-12 6.4883e-12 6.4904e-12 6.4883e-12 1.0000e-15 1.0000e-15 1.0000e-15
3.0500e+00 1.6610e-07 5.9301e-12 5.9035e-12 5.8764e-12 5.9035e-12 5.9153e-12 5.9035e-12 1.0000e-15 1.0000e-15 1.0000e-15
3.0600e+00 8.7932e-08 5.4178e-12 5.3759e-12 5.3454e-12 5.3759e-12 5.3797e-12 5.3759e-12 1.0000e-15 1.0000e-15 1.0000e-15
3.0700e+00 4.6552e-08 4.9217e-12 4.8678e-12 4.8462e-12 4.8678e-12 4.8831e-12 4.8678e-12 1.0000e-15 1.0000e-15 1.0000e-15
3.0800e+00 2.4645e-08 4.5011e-12 4.4481e-12 4.4169e-12 4.4481e-12 4.4673e-12 4.4481e-12 1.0000e-15 1.0000e-15 1.0000e-15
3.0900e+00 1.3049e-08 4.1107e-12 4.0662e-12 4.0275e-12 4.0662e-12 4.0690e-12 4.0662e-12 1.0000e-15 1.0000e-15 1.0000e-15
3.1000e+00 6.9107e-09 3.7478e-12 3.7214e-12 3.6832e-12 3.7214e-12 3.7185e-12 3.7214e-12 1.0000e-15 1.0000e-15 1.0000e-15
3.1100e+00 3.6635e-09 3.4093e-12 3.3870e-12 3.3456e-12 3.3870e-12 3.3866e-12 3.3870e-12 1.0000e-15 1.0000e-15 1.0000e-15
3.1200e+00 1.9487e-09 3.1018e-12 3.0704e-12 3.0420e-12 3.0704e-12 3.0692e-12 3.0704e-12 1.0000e-15 1.0000e-15 1.0000e-15
3.1300e+00 1.0489e-09 2.8336e-12 2.8067e-12 2.7823e-12 2.8067e-12 2.8048e-12 2.8067e-12 1.0000e-15 1.0000e-15 1.0000e-15
3.1400e+00 5.8673e-10 2.5814e-12 2.5538e-12 2.5342e-12 2.5538e-12 2.5541e-12 2.5538e-12 1.0000e-15 1.0000e-15 1.0000e-15
3.1500e+00 3.6381e-10 2.3498e-12 2.3253e-12 2.3065e-12 2.3253e-12 2.3296e-12 2.3253e-12 1.0000e-15 1.0000e-15 1.0000e-15
3.1600e+00 2.7013e-10 2.1414e-12 2.1169e-12 2.1033e-12 2.1169e-12 2.1252e-12 2.1169e-12 1.0000e-15 1.0000e-15 1.0000e-15
3.1700e+00 2.3732e-10 1.9556e-12 1.9295e-12 1.9161e-12 1.9295e-12 1.9366e-12 1.9295e-12 1.0000e-15 1.0000e-15 1.0000e-15
3.1800e+00 2.2728e-10 1.7815e-12 1.7575e-12 1.7414e-12 1.7575e-12 1.7647e-12 1.7575e-12 1.0000e-15 1.0000e-15 1.0000e-15
3.1900e+00 2.2438e-10 1.6273e-12 1.6015e-12 1.5841e-12 1.6015e-12 1.6061e-12 1.6015e-12 1.0000e-15 1.0000e-15 1.0000e-15
3.2000e+00 2.2356e-10 1.4864e-12 1.4608e-12 1.4453e-12 1.4608e-12 1.4623e-12 1.4608e-12 1.0000e-15 1.0000e-15 1.0000e-15
3.2100e+00 7.0713e-01 6.4887e-12 1.3316e-12 1.3353e-12 1.3177e-12 1.3394e-12 1.3264e-12 1.3336e-12 1.0000e-15 1.0000e-15
3.2200e+00 3.7435e-01 3.5914e-12 1.2148e-12 1.2211e-12 1.2034e-12 1.2255e-12 1.2126e-12 1.2150e-12 1.0000e-15 1.0000e-15
3.2300e+00 1.9818e-01 2.1201e-12 1.1008e-12 1.1041e-12 1.0956e-12 1.1145e-12 1.1004e-12 1.1024e-12 1.0000e-15 1.0000e-15
3.2400e+00 1.0492e-01 1.4061e-12 1.0053e-12 1.0127e-12 9.9806e-13 1.0176e-12 1.0060e-12 1.0133e-12 1.0000e-15 1.0000e-15
3.2500e+00 5.5545e-02 1.0738e-12 9.1701e-13 9.2193e-13 9.0520e-13 9.1706e-13 9.0795e-13 9.1905e-13 1.0000e-15 1.0000e-15
3.2600e+00 2.9405e-02 9.0597e-13 8.3504e-13 8.3544e-13 8.1863e-13 8.2798e-13 8.2972e-13 8.4098e-13 1.0000e-15 1.0000e-15
3.2700e+00 1.5567e-02 8.0624e-13 7.5790e-13 7.5332e-13 7.3880e-13 7.6532e-13 7.5841e-13 7.6072e-13 1.0000e-15 1.0000e-15
3.2800e+00 8.2414e-03 7.2600e-13 6.9440e-13 6.8970e-13 6.7748e-13 6.9980e-13 6.9321e-13 6.9851e-13 1.0000e-15 1.0000e-15
3.2900e+00 4.3630e-03 6.6667e-13 6.2608e-13 6.3759e-13 6.1660e-13 6.4781e-13 6.3475e-13 6.5502e-13 1.0000e-15 1.0000e-15
3.3000e+00 2.3098e-03 6.1389e-13 5.6513e-13 5.7605e-13 5.5528e-13 5.9251e-13 5.7056e-13 6.0075e-13 1.0000e-15 1.0000e-15
3.3100e+00 1.2228e-03 5.6184e-13 5.2128e-13 5.3810e-13 4.9699e-13 5.5595e-13 5.2462e-13 5.5106e-13 1.0000e-15 1.0000e-15
3.3200e+00 6.4736e-04 5.3065e-13 4.7909e-13 4.8716e-13 4.5588e-13 5.1733e-13 4.7513e-13 5.0863e-13 1.0000e-15 1.0000e-15
3.3300e+00 3.4271e-04 5.1416e-13 4.5990e-13 4.6177e-13 4.3087e-13 4.8984e-13 4.5138e-13 4.8854e-13 1.0000e-15 1.0000e-15
3.3400e+00 1.8143e-04 4.7229e-13 4.2214e-13 4.2278e-13 3.8804e-13 4.5636e-13 3.9268e-13 4.5845e-13 1.0000e-15 1.0000e-15
3.3500e+00 9.6051e-05 4.2008e-13 3.8828e-13 3.7491e-13 3.4437e-13 4.1982e-13 3.5630e-13 4.1964e-13 1.0000e-15 1.0000e-15
3.3600e+00 5.0849e-05 3.9197e-13 3.5682e-13 3.3659e-13 3.2815e-13 3.9536e-13 3.3738e-13 3.9712e-13 1.0000e-15 1.0000e-15
3.3700e+00 2.6920e-05 3.7439e-13 3.2731e-13 3.1195e-13 3.0608e-13 3.8765e-13 3.0776e-13 3.8873e-13 1.0000e-15 1.0000e-15
3.3800e+00 1.4251e-05 3.6305e-13 3.0715e-13 2.8389e-13 2.8711e-13 3.5399e-13 2.8711e-13 3.5399e-13 1.0000e-15 1.0000e-15
3.3900e+00 7.5447e-06 3.3896e-13 2.6279e-13 2.2802e-13 2.4200e-13 3.2353e-13 2.4200e-13 3.2353e-13 1.0000e-15 1.0000e-15
3.4000e+00 3.9942e-06 3.4458e-13 2.6292e-13 2.1505e-13 2.5071e-13 3.0969e-13 2.5071e-13 3.0969e-13 1.0000e-15 1.0000e-15
3.4100e+00 2.1145e-06 3.5473e-13 2.5699e-13 2.3062e-13 2.3615e-13 3.2647e-13 2.3615e-13 3.2647e-13 1.0000e-15 1.0000e-15
3.4200e+00 1.1194e-06 3.1875e-13 2.0429e-13 1.9515e-13 1.8489e-13 2.9164e-13 1.8489e-13 2.9164e-13 1.0000e-15 1.0000e-15
3.4300e+00 5.9264e-07 2.9003e-13 1.8789e-13 1.7873e-13 1.8307e-13 2.6516e-13 1.8307e-13 2.6516e-13 1.0000e-15 1.0000e-15
3.4400e+00 3.1374e-07 2.7972e-13 1.8336e-13 1.5057e-13 1.6825e-13 2.3695e-13 1.6825e-13 2.3695e-13 1.0000e-15 1.0000e-15
3.4500e+00 1.6610e-07 2.5523e-13 1.5795e-13 1.3556e-13 1.4751e-13 2.2923e-13 1.4751e-13 2.2923e-13 1.0000e-15 1.0000e-15
3.4600e+00 8.7932e-08 2.5392e-13 1.4428e-13 1.1554e-13 1.4137e-13 2.2048e-13 1.4137e-13 2.2048e-13 1.0000e-15 1.0000e-15
3.4700e+00 4.6552e-08 2.3128e-13 1.5131e-13 9.5046e-14 1.5107e-13 2.1283e-13 1.5107e-13 2.1283e-13 1.0000e-15 1.0000e-15
3.4800e+00 2.4645e-08 2.1526e-13 1.5554e-13 9.7202e-14 1.5519e-13 1.8870e-13 1.5519e-13 1.8870e-13 1.0000e-15 1.0000e-15
3.4900e+00 1.3049e-08 2.1852e-13 1.5127e-13 9.3200e-14 1.5191e-13 1.7860e-13 1.5191e-13 1.7860e-13 1.0000e-15 1.0000e-15
3.5000e+00 6.9106e-09 2.1489e-13 1.4221e-13 9.0195e-14 1.4344e-13 1.8464e-13 1.4344e-13 1.8464e-13 1.0000e-15 1.0000e-15
3.5100e+00 3.6634e-09 2.1580e-13 1.3640e-13 8.4077e-14 1.3808e-13 1.8031e-13 1.3808e-13 1.8031e-13 1.0000e-15 1.0000e-15
3.5200e+00 1.9486e-09 2.2804e-13 1.3001e-13 7.7836e-14 1.3095e-13 1.6662e-13 1.3095e-13 1.6662e-13 1.0000e-15 1.0000e-15
3.5300e+00 1.0489e-09 2.0697e-13 1.3490e-13 6.7814e-14 1.3951e-13 1.6864e-13 1.3951e-13 1.6864e-13 1.0000e-15 1.0000e-15
3.5400e+00 5.8672e-10 1.9335e-13 1.3845e-13 6.0569e-14 1.4372e-13 1.5864e-13 1.4372e-13 1.5864e-13 1.0000e-15 1.0000e-15
3.5500e+00 3.6384e-10 1.8849e-13 1.3602e-13 5.7161e-14 1.4477e-13 1.5677e-13 1.4477e-13 1.5677e-13 1.0000e-15 1.0000e-15
3.5600e+00 2.7020e-10 1.8829e-13 1.3187e-13 5.1552e-14 1.4195e-13 1.5510e-13 1.4195e-13 1.5510e-13 1.0000e-15 1.0000e-15
3.5700e+00 2.3742e-10 1.9169e-13 1.3177e-13 5.0321e-14 1.4000e-13 1.5209e-13 1.4000e-13 1.5209e-13 1.0000e-15 1.0000e-15
3.5800e+00 2.2738e-10 1.9351e-13 1.3465e-13 4.6645e-14 1.4259e-13 1.5151e-13 1.4259e-13 1.5151e-13 1.0000e-15 1.0000e-15
3.5900e+00 2.2449e-10 1.8930e-13 1.3282e-13 4.5313e-14 1.4095e-13 1.5142e-13 1.4095e-13 1.5142e-13 1.0000e-15 1.0000e-15
3.6000e+00 2.2368e-10 1.9117e-13 1.3255e-13 4.1234e-14 1.4449e-13 1.5181e-13 1.4449e-13 1.5181e-13 1.0000e-15 1.0000e-15
3.6100e+00 7.0713e-01 6.3323e-12 5.5518e-14 4.8542e-14 1.4873e-13 2.8573e-13 6.9469e-14 1.8147e-13 4.9856e-14 1.0000e-15
3.6200e+00 3.7435e-01 3.3555e-12 5.1786e-14 4.1182e-14 1.4647e-13 2.8780e-13 7.1264e-14 1.8563e-13 4.6599e-14 1.0000e-15
3.6300e+00 1.9818e-01 1.7872e-12 4.5723e-14 3.3896e-14 1.4081e-13 2.8429e-13 6.8109e-14 1.8173e-13 3.8311e-14 1.0000e-15
3.6400e+00 1.0492e-01 9.5906e-13 4.4448e-14 2.7704e-14 1.4085e-13 2.8330e-13 6.3410e-14 1.7963e-13 3.0936e-14 1.0000e-15
3.6500e+00 5.5545e-02 5.3968e-13 4.4296e-14 2.1043e-14 1.3154e-13 2.7669e-13 5.7266e-14 1.7314e-13 2.2482e-14 1.0000e-15
3.6600e+00 2.9405e-02 3.4149e-13 4.7449e-14 1.4902e-14 1.2660e-13 2.7849e-13 6.4092e-14 1.7242e-13 1.6838e-14 1.0000e-15
3.6700e+00 1.5567e-02 2.5873e-13 4.9753e-14 8.6404e-15 1.3441e-13 2.8364e-13 6.9941e-14 1.6750e-13 1.3623e-14 1.0000e-15
3.6800e+00 8.2414e-03 2.2290e-13 7.2282e-14 1.6255e-14 1.5358e-13 2.9687e-13 8.4105e-14 1.8973e-13 2.4616e-14 1.0000e-15
3.6900e+00 4.3630e-03 2.0916e-13 7.2525e-14 1.2682e-14 1.5754e-13 2.9296e-13 7.4975e-14 1.7870e-13 1.6789e-14 1.0000e-15
3.7000e+00 2.3098e-03 1.7568e-13 9.0345e-14 1.1434e-14 1.6942e-13 3.0287e-13 9.5231e-14 2.0505e-13 1.8719e-14 1.0000e-15
3.7100e+00 1.2228e-03 1.6267e-13 1.0936e-13 1.3932e-14 1.7429e-13 3.1293e-13 1.1360e-13 1.9669e-13 1.5099e-14 1.0000e-15
3.7200e+00 6.4736e-04 1.5837e-13 1.0035e-13 2.7764e-14 1.8153e-13 2.9575e-13 1.1075e-13 1.9121e-13 2.7764e-14 1.0000e-15
3.7300e+00 3.4271e-04 1.6526e-13 1.0120e-13 6.8915e-15 1.9976e-13 2.7840e-13 1.0736e-13 2.1319e-13 6.8915e-15 1.0000e-15
3.7400e+00 1.8143e-04 1.5706e-13 9.5415e-14 1.0000e-15 1.8390e-13 2.7836e-13 1.0253e-13 2.0066e-13 1.0000e-15 1.0000e-15
3.7500e+00 9.6051e-05 1.6313e-13 9.3932e-14 1.0000e-15 1.9274e-13 2.7643e-13 9.8683e-14 2.2210e-13 1.0000e-15 1.0000e-15
3.7600e+00 5.0849e-05 1.7140e-13 6.9269e-14 1.0000e-15 1.6509e-13 2.5308e-13 6.9269e-14 2.0192e-13 1.0000e-15 1.0000e-15
3.7700e+00 2.6920e-05 1.9644e-13 2.1943e-14 1.0000e-15 1.3270e-13 2.1402e-13 2.1943e-14 1.8214e-13 1.0000e-15 1.0000e-15
3.7800e+00 1.4251e-05 1.6015e-13 2.6121e-14 1.0000e-15 1.6439e-13 2.4422e-13 2.6121e-14 2.1280e-13 1.0000e-15 1.0000e-15
3.7900e+00 7.5447e-06 1.5045e-13 2.3328e-14 1.0000e-15 1.4629e-13 2.5259e-13 2.3328e-14 1.9906e-13 1.0000e-15 1.0000e-15
3.8000e+00 3.9942e-06 1.5741e-13 3.4138e-14 1.0000e-15 1.3449e-13 2.4359e-13 3.4138e-14 2.1718e-13 1.0000e-15 1.0000e-15
3.8100e+00 2.1145e-06 1.7043e-13 5.2514e-14 1.0000e-15 1.1872e-13 2.5522e-13 5.2514e-14 2.1613e-13 1.0000e-15 1.0000e-15
3.8200e+00 1.1194e-06 1.5887e-13 5.1618e-14 1.0000e-15 9.9712e-14 2.5921e-13 5.1618e-14 2.0005e-13 1.0000e-15 1.0000e-15
3.8300e+00 5.9264e-07 1.6726e-13 5.3904e-14 1.0000e-15 1.0776e-13 2.6241e-13 5.3904e-14 2.1178e-13 1.0000e-15 1.0000e-15
3.8400e+00 3.1374e-07 1.4488e-13 4.8532e-14 1.0000e-15 1.1030e-13 2.6340e-13 4.8532e-14 2.2074e-13 1.0000e-15 1.0000e-15
3.8500e+00 1.6610e-07 1.5624e-13 2.5550e-14 1.0000e-15 1.0255e-13 2.7555e-13 2.5550e-14 2.1669e-13 1.0000e-15 1.0000e-15
3.8600e+00 8.7932e-08 1.4835e-13 1.6888e-14 1.0000e-15 9.1158e-14 2.8960e-13 1.6888e-14 2.0170e-13 1.0000e-15 1.0000e-15
3.8700e+00 4.6552e-08 1.3145e-13 6.6173e-15 1.0000e-15 8.6117e-14 3.0084e-13 6.6173e-15 2.2334e-13 1.0000e-15 1.0000e-15
3.8800e+00 2.4645e-08 1.1999e-13 1.5540e-14 1.0000e-15 9.4491e-14 3.1416e-13 1.5540e-14 2.1687e-13 1.0000e-15 1.0000e-15
3.8900e+00 1.3049e-08 1.2259e-13 2.2427e-14 1.0000e-15 8.9306e-14 3.0503e-13 2.2427e-14 2.2961e-13 1.0000e-15 1.0000e-15
3.9000e+00 6.9106e-09 1.4127e-13 1.6938e-14 1.0000e-15 8.0684e-14 3.0827e-13 1.6938e-14 2.1370e-13 1.0000e-15 1.0000e-15
3.9100e+00 3.6634e-09 1.4416e-13 1.2374e-14 1.0000e-15 7.4182e-14 2.9790e-13 1.2374e-14 2.0082e-13 1.0000e-15 1.0000e-15
3.9200e+00 1.9486e-09 1.4780e-13 8.9936e-15 1.0000e-15 6.9557e-14 3.0737e-13 8.9936e-15 2.0184e-13 1.0000e-15 1.0000e-15
3.9300e+00 1.0489e-09 1.5538e-13 1.3529e-14 1.0000e-15 7.5247e-14 3.0069e-13 1.3529e-14 1.9587e-13 1.0000e-15 1.0000e-15
3.9400e+00 5.8671e-10 1.5570e-13 9.3791e-15 1.0000e-15 6.8745e-14 2.9991e-13 9.3791e-15 1.9450e-13 1.0000e-15 1.0000e-15
3.9500e+00 3.6383e-10 1.5944e-13 1.0840e-14 1.0000e-15 7.4596e-14 2.9653e-13 1.0840e-14 1.9475e-13 1.0000e-15 1.0000e-15
3.9600e+00 2.7018e-10 1.6104e-13 8.7557e-15 1.0000e-15 7.7276e-14 2.9667e-13 8.7557e-15 1.9701e-13 1.0000e-15 1.0000e-15
3.9700e+00 2.3740e-10 1.5975e-13 1.0737e-14 1.0000e-15 8.1164e-14 3.0345e-13 1.0737e-14 2.0009e-13 1.0000e-15 1.0000e-15
3.9800e+00 2.2737e-10 1.5878e-13 8.5951e-15 1.0000e-15 7.9231e-14 3.0523e-13 8.5951e-15 1.9567e-13 1.0000e-15 1.0000e-15
3.9900e+00 2.2448e-10 1.5835e-13 8.8285e-15 1.0000e-15 7.8763e-14 3.0526e-13 8.8285e-15 1.9384e-13 1.0000e-15 1.0000e-15
4.0000e+00 2.2365e-10 1.6483e-13 1.2484e-14 1.0000e-15 7.7019e-14 3.0472e-13 1.2484e-14 1.9139e-13 1.0000e-15 1.0000e-15
