# columns=iterations, rows=time
0.0000e+00 1.0000e-15 1.0000e-15 1.0000e-15 1.0000e-15 1.0000e-15 1.0000e-15 1.0000e-15 1.0000e-15 1.0000e-15 1.0000e-15
1.0000e-02 1.0000e-15 1.0000e-15 1.0000e-15 1.0000e-15 1.0000e-15 1.0000e-15 1.0000e-15 1.0000e-15 1.0000e-15 1.0000e-15
2.0000e-02 1.0000e-15 1.0000e-15 1.0000e-15 1.0000e-15 1.0000e-15 1.0000e-15 1.0000e-15 1.0000e-15 1.0000e-15 1.0000e-15
3.0000e-02 1.0000e-15 1.0000e-15 1.0000e-15 1.0000e-15 1.0000e-15 1.0000e-15 1.0000e-15 1.0000e-15 1.0000e-15 1.0000e-15
4.0000e-02 1.0000e-15 1.0000e-15 1.0000e-15 1.0000e-15 1.0000e-15 1.0000e-15 1.0000e-15 1.0000e-15 1.0000e-15 1.0000e-15
5.0000e-02 1.0000e-15 1.0000e-15 1.0000e-15 1.0000e-15 1.0000e-15 1.0000e-15 1.0000e-15 1.0000e-15 1.0000e-15 1.0000e-15
6.0000e-02 1.0000e-15 1.0000e-15 1.0000e-15 1.0000e-15 1.0000e-15 1.0000e-15 1.0000e-15 1.0000e-15 1.0000e-15 1.0000e-15
7.0000e-02 1.0000e-15 1.0000e-15 1.0000e-15 1.0000e-15 1.0000e-15 1.0000e-15 1.0000e-15 1.0000e-15 1.0000e-15 1.0000e-15
8.0000e-02 1.0000e-15 1.0000e-15 1.0000e-15 1.0000e-15 1.0000e-15 1.0000e-15 1.0000e-15 1.0000e-15 1.0000e-15 1.0000e-15
9.0000e-02 1.0000e-15 1.0000e-15 1.0000e-15 1.0000e-15 1.0000e-15 1.0000e-15 1.0000e-15 1.0000e-15 1.0000e-15 1.0000e-15
1.0000e-01 1.0000e-15 1.0000e-15 1.0000e-15 1.0000e-15 1.0000e-15 1.0000e-15 1.0000e-15 1.0000e-15 1.0000e-15 1.0000e-15
1.1000e-01 1.0000e-15 1.0000e-15 1.0000e-15 1.0000e-15 1.0000e-15 1.0000e-15 1.0000e-15 1.0000e-15 1.0000e-15 1.0000e-15
1.2000e-01 1.0000e-15 1.0000e-15 1.0000e-15 1.0000e-15 1.0000e-15 1.0000e-15 1.0000e-15 1.0000e-15 1.0000e-15 1.0000e-15
1.3000e-01 1.0000e-15 1.0000e-15 1.0000e-15 1.0000e-15 1.0000e-15 1.0000e-15 1.0000e-15 1.0000e-15 1.0000e-15 1.0000e-15
1.4000e-01 1.0000e-15 1.0000e-15 1.0000e-15 1.0000e-15 1.0000e-15 1.0000e-15 1.0000e-15 1.0000e-15 1.0000e-15 1.0000e-15
1.5000e-01 1.0000e-15 1.0000e-15 1.0000e-15 1.0000e-15 1.0000e-15 1.0000e-15 1.0000e-15 1.0000e-15 1.0000e-15 1.0000e-15
1.6000e-01 1.0000e-15 1.0000e-15 1.0000e-15 1.0000e-15 1.0000e-15 1.0000e-15 1.0000e-15 1.0000e-15 1.0000e-15 1.0000e-15
1.7000e-01 1.0000e-15 1.0000e-15 1.0000e-15 1.0000e-15 1.0000e-15 1.0000e-15 1.0000e-15 1.0000e-15 1.0000e-15 1.0000e-15
1.8000e-01 1.0000e-15 1.0000e-15 1.0000e-15 1.0000e-15 1.0000e-15 1.0000e-15 1.0000e-15 1.0000e-15 1.0000e-15 1.0000e-15
1.9000e-01 1.0000e-15 1.0000e-15 1.0000e-15 1.0000e-15 1.0000e-15 1.0000e-15 1.0000e-15 1.0000e-15 1.0000e-15 1.0000e-15
2.0000e-01 1.0000e-15 1.0000e-15 1.0000e-15 1.0000e-15 1.0000e-15 1.0000e-15 1.0000e-15 1.0000e-15 1.0000e-15 1.0000e-15
2.1000e-01 1.0000e-15 1.0000e-15 1.0000e-15 1.0000e-15 1.0000e-15 1.0000e-15 1.0000e-15 1.0000e-15 1.0000e-15 1.0000e-15
2.2000e-01 1.0000e-15 1.0000e-15 1.0000e-15 1.0000e-15 1.0000e-15 1.0000e-15 1.0000e-15 1.0000e-15 1.0000e-15 1.0000e-15
2.3000e-01 1.0000e-15 1.0000e-15 1.0000e-15 1.0000e-15 1.0000e-15 1.0000e-15 1.0000e-15 1.0000e-15 1.0000e-15 1.0000e-15
2.4000e-01 1.0000e-15 1.0000e-15 1.0000e-15 1.0000e-15 1.0000e-15 1.0000e-15 1.0000e-15 1.0000e-15 1.0000e-15 1.0000e-15
2.5000e-01 1.0000e-15 1.0000e-15 1.0000e-15 1.0000e-15 1.0000e-15 1.0000e-15 1.0000e-15 1.0000e-15 1.0000e-15 1.0000e-15
2.6000e-01 1.0000e-15 1.0000e-15 1.0000e-15 1.0000e-15 1.0000e-15 1.0000e-15 1.0000e-15 1.0000e-15 1.0000e-15 1.0000e-15
2.7000e-01 1.0000e-15 1.0000e-15 1.0000e-15 1.0000e-15 1.0000e-15 1.0000e-15 1.0000e-15 1.0000e-15 1.0000e-15 1.0000e-15
2.8000e-01 1.0000e-15 1.0000e-15 1.0000e-15 1.0000e-15 1.0000e-15 1.0000e-15 1.0000e-15 1.0000e-15 1.0000e-15 1.0000e-15
2.9000e-01 1.0000e-15 1.0000e-15 1.0000e-15 1.0000e-15 1.0000e-15 1.0000e-15 1.0000e-15 1.0000e-15 1.0000e-15 1.0000e-15
3.0000e-01 1.0000e-15 1.0000e-15 1.0000e-15 1.0000e-15 1.0000e-15 1.0000e-15 1.0000e-15 1.0000e-15 1.0000e-15 1.0000e-15
3.1000e-01 1.0000e-15 1.0000e-15 1.0000e-15 1.0000e-15 1.0000e-15 1.0000e-15 1.0000e-15 1.0000e-15 1.0000e-15 1.0000e-15
3.2000e-01 1.0000e-15 1.0000e-15 1.0000e-15 1.0000e-15 1.0000e-15 1.0000e-15 1.0000e-15 1.0000e-15 1.0000e-15 1.0000e-15
3.3000e-01 1.0000e-15 1.0000e-15 1.0000e-15 1.0000e-15 1.0000e-15 1.0000e-15 1.0000e-15 1.0000e-15 1.0000e-15 1.0000e-15
3.4000e-01 1.0000e-15 1.0000e-15 1.0000e-15 1.0000e-15 1.0000e-15 1.0000e-15 1.0000e-15 1.0000e-15 1.0000e-15 1.0000e-15
3.5000e-01 1.0000e-15 1.0000e-15 1.0000e-15 1.0000e-15 1.0000e-15 1.0000e-15 1.0000e-15 1.0000e-15 1.0000e-15 1.0000e-15
3.6000e-01 1.0000e-15 1.0000e-15 1.0000e-15 1.0000e-15 1.0000e-15 1.0000e-15 1.0000e-15 1.0000e-15 1.0000e-15 1.0000e-15
3.7000e-01 1.0000e-15 1.0000e-15 1.0000e-15 1.0000e-15 1.0000e-15 1.0000e-15 1.0000e-15 1.0000e-15 1.0000e-15 1.0000e-15
3.8000e-01 1.0000e-15 1.0000e-15 1.0000e-15 1.0000e-15 1.0000e-15 1.0000e-15 1.0000e-15 1.0000e-15 1.0000e-15 1.0000e-15
3.9000e-01 1.0000e-15 1.0000e-15 1.0000e-15 1.0000e-15 1.0000e-15 1.0000e-15 1.0000e-15 1.0000e-15 1.0000e-15 1.0000e-15
4.0000e-01 1.0000e-15 1.0000e-15 1.0000e-15 1.0000e-15 1.0000e-15 1.0000e-15 1.0000e-15 1.0000e-15 1.0000e-15 1.0000e-15
4.1000e-01 3.0162e+00 1.0000e-15 1.0000e-15 1.0000e-15 1.0000e-15 1.0000e-15 1.0000e-15 1.0000e-15 1.0000e-15 1.0000e-15
4.2000e-01 2.6294e+00 1.0000e-15 1.0000e-15 1.0000e-15 1.0000e-15 1.0000e-15 1.0000e-15 1.0000e-15 1.0000e-15 1.0000e-15
4.3000e-01 2.3563e+00 1.0000e-15 1.0000e-15 1.0000e-15 1.0000e-15 1.0000e-15 1.0000e-15 1.0000e-15 1.0000e-15 1.0000e-15
4.4000e-01 2.1329e+00 1.0000e-15 1.0000e-15 1.0000e-15 1.0000e-15 1.0000e-15 1.0000e-15 1.0000e-15 1.0000e-15 1.0000e-15
4.5000e-01 1.9375e+00 1.0000e-15 1.0000e-15 1.0000e-15 1.0000e-15 1.0000e-15 1.0000e-15 1.0000e-15 1.0000e-15 1.0000e-15
4.6000e-01 1.7621e+00 1.0000e-15 1.0000e-15 1.0000e-15 1.0000e-15 1.0000e-15 1.0000e-15 1.0000e-15 1.0000e-15 1.0000e-15
4.7000e-01 1.6033e+00 1.0000e-15 1.0000e-15 1.0000e-15 1.0000e-15 1.0000e-15 1.0000e-15 1.0000e-15 1.0000e-15 1.0000e-15
4.8000e-01 1.4591e+00 1.0000e-15 1.0000e-15 1.0000e-15 1.0000e-15 1.0000e-15 1.0000e-15 1.0000e-15 1.0000e-15 1.0000e-15
4.9000e-01 1.3279e+00 1.0000e-15 1.0000e-15 1.0000e-15 1.0000e-15 1.0000e-15 1.0000e-15 1.0000e-15 1.0000e-15 1.0000e-15
5.0000e-01 1.2086e+00 1.0000e-15 1.0000e-15 1.0000e-15 1.0000e-15 1.0000e-15 1.0000e-15 1.0000e-15 1.0000e-15 1.0000e-15
5.1000e-01 1.1000e+00 1.0000e-15 1.0000e-15 1.0000e-15 1.0000e-15 1.0000e-15 1.0000e-15 1.0000e-15 1.0000e-15 1.0000e-15
5.2000e-01 1.0012e+00 1.0000e-15 1.0000e-15 1.0000e-15 1.0000e-15 1.0000e-15 1.0000e-15 1.0000e-15 1.0000e-15 1.0000e-15
5.3000e-01 9.1120e-01 1.0000e-15 1.0000e-15 1.0000e-15 1.0000e-15 1.0000e-15 1.0000e-15 1.0000e-15 1.0000e-15 1.0000e-15
5.4000e-01 8.2934e-01 1.0000e-15 1.0000e-15 1.0000e-15 1.0000e-15 1.0000e-15 1.0000e-15 1.0000e-15 1.0000e-15 1.0000e-15
5.5000e-01 7.5483e-01 1.0000e-15 1.0000e-15 1.0000e-15 1.0000e-15 1.0000e-15 1.0000e-15 1.0000e-15 1.0000e-15 1.0000e-15
5.6000e-01 6.8702e-01 1.0000e-15 1.0000e-15 1.0000e-15 1.0000e-15 1.0000e-15 1.0000e-15 1.0000e-15 1.0000e-15 1.0000e-15
5.7000e-01 6.2530e-01 1.0000e-15 1.0000e-15 1.0000e-15 1.0000e-15 1.0000e-15 1.0000e-15 1.0000e-15 1.0000e-15 1.0000e-15
5.8000e-01 5.6912e-01 1.0000e-15 1.0000e-15 1.0000e-15 1.0000e-15 1.0000e-15 1.0000e-15 1.0000e-15 1.0000e-15 1.0000e-15
5.9000e-01 5.1799e-01 1.0000e-15 1.0000e-15 1.0000e-15 1.0000e-15 1.0000e-15 1.0000e-15 1.0000e-15 1.0000e-15 1.0000e-15
6.0000e-01 4.7146e-01 1.0000e-15 1.0000e-15 1.0000e-15 1.0000e-15 1.0000e-15 1.0000e-15 1.0000e-15 1.0000e-15 1.0000e-15
6.1000e-01 4.2910e-01 1.0000e-15 1.0000e-15 1.0000e-15 1.0000e-15 1.0000e-15 1.0000e-15 1.0000e-15 1.0000e-15 1.0000e-15
6.2000e-01 3.9055e-01 1.0000e-15 1.0000e-15 1.0000e-15 1.0000e-15 1.0000e-15 1.0000e-15 1.0000e-15 1.0000e-15 1.0000e-15
6.3000e-01 3.5547e-01 1.0000e-15 1.0000e-15 1.0000e-15 1.0000e-15 1.0000e-15 1.0000e-15 1.0000e-15 1.0000e-15 1.0000e-15
6.4000e-01 3.2353e-01 1.0000e-15 1.0000e-15 1.0000e-15 1.0000e-15 1.0000e-15 1.0000e-15 1.0000e-15 1.0000e-15 1.0000e-15
6.5000e-01 2.9447e-01 1.0000e-15 1.0000e-15 1.0000e-15 1.0000e-15 1.0000e-15 1.0000e-15 1.0000e-15 1.0000e-15 1.0000e-15
6.6000e-01 2.6801e-01 1.0000e-15 1.0000e-15 1.0000e-15 1.0000e-15 1.0000e-15 1.0000e-15 1.0000e-15 1.0000e-15 1.0000e-15
6.7000e-01 2.4394e-01 1.0000e-15 1.0000e-15 1.0000e-15 1.0000e-15 1.0000e-15 1.0000e-15 1.0000e-15 1.0000e-15 1.0000e-15
6.8000e-01 2.2202e-01 1.0000e-15 1.0000e-15 1.0000e-15 1.0000e-15 1.0000e-15 1.0000e-15 1.0000e-15 1.0000e-15 1.0000e-15
6.9000e-01 2.0208e-01 1.0000e-15 1.0000e-15 1.0000e-15 1.0000e-15 1.0000e-15 1.0000e-15 1.0000e-15 1.0000e-15 1.0000e-15
7.0000e-01 1.8392e-01 1.0000e-15 1.0000e-15 1.0000e-15 1.0000e-15 1.0000e-15 1.0000e-15 1.0000e-15 1.0000e-15 1.0000e-15
7.1000e-01 1.6740e-01 1.0000e-15 1.0000e-15 1.0000e-15 1.0000e-15 1.0000e-15 1.0000e-15 1.0000e-15 1.0000e-15 1.0000e-15
7.2000e-01 1.5236e-01 1.0000e-15 1.0000e-15 1.0000e-15 1.0000e-15 1.0000e-15 1.0000e-15 1.0000e-15 1.0000e-15 1.0000e-15
7.3000e-01 1.3867e-01 1.0000e-15 1.0000e-15 1.0000e-15 1.0000e-15 1.0000e-15 1.0000e-15 1.0000e-15 1.0000e-15 1.0000e-15
7.4000e-01 1.2622e-01 1.0000e-15 1.0000e-15 1.0000e-15 1.0000e-15 1.0000e-15 1.0000e-15 1.0000e-15 1.0000e-15 1.0000e-15
7.5000e-01 1.1488e-01 1.0000e-15 1.0000e-15 1.0000e-15 1.0000e-15 1.0000e-15 1.0000e-15 1.0000e-15 1.0000e-15 1.0000e-15
7.6000e-01 1.0456e-01 1.0000e-15 1.0000e-15 1.0000e-15 1.0000e-15 1.0000e-15 1.0000e-15 1.0000e-15 1.0000e-15 1.0000e-15
7.7000e-01 9.5163e-02 1.0000e-15 1.0000e-15 1.0000e-15 1.0000e-15 1.0000e-15 1.0000e-15 1.0000e-15 1.0000e-15 1.0000e-15
7.8000e-01 8.6614e-02 1.0000e-15 1.0000e-15 1.0000e-15 1.0000e-15 1.0000e-15 1.0000e-15 1.0000e-15 1.0000e-15 1.0000e-15
7.9000e-01 7.8833e-02 1.0000e-15 1.0000e-15 1.0000e-15 1.0000e-15 1.0000e-15 1.0000e-15 1.0000e-15 1.0000e-15 1.0000e-15
8.0000e-01 7.1751e-02 1.0000e-15 1.0000e-15 1.0000e-15 1.0000e-15 1.0000e-15 1.0000e-15 1.0000e-15 1.0000e-15 1.0000e-15
8.1000e-01 9.4849e-01 5.0525e-01 1.0000e-15 1.0000e-15 1.0000e-15 1.0000e-15 1.0000e-15 1.0000e-15 1.0000e-15 1.0000e-15
8.2000e-01 6.8538e-01 4.5941e-01 1.0000e-15 1.0000e-15 1.0000e-15 1.0000e-15 1.0000e-15 1.0000e-15 1.0000e-15 1.0000e-15
8.3000e-01 5.5959e-01 4.1800e-01 1.0000e-15 1.0000e-15 1.0000e-15 1.0000e-15 1.0000e-15 1.0000e-15 1.0000e-15 1.0000e-15
8.4000e-01 4.8856e-01 3.8041e-01 1.0000e-15 1.0000e-15 1.0000e-15 1.0000e-15 1.0000e-15 1.0000e-15 1.0000e-15 1.0000e-15
8.5000e-01 4.3841e-01 3.4623e-01 1.0000e-15 1.0000e-15 1.0000e-15 1.0000e-15 1.0000e-15 1.0000e-15 1.0000e-15 1.0000e-15
8.6000e-01 3.9725e-01 3.1512e-01 1.0000e-15 1.0000e-15 1.0000e-15 1.0000e-15 1.0000e-15 1.0000e-15 1.0000e-15 1.0000e-15
8.7000e-01 3.6110e-01 2.8681e-01 1.0000e-15 1.0000e-15 1.0000e-15 1.0000e-15 1.0000e-15 1.0000e-15 1.0000e-15 1.0000e-15
8.8000e-01 3.2857e-01 2.6104e-01 1.0000e-15 1.0000e-15 1.0000e-15 1.0000e-15 1.0000e-15 1.0000e-15 1.0000e-15 1.0000e-15
8.9000e-01 2.9904e-01 2.3759e-01 1.0000e-15 1.0000e-15 1.0000e-15 1.0000e-15 1.0000e-15 1.0000e-15 1.0000e-15 1.0000e-15
9.0000e-01 2.7219e-01 2.1624e-01 1.0000e-15 1.0000e-15 1.0000e-15 1.0000e-15 1.0000e-15 1.0000e-15 1.0000e-15 1.0000e-15
9.1000e-01 2.4775e-01 1.9682e-01 1.0000e-15 1.0000e-15 1.0000e-15 1.0000e-15 1.0000e-15 1.0000e-15 1.0000e-15 1.0000e-15
9.2000e-01 2.2550e-01 1.7914e-01 1.0000e-15 1.0000e-15 1.0000e-15 1.0000e-15 1.0000e-15 1.0000e-15 1.0000e-15 1.0000e-15
9.3000e-01 2.0524e-01 1.6304e-01 1.0000e-15 1.0000e-15 1.0000e-15 1.0000e-15 1.0000e-15 1.0000e-15 1.0000e-15 1.0000e-15
9.4000e-01 1.8681e-01 1.4839e-01 1.0000e-15 1.0000e-15 1.0000e-15 1.0000e-15 1.0000e-15 1.0000e-15 1.0000e-15 1.0000e-15
9.5000e-01 1.7003e-01 1.3506e-01 1.0000e-15 1.0000e-15 1.0000e-15 1.0000e-15 1.0000e-15 1.0000e-15 1.0000e-15 1.0000e-15
9.6000e-01 1.5475e-01 1.2293e-01 1.0000e-15 1.0000e-15 1.0000e-15 1.0000e-15 1.0000e-15 1.0000e-15 1.0000e-15 1.0000e-15
9.7000e-01 1.4085e-01 1.1189e-01 1.0000e-15 1.0000e-15 1.0000e-15 1.0000e-15 1.0000e-15 1.0000e-15 1.0000e-15 1.0000e-15
9.8000e-01 1.2820e-01 1.0183e-01 1.0000e-15 1.0000e-15 1.0000e-15 1.0000e-15 1.0000e-15 1.0000e-15 1.0000e-15 1.0000e-15
9.9000e-01 1.1668e-01 9.2686e-02 1.0000e-15 1.0000e-15 1.0000e-15 1.0000e-15 1.0000e-15 1.0000e-15 1.0000e-15 1.0000e-15
1.0000e+00 1.0620e-01 8.4359e-02 1.0000e-15 1.0000e-15 1.0000e-15 1.0000e-15 1.0000e-15 1.0000e-15 1.0000e-15 1.0000e-15
1.0100e+00 9.6658e-02 7.6781e-02 1.0000e-15 1.0000e-15 1.0000e-15 1.0000e-15 1.0000e-15 1.0000e-15 1.0000e-15 1.0000e-15
1.0200e+00 8.7975e-02 6.9883e-02 1.0000e-15 1.0000e-15 1.0000e-15 1.0000e-15 1.0000e-15 1.0000e-15 1.0000e-15 1.0000e-15
1.0300e+00 8.0071e-02 6.3605e-02 1.0000e-15 1.0000e-15 1.0000e-15 1.0000e-15 1.0000e-15 1.0000e-15 1.0000e-15 1.0000e-15
1.0400e+00 7.2878e-02 5.7891e-02 1.0000e-15 1.0000e-15 1.0000e-15 1.0000e-15 1.0000e-15 1.0000e-15 1.0000e-15 1.0000e-15
1.0500e+00 6.6331e-02 5.2690e-02 1.0000e-15 1.0000e-15 1.0000e-15 1.0000e-15 1.0000e-15 1.0000e-15 1.0000e-15 1.0000e-15
1.0600e+00 6.0372e-02 4.7957e-02 1.0000e-15 1.0000e-15 1.0000e-15 1.0000e-15 1.0000e-15 1.0000e-15 1.0000e-15 1.0000e-15
1.0700e+00 5.4948e-02 4.3648e-02 1.0000e-15 1.0000e-15 1.0000e-15 1.0000e-15 1.0000e-15 1.0000e-15 1.0000e-15 1.0000e-15
1.0800e+00 5.0012e-02 3.9727e-02 1.0000e-15 1.0000e-15 1.0000e-15 1.0000e-15 1.0000e-15 1.0000e-15 1.0000e-15 1.0000e-15
1.0900e+00 4.5519e-02 3.6158e-02 1.0000e-15 1.0000e-15 1.0000e-15 1.0000e-15 1.0000e-15 1.0000e-15 1.0000e-15 1.0000e-15
1.1000e+00 4.1430e-02 3.2910e-02 1.0000e-15 1.0000e-15 1.0000e-15 1.0000e-15 1.0000e-15 1.0000e-15 1.0000e-15 1.0000e-15
1.1100e+00 3.7708e-02 2.9953e-02 1.0000e-15 1.0000e-15 1.0000e-15 1.0000e-15 1.0000e-15 1.0000e-15 1.0000e-15 1.0000e-15
1.1200e+00 3.4320e-02 2.7262e-02 1.0000e-15 1.0000e-15 1.0000e-15 1.0000e-15 1.0000e-15 1.0000e-15 1.0000e-15 1.0000e-15
1.1300e+00 3.1237e-02 2.4813e-02 1.0000e-15 1.0000e-15 1.0000e-15 1.0000e-15 1.0000e-15 1.0000e-15 1.0000e-15 1.0000e-15
1.1400e+00 2.8431e-02 2.2584e-02 1.0000e-15 1.0000e-15 1.0000e-15 1.0000e-15 1.0000e-15 1.0000e-15 1.0000e-15 1.0000e-15
1.1500e+00 2.5877e-02 2.0555e-02 1.0000e-15 1.0000e-15 1.0000e-15 1.0000e-15 1.0000e-15 1.0000e-15 1.0000e-15 1.0000e-15
1.1600e+00 2.3552e-02 1.8709e-02 1.0000e-15 1.0000e-15 1.0000e-15 1.0000e-15 1.0000e-15 1.0000e-15 1.0000e-15 1.0000e-15
1.1700e+00 2.1436e-02 1.7028e-02 1.0000e-15 1.0000e-15 1.0000e-15 1.0000e-15 1.0000e-15 1.0000e-15 1.0000e-15 1.0000e-15
1.1800e+00 1.9510e-02 1.5498e-02 1.0000e-15 1.0000e-15 1.0000e-15 1.0000e-15 1.0000e-15 1.0000e-15 1.0000e-15 1.0000e-15
1.1900e+00 1.7758e-02 1.4106e-02 1.0000e-15 1.0000e-15 1.0000e-15 1.0000e-15 1.0000e-15 1.0000e-15 1.0000e-15 1.0000e-15
1.2000e+00 1.6162e-02 1.2839e-02 1.0000e-15 1.0000e-15 1.0000e-15 1.0000e-15 1.0000e-15 1.0000e-15 1.0000e-15 1.0000e-15
1.2100e+00 7.1670e-01 2.1618e-01 9.0271e-02 1.0000e-15 1.0000e-15 1.0000e-15 1.0000e-15 1.0000e-15 1.0000e-15 1.0000e-15
1.2200e+00 3.9049e-01 1.9633e-01 8.2162e-02 1.0000e-15 1.0000e-15 1.0000e-15 1.0000e-15 1.0000e-15 1.0000e-15 1.0000e-15
1.2300e+00 2.2370e-01 1.7859e-01 7.4781e-02 1.0000e-15 1.0000e-15 1.0000e-15 1.0000e-15 1.0000e-15 1.0000e-15 1.0000e-15
1.2400e+00 1.4213e-01 1.6253e-01 6.8063e-02 1.0000e-15 1.0000e-15 1.0000e-15 1.0000e-15 1.0000e-15 1.0000e-15 1.0000e-15
1.2500e+00 1.0409e-01 1.4793e-01 6.1949e-02 1.0000e-15 1.0000e-15 1.0000e-15 1.0000e-15 1.0000e-15 1.0000e-15 1.0000e-15
1.2600e+00 8.5739e-02 1.3465e-01 5.6384e-02 1.0000e-15 1.0000e-15 1.0000e-15 1.0000e-15 1.0000e-15 1.0000e-15 1.0000e-15
1.2700e+00 7.5152e-02 1.2256e-01 5.1319e-02 1.0000e-15 1.0000e-15 1.0000e-15 1.0000e-15 1.0000e-15 1.0000e-15 1.0000e-15
1.2800e+00 6.7538e-02 1.1155e-01 4.6708e-02 1.0000e-15 1.0000e-15 1.0000e-15 1.0000e-15 1.0000e-15 1.0000e-15 1.0000e-15
1.2900e+00 6.1228e-02 1.0153e-01 4.2512e-02 1.0000e-15 1.0000e-15 1.0000e-15 1.0000e-15 1.0000e-15 1.0000e-15 1.0000e-15
1.3000e+00 5.5666e-02 9.2410e-02 3.8693e-02 1.0000e-15 1.0000e-15 1.0000e-15 1.0000e-15 1.0000e-15 1.0000e-15 1.0000e-15
1.3100e+00 5.0654e-02 8.4109e-02 3.5217e-02 1.0000e-15 1.0000e-15 1.0000e-15 1.0000e-15 1.0000e-15 1.0000e-15 1.0000e-15
1.3200e+00 4.6103e-02 7.6553e-02 3.2053e-02 1.0000e-15 1.0000e-15 1.0000e-15 1.0000e-15 1.0000e-15 1.0000e-15 1.0000e-15
1.3300e+00 4.1964e-02 6.9676e-02 2.9174e-02 1.0000e-15 1.0000e-15 1.0000e-15 1.0000e-15 1.0000e-15 1.0000e-15 1.0000e-15
1.3400e+00 3.8196e-02 6.3417e-02 2.6553e-02 1.0000e-15 1.0000e-15 1.0000e-15 1.0000e-15 1.0000e-15 1.0000e-15 1.0000e-15
1.3500e+00 3.4765e-02 5.7720e-02 2.4167e-02 1.0000e-15 1.0000e-15 1.0000e-15 1.0000e-15 1.0000e-15 1.0000e-15 1.0000e-15
1.3600e+00 3.1643e-02 5.2534e-02 2.1996e-02 1.0000e-15 1.0000e-15 1.0000e-15 1.0000e-15 1.0000e-15 1.0000e-15 1.0000e-15
1.3700e+00 2.8800e-02 4.7815e-02 2.0020e-02 1.0000e-15 1.0000e-15 1.0000e-15 1.0000e-15 1.0000e-15 1.0000e-15 1.0000e-15
1.3800e+00 2.6213e-02 4.3519e-02 1.8222e-02 1.0000e-15 1.0000e-15 1.0000e-15 1.0000e-15 1.0000e-15 1.0000e-15 1.0000e-15
1.3900e+00 2.3858e-02 3.9610e-02 1.6585e-02 1.0000e-15 1.0000e-15 1.0000e-15 1.0000e-15 1.0000e-15 1.0000e-15 1.0000e-15
1.4000e+00 2.1715e-02 3.6051e-02 1.5095e-02 1.0000e-15 1.0000e-15 1.0000e-15 1.0000e-15 1.0000e-15 1.0000e-15 1.0000e-15
1.4100e+00 1.9764e-02 3.2812e-02 1.3739e-02 1.0000e-15 1.0000e-15 1.0000e-15 1.0000e-15 1.0000e-15 1.0000e-15 1.0000e-15
1.4200e+00 1.7989e-02 2.9865e-02 1.2504e-02 1.0000e-15 1.0000e-15 1.0000e-15 1.0000e-15 1.0000e-15 1.0000e-15 1.0000e-15
1.4300e+00 1.6373e-02 2.7182e-02 1.1381e-02 1.0000e-15 1.0000e-15 1.0000e-15 1.0000e-15 1.0000e-15 1.0000e-15 1.0000e-15
1.4400e+00 1.4902e-02 2.4740e-02 1.0359e-02 1.0000e-15 1.0000e-15 1.0000e-15 1.0000e-15 1.0000e-15 1.0000e-15 1.0000e-15
1.4500e+00 1.3563e-02 2.2517e-02 9.4280e-03 1.0000e-15 1.0000e-15 1.0000e-15 1.0000e-15 1.0000e-15 1.0000e-15 1.0000e-15
1.4600e+00 1.2345e-02 2.0494e-02 8.5811e-03 1.0000e-15 1.0000e-15 1.0000e-15 1.0000e-15 1.0000e-15 1.0000e-15 1.0000e-15
1.4700e+00 1.1236e-02 1.8653e-02 7.8102e-03 1.0000e-15 1.0000e-15 1.0000e-15 1.0000e-15 1.0000e-15 1.0000e-15 1.0000e-15
1.4800e+00 1.0226e-02 1.6977e-02 7.1085e-03 1.0000e-15 1.0000e-15 1.0000e-15 1.0000e-15 1.0000e-15 1.0000e-15 1.0000e-15
1.4900e+00 9.3076e-03 1.5452e-02 6.4699e-03 1.0000e-15 1.0000e-15 1.0000e-15 1.0000e-15 1.0000e-15 1.0000e-15 1.0000e-15
1.5000e+00 8.4714e-03 1.4064e-02 5.8887e-03 1.0000e-15 1.0000e-15 1.0000e-15 1.0000e-15 1.0000e-15 1.0000e-15 1.0000e-15
1.5100e+00 7.7104e-03 1.2801e-02 5.3597e-03 1.0000e-15 1.0000e-15 1.0000e-15 1.0000e-15 1.0000e-15 1.0000e-15 1.0000e-15
1.5200e+00 7.0177e-03 1.1651e-02 4.8782e-03 1.0000e-15 1.0000e-15 1.0000e-15 1.0000e-15 1.0000e-15 1.0000e-15 1.0000e-15
1.5300e+00 6.3872e-03 1.0604e-02 4.4399e-03 1.0000e-15 1.0000e-15 1.0000e-15 1.0000e-15 1.0000e-15 1.0000e-15 1.0000e-15
1.5400e+00 5.8134e-03 9.6514e-03 4.0411e-03 1.0000e-15 1.0000e-15 1.0000e-15 1.0000e-15 1.0000e-15 1.0000e-15 1.0000e-15
1.5500e+00 5.2912e-03 8.7843e-03 3.6780e-03 1.0000e-15 1.0000e-15 1.0000e-15 1.0000e-15 1.0000e-15 1.0000e-15 1.0000e-15
1.5600e+00 4.8158e-03 7.9952e-03 3.3476e-03 1.0000e-15 1.0000e-15 1.0000e-15 1.0000e-15 1.0000e-15 1.0000e-15 1.0000e-15
1.5700e+00 4.3832e-03 7.2769e-03 3.0469e-03 1.0000e-15 1.0000e-15 1.0000e-15 1.0000e-15 1.0000e-15 1.0000e-15 1.0000e-15
1.5800e+00 3.9894e-03 6.6232e-03 2.7731e-03 1.0000e-15 1.0000e-15 1.0000e-15 1.0000e-15 1.0000e-15 1.0000e-15 1.0000e-15
1.5900e+00 3.6310e-03 6.0282e-03 2.5240e-03 1.0000e-15 1.0000e-15 1.0000e-15 1.0000e-15 1.0000e-15 1.0000e-15 1.0000e-15
1.6000e+00 3.3048e-03 5.4866e-03 2.2973e-03 1.0000e-15 1.0000e-15 1.0000e-15 1.0000e-15 1.0000e-15 1.0000e-15 1.0000e-15
1.6100e+00 7.0711e-01 6.9338e-02 5.6814e-02 1.6153e-02 1.0000e-15 1.0000e-15 1.0000e-15 1.0000e-15 1.0000e-15 1.0000e-15
1.6200e+00 3.7465e-01 6.1511e-02 5.1713e-02 1.4702e-02 1.0000e-15 1.0000e-15 1.0000e-15 1.0000e-15 1.0000e-15 1.0000e-15
1.6300e+00 1.9895e-01 5.5517e-02 4.7069e-02 1.3381e-02 1.0000e-15 1.0000e-15 1.0000e-15 1.0000e-15 1.0000e-15 1.0000e-15
1.6400e+00 1.0639e-01 5.0402e-02 4.2841e-02 1.2179e-02 1.0000e-15 1.0000e-15 1.0000e-15 1.0000e-15 1.0000e-15 1.0000e-15
1.6500e+00 5.8062e-02 4.5844e-02 3.8993e-02 1.1085e-02 1.0000e-15 1.0000e-15 1.0000e-15 1.0000e-15 1.0000e-15 1.0000e-15
1.6600e+00 3.3395e-02 4.1721e-02 3.5490e-02 1.0089e-02 1.0000e-15 1.0000e-15 1.0000e-15 1.0000e-15 1.0000e-15 1.0000e-15
1.6700e+00 2.1364e-02 3.7974e-02 3.2302e-02 9.1826e-03 1.0000e-15 1.0000e-15 1.0000e-15 1.0000e-15 1.0000e-15 1.0000e-15
1.6800e+00 1.5762e-02 3.4564e-02 2.9400e-02 8.3577e-03 1.0000e-15 1.0000e-15 1.0000e-15 1.0000e-15 1.0000e-15 1.0000e-15
1.6900e+00 1.3042e-02 3.1460e-02 2.6759e-02 7.6069e-03 1.0000e-15 1.0000e-15 1.0000e-15 1.0000e-15 1.0000e-15 1.0000e-15
1.7000e+00 1.1454e-02 2.8635e-02 2.4355e-02 6.9235e-03 1.0000e-15 1.0000e-15 1.0000e-15 1.0000e-15 1.0000e-15 1.0000e-15
1.7100e+00 1.0301e-02 2.6063e-02 2.2167e-02 6.3015e-03 1.0000e-15 1.0000e-15 1.0000e-15 1.0000e-15 1.0000e-15 1.0000e-15
1.7200e+00 9.3411e-03 2.3722e-02 2.0176e-02 5.7354e-03 1.0000e-15 1.0000e-15 1.0000e-15 1.0000e-15 1.0000e-15 1.0000e-15
1.7300e+00 8.4932e-03 2.1591e-02 1.8363e-02 5.2201e-03 1.0000e-15 1.0000e-15 1.0000e-15 1.0000e-15 1.0000e-15 1.0000e-15
1.7400e+00 7.7286e-03 1.9651e-02 1.6714e-02 4.7512e-03 1.0000e-15 1.0000e-15 1.0000e-15 1.0000e-15 1.0000e-15 1.0000e-15
1.7500e+00 7.0344e-03 1.7886e-02 1.5212e-02 4.3243e-03 1.0000e-15 1.0000e-15 1.0000e-15 1.0000e-15 1.0000e-15 1.0000e-15
1.7600e+00 6.4028e-03 1.6279e-02 1.3845e-02 3.9359e-03 1.0000e-15 1.0000e-15 1.0000e-15 1.0000e-15 1.0000e-15 1.0000e-15
1.7700e+00 5.8278e-03 1.4817e-02 1.2602e-02 3.5823e-03 1.0000e-15 1.0000e-15 1.0000e-15 1.0000e-15 1.0000e-15 1.0000e-15
1.7800e+00 5.3044e-03 1.3485e-02 1.1470e-02 3.2605e-03 1.0000e-15 1.0000e-15 1.0000e-15 1.0000e-15 1.0000e-15 1.0000e-15
1.7900e+00 4.8280e-03 1.2274e-02 1.0439e-02 2.9675e-03 1.0000e-15 1.0000e-15 1.0000e-15 1.0000e-15 1.0000e-15 1.0000e-15
1.8000e+00 4.3943e-03 1.1171e-02 9.5013e-03 2.7010e-03 1.0000e-15 1.0000e-15 1.0000e-15 1.0000e-15 1.0000e-15 1.0000e-15
1.8100e+00 3.9996e-03 1.0168e-02 8.6478e-03 2.4583e-03 1.0000e-15 1.0000e-15 1.0000e-15 1.0000e-15 1.0000e-15 1.0000e-15
1.8200e+00 3.6403e-03 9.2543e-03 7.8709e-03 2.2375e-03 1.0000e-15 1.0000e-15 1.0000e-15 1.0000e-15 1.0000e-15 1.0000e-15
1.8300e+00 3.3133e-03 8.4229e-03 7.1638e-03 2.0365e-03 1.0000e-15 1.0000e-15 1.0000e-15 1.0000e-15 1.0000e-15 1.0000e-15
1.8400e+00 3.0156e-03 7.6662e-03 6.5202e-03 1.8535e-03 1.0000e-15 1.0000e-15 1.0000e-15 1.0000e-15 1.0000e-15 1.0000e-15
1.8500e+00 2.7447e-03 6.9775e-03 5.9344e-03 1.6870e-03 1.0000e-15 1.0000e-15 1.0000e-15 1.0000e-15 1.0000e-15 1.0000e-15
1.8600e+00 2.4981e-03 6.3507e-03 5.4013e-03 1.5354e-03 1.0000e-15 1.0000e-15 1.0000e-15 1.0000e-15 1.0000e-15 1.0000e-15
1.8700e+00 2.2737e-03 5.7802e-03 4.9161e-03 1.3975e-03 1.0000e-15 1.0000e-15 1.0000e-15 1.0000e-15 1.0000e-15 1.0000e-15
1.8800e+00 2.0694e-03 5.2609e-03 4.4744e-03 1.2720e-03 1.0000e-15 1.0000e-15 1.0000e-15 1.0000e-15 1.0000e-15 1.0000e-15
1.8900e+00 1.8835e-03 4.7883e-03 4.0725e-03 1.1577e-03 1.0000e-15 1.0000e-15 1.0000e-15 1.0000e-15 1.0000e-15 1.0000e-15
1.9000e+00 1.7143e-03 4.3581e-03 3.7066e-03 1.0537e-03 1.0000e-15 1.0000e-15 1.0000e-15 1.0000e-15 1.0000e-15 1.0000e-15
1.9100e+00 1.5603e-03 3.9666e-03 3.3736e-03 9.5902e-04 1.0000e-15 1.0000e-15 1.0000e-15 1.0000e-15 1.0000e-15 1.0000e-15
1.9200e+00 1.4201e-03 3.6102e-03 3.0705e-03 8.7287e-04 1.0000e-15 1.0000e-15 1.0000e-15 1.0000e-15 1.0000e-15 1.0000e-15
1.9300e+00 1.2926e-03 3.2859e-03 2.7947e-03 7.9445e-04 1.0000e-15 1.0000e-15 1.0000e-15 1.0000e-15 1.0000e-15 1.0000e-15
1.9400e+00 1.1764e-03 2.9907e-03 2.5436e-03 7.2308e-04 1.0000e-15 1.0000e-15 1.0000e-15 1.0000e-15 1.0000e-15 1.0000e-15
1.9500e+00 1.0707e-03 2.7220e-03 2.3151e-03 6.5812e-04 1.0000e-15 1.0000e-15 1.0000e-15 1.0000e-15 1.0000e-15 1.0000e-15
1.9600e+00 9.7455e-04 2.4775e-03 2.1071e-03 5.9900e-04 1.0000e-15 1.0000e-15 1.0000e-15 1.0000e-15 1.0000e-15 1.0000e-15
1.9700e+00 8.8700e-04 2.2549e-03 1.9178e-03 5.4518e-04 1.0000e-15 1.0000e-15 1.0000e-15 1.0000e-15 1.0000e-15 1.0000e-15
1.9800e+00 8.0732e-04 2.0523e-03 1.7455e-03 4.9621e-04 1.0000e-15 1.0000e-15 1.0000e-15 1.0000e-15 1.0000e-15 1.0000e-15
1.9900e+00 7.3479e-04 1.8680e-03 1.5887e-03 4.5163e-04 1.0000e-15 1.0000e-15 1.0000e-15 1.0000e-15 1.0000e-15 1.0000e-15
2.0000e+00 6.6878e-04 1.7002e-03 1.4460e-03 4.1106e-04 1.0000e-15 1.0000e-15 1.0000e-15 1.0000e-15 1.0000e-15 1.0000e-15
2.0100e+00 7.0704e-01 2.6697e-02 2.3434e-02 1.3432e-02 2.8903e-03 1.0000e-15 1.0000e-15 1.0000e-15 1.0000e-15 1.0000e-15
2.0200e+00 3.7429e-01 1.9456e-02 2.1329e-02 1.2225e-02 2.6306e-03 1.0000e-15 1.0000e-15 1.0000e-15 1.0000e-15 1.0000e-15
2.0300e+00 1.9815e-01 1.5975e-02 1.9414e-02 1.1127e-02 2.3943e-03 1.0000e-15 1.0000e-15 1.0000e-15 1.0000e-15 1.0000e-15
2.0400e+00 1.0492e-01 1.3983e-02 1.7670e-02 1.0127e-02 2.1792e-03 1.0000e-15 1.0000e-15 1.0000e-15 1.0000e-15 1.0000e-15
2.0500e+00 5.5593e-02 1.2559e-02 1.6083e-02 9.2175e-03 1.9834e-03 1.0000e-15 1.0000e-15 1.0000e-15 1.0000e-15 1.0000e-15
2.0600e+00 2.9527e-02 1.1384e-02 1.4639e-02 8.3894e-03 1.8053e-03 1.0000e-15 1.0000e-15 1.0000e-15 1.0000e-15 1.0000e-15
2.0700e+00 1.5799e-02 1.0349e-02 1.3324e-02 7.6357e-03 1.6431e-03 1.0000e-15 1.0000e-15 1.0000e-15 1.0000e-15 1.0000e-15
2.0800e+00 8.6363e-03 9.4174e-03 1.2127e-02 6.9498e-03 1.4955e-03 1.0000e-15 1.0000e-15 1.0000e-15 1.0000e-15 1.0000e-15
2.0900e+00 4.9865e-03 8.5714e-03 1.1038e-02 6.3254e-03 1.3611e-03 1.0000e-15 1.0000e-15 1.0000e-15 1.0000e-15 1.0000e-15
2.1000e+00 3.2113e-03 7.8018e-03 1.0046e-02 5.7572e-03 1.2388e-03 1.0000e-15 1.0000e-15 1.0000e-15 1.0000e-15 1.0000e-15
2.1100e+00 2.3854e-03 7.1012e-03 9.1435e-03 5.2400e-03 1.1275e-03 1.0000e-15 1.0000e-15 1.0000e-15 1.0000e-15 1.0000e-15
2.1200e+00 1.9821e-03 6.4635e-03 8.3221e-03 4.7692e-03 1.0263e-03 1.0000e-15 1.0000e-15 1.0000e-15 1.0000e-15 1.0000e-15
2.1300e+00 1.7439e-03 5.8829e-03 7.5744e-03 4.3408e-03 9.3406e-04 1.0000e-15 1.0000e-15 1.0000e-15 1.0000e-15 1.0000e-15
2.1400e+00 1.5694e-03 5.3545e-03 6.8940e-03 3.9508e-03 8.5014e-04 1.0000e-15 1.0000e-15 1.0000e-15 1.0000e-15 1.0000e-15
2.1500e+00 1.4234e-03 4.8735e-03 6.2747e-03 3.5959e-03 7.7377e-04 1.0000e-15 1.0000e-15 1.0000e-15 1.0000e-15 1.0000e-15
2.1600e+00 1.2943e-03 4.4357e-03 5.7110e-03 3.2728e-03 7.0426e-04 1.0000e-15 1.0000e-15 1.0000e-15 1.0000e-15 1.0000e-15
2.1700e+00 1.1778e-03 4.0372e-03 5.1979e-03 2.9788e-03 6.4099e-04 1.0000e-15 1.0000e-15 1.0000e-15 1.0000e-15 1.0000e-15
2.1800e+00 1.0720e-03 3.6745e-03 4.7309e-03 2.7112e-03 5.8340e-04 1.0000e-15 1.0000e-15 1.0000e-15 1.0000e-15 1.0000e-15
2.1900e+00 9.7577e-04 3.3444e-03 4.3059e-03 2.4676e-03 5.3099e-04 1.0000e-15 1.0000e-15 1.0000e-15 1.0000e-15 1.0000e-15
2.2000e+00 8.8815e-04 3.0440e-03 3.9191e-03 2.2460e-03 4.8329e-04 1.0000e-15 1.0000e-15 1.0000e-15 1.0000e-15 1.0000e-15
2.2100e+00 8.0839e-04 2.7705e-03 3.5670e-03 2.0442e-03 4.3987e-04 1.0000e-15 1.0000e-15 1.0000e-15 1.0000e-15 1.0000e-15
2.2200e+00 7.3578e-04 2.5216e-03 3.2466e-03 1.8605e-03 4.0036e-04 1.0000e-15 1.0000e-15 1.0000e-15 1.0000e-15 1.0000e-15
2.2300e+00 6.6969e-04 2.2951e-03 2.9549e-03 1.6934e-03 3.6439e-04 1.0000e-15 1.0000e-15 1.0000e-15 1.0000e-15 1.0000e-15
2.2400e+00 6.0953e-04 2.0889e-03 2.6894e-03 1.5413e-03 3.3165e-04 1.0000e-15 1.0000e-15 1.0000e-15 1.0000e-15 1.0000e-15
2.2500e+00 5.5477e-04 1.9012e-03 2.4478e-03 1.4028e-03 3.0186e-04 1.0000e-15 1.0000e-15 1.0000e-15 1.0000e-15 1.0000e-15
2.2600e+00 5.0493e-04 1.7304e-03 2.2279e-03 1.2768e-03 2.7474e-04 1.0000e-15 1.0000e-15 1.0000e-15 1.0000e-15 1.0000e-15
2.2700e+00 4.5957e-04 1.5750e-03 2.0278e-03 1.1621e-03 2.5006e-04 1.0000e-15 1.0000e-15 1.0000e-15 1.0000e-15 1.0000e-15
2.2800e+00 4.1829e-04 1.4335e-03 1.8456e-03 1.0577e-03 2.2759e-04 1.0000e-15 1.0000e-15 1.0000e-15 1.0000e-15 1.0000e-15
2.2900e+00 3.8071e-04 1.3047e-03 1.6798e-03 9.6266e-04 2.0715e-04 1.0000e-15 1.0000e-15 1.0000e-15 1.0000e-15 1.0000e-15
2.3000e+00 3.4651e-04 1.1875e-03 1.5289e-03 8.7618e-04 1.8854e-04 1.0000e-15 1.0000e-15 1.0000e-15 1.0000e-15 1.0000e-15
2.3100e+00 3.1538e-04 1.0808e-03 1.3915e-03 7.9747e-04 1.7160e-04 1.0000e-15 1.0000e-15 1.0000e-15 1.0000e-15 1.0000e-15
2.3200e+00 2.8705e-04 9.8372e-04 1.2665e-03 7.2582e-04 1.5618e-04 1.0000e-15 1.0000e-15 1.0000e-15 1.0000e-15 1.0000e-15
2.3300e+00 2.6126e-04 8.9535e-04 1.1528e-03 6.6062e-04 1.4215e-04 1.0000e-15 1.0000e-15 1.0000e-15 1.0000e-15 1.0000e-15
2.3400e+00 2.3779e-04 8.1491e-04 1.0492e-03 6.0127e-04 1.2938e-04 1.0000e-15 1.0000e-15 1.0000e-15 1.0000e-15 1.0000e-15
2.3500e+00 2.1643e-04 7.4170e-04 9.5494e-04 5.4725e-04 1.1776e-04 1.0000e-15 1.0000e-15 1.0000e-15 1.0000e-15 1.0000e-15
2.3600e+00 1.9698e-04 6.7507e-04 8.6915e-04 4.9809e-04 1.0718e-04 1.0000e-15 1.0000e-15 1.0000e-15 1.0000e-15 1.0000e-15
2.3700e+00 1.7929e-04 6.1442e-04 7.9107e-04 4.5334e-04 9.7552e-05 1.0000e-15 1.0000e-15 1.0000e-15 1.0000e-15 1.0000e-15
2.3800e+00 1.6318e-04 5.5923e-04 7.2000e-04 4.1262e-04 8.8788e-05 1.0000e-15 1.0000e-15 1.0000e-15 1.0000e-15 1.0000e-15
2.3900e+00 1.4852e-04 5.0899e-04 6.5532e-04 3.7555e-04 8.0812e-05 1.0000e-15 1.0000e-15 1.0000e-15 1.0000e-15 1.0000e-15
2.4000e+00 1.3518e-04 4.6326e-04 5.9645e-04 3.4181e-04 7.3552e-05 1.0000e-15 1.0000e-15 1.0000e-15 1.0000e-15 1.0000e-15
2.4100e+00 7.0711e-01 2.0330e-02 8.0027e-03 6.9081e-03 2.9875e-03 5.1717e-04 1.0000e-15 1.0000e-15 1.0000e-15 1.0000e-15
2.4200e+00 3.7434e-01 1.1263e-02 7.2761e-03 6.2876e-03 2.7191e-03 4.7071e-04 1.0000e-15 1.0000e-15 1.0000e-15 1.0000e-15
2.4300e+00 1.9817e-01 6.7034e-03 6.6210e-03 5.7228e-03 2.4748e-03 4.2842e-04 1.0000e-15 1.0000e-15 1.0000e-15 1.0000e-15
2.4400e+00 1.0491e-01 4.5262e-03 6.0263e-03 5.2087e-03 2.2525e-03 3.8993e-04 1.0000e-15 1.0000e-15 1.0000e-15 1.0000e-15
2.4500e+00 5.5535e-02 3.5126e-03 5.4852e-03 4.7408e-03 2.0502e-03 3.5490e-04 1.0000e-15 1.0000e-15 1.0000e-15 1.0000e-15
2.4600e+00 2.9400e-02 2.9919e-03 4.9926e-03 4.3149e-03 1.8660e-03 3.2302e-04 1.0000e-15 1.0000e-15 1.0000e-15 1.0000e-15
2.4700e+00 1.5567e-02 2.6595e-03 4.5442e-03 3.9273e-03 1.6983e-03 2.9400e-04 1.0000e-15 1.0000e-15 1.0000e-15 1.0000e-15
2.4800e+00 8.2492e-03 2.4020e-03 4.1361e-03 3.5744e-03 1.5458e-03 2.6759e-04 1.0000e-15 1.0000e-15 1.0000e-15 1.0000e-15
2.4900e+00 4.3823e-03 2.1812e-03 3.7646e-03 3.2533e-03 1.4069e-03 2.4355e-04 1.0000e-15 1.0000e-15 1.0000e-15 1.0000e-15
2.5000e+00 2.3463e-03 1.9841e-03 3.4264e-03 2.9611e-03 1.2805e-03 2.2167e-04 1.0000e-15 1.0000e-15 1.0000e-15 1.0000e-15
2.5100e+00 1.2847e-03 1.8057e-03 3.1186e-03 2.6950e-03 1.1655e-03 2.0176e-04 1.0000e-15 1.0000e-15 1.0000e-15 1.0000e-15
2.5200e+00 7.4478e-04 1.6435e-03 2.8384e-03 2.4529e-03 1.0608e-03 1.8363e-04 1.0000e-15 1.0000e-15 1.0000e-15 1.0000e-15
2.5300e+00 4.8286e-04 1.4960e-03 2.5834e-03 2.2326e-03 9.6548e-04 1.6713e-04 1.0000e-15 1.0000e-15 1.0000e-15 1.0000e-15
2.5400e+00 3.6108e-04 1.3616e-03 2.3514e-03 2.0320e-03 8.7874e-04 1.5212e-04 1.0000e-15 1.0000e-15 1.0000e-15 1.0000e-15
2.5500e+00 3.0123e-04 1.2393e-03 2.1401e-03 1.8495e-03 7.9980e-04 1.3845e-04 1.0000e-15 1.0000e-15 1.0000e-15 1.0000e-15
2.5600e+00 2.6550e-04 1.1280e-03 1.9479e-03 1.6833e-03 7.2795e-04 1.2602e-04 1.0000e-15 1.0000e-15 1.0000e-15 1.0000e-15
2.5700e+00 2.3907e-04 1.0267e-03 1.7729e-03 1.5321e-03 6.6255e-04 1.1469e-04 1.0000e-15 1.0000e-15 1.0000e-15 1.0000e-15
2.5800e+00 2.1688e-04 9.3445e-04 1.6136e-03 1.3944e-03 6.0303e-04 1.0439e-04 1.0000e-15 1.0000e-15 1.0000e-15 1.0000e-15
2.5900e+00 1.9722e-04 8.5051e-04 1.4686e-03 1.2692e-03 5.4885e-04 9.5012e-05 1.0000e-15 1.0000e-15 1.0000e-15 1.0000e-15
2.6000e+00 1.7947e-04 7.7410e-04 1.3367e-03 1.1552e-03 4.9955e-04 8.6477e-05 1.0000e-15 1.0000e-15 1.0000e-15 1.0000e-15
2.6100e+00 1.6335e-04 7.0456e-04 1.2166e-03 1.0514e-03 4.5467e-04 7.8708e-05 1.0000e-15 1.0000e-15 1.0000e-15 1.0000e-15
2.6200e+00 1.4869e-04 6.4127e-04 1.1073e-03 9.5693e-04 4.1382e-04 7.1637e-05 1.0000e-15 1.0000e-15 1.0000e-15 1.0000e-15
2.6300e+00 1.3533e-04 5.8366e-04 1.0078e-03 8.7096e-04 3.7665e-04 6.5201e-05 1.0000e-15 1.0000e-15 1.0000e-15 1.0000e-15
2.6400e+00 1.2318e-04 5.3122e-04 9.1730e-04 7.9271e-04 3.4281e-04 5.9344e-05 1.0000e-15 1.0000e-15 1.0000e-15 1.0000e-15
2.6500e+00 1.1212e-04 4.8350e-04 8.3489e-04 7.2150e-04 3.1201e-04 5.4013e-05 1.0000e-15 1.0000e-15 1.0000e-15 1.0000e-15
2.6600e+00 1.0205e-04 4.4006e-04 7.5989e-04 6.5668e-04 2.8398e-04 4.9160e-05 1.0000e-15 1.0000e-15 1.0000e-15 1.0000e-15
2.6700e+00 9.2878e-05 4.0053e-04 6.9162e-04 5.9769e-04 2.5847e-04 4.4744e-05 1.0000e-15 1.0000e-15 1.0000e-15 1.0000e-15
2.6800e+00 8.4535e-05 3.6455e-04 6.2949e-04 5.4399e-04 2.3525e-04 4.0724e-05 1.0000e-15 1.0000e-15 1.0000e-15 1.0000e-15
2.6900e+00 7.6941e-05 3.3180e-04 5.7294e-04 4.9512e-04 2.1412e-04 3.7066e-05 1.0000e-15 1.0000e-15 1.0000e-15 1.0000e-15
2.7000e+00 7.0029e-05 3.0199e-04 5.2147e-04 4.5064e-04 1.9488e-04 3.3736e-05 1.0000e-15 1.0000e-15 1.0000e-15 1.0000e-15
2.7100e+00 6.3737e-05 2.7486e-04 4.7462e-04 4.1016e-04 1.7737e-04 3.0705e-05 1.0000e-15 1.0000e-15 1.0000e-15 1.0000e-15
2.7200e+00 5.8012e-05 2.5017e-04 4.3198e-04 3.7331e-04 1.6144e-04 2.7947e-05 1.0000e-15 1.0000e-15 1.0000e-15 1.0000e-15
2.7300e+00 5.2800e-05 2.2769e-04 3.9317e-04 3.3977e-04 1.4694e-04 2.5436e-05 1.0000e-15 1.0000e-15 1.0000e-15 1.0000e-15
2.7400e+00 4.8057e-05 2.0724e-04 3.5785e-04 3.0925e-04 1.3374e-04 2.3151e-05 1.0000e-15 1.0000e-15 1.0000e-15 1.0000e-15
2.7500e+00 4.3739e-05 1.8862e-04 3.2570e-04 2.8147e-04 1.2172e-04 2.1071e-05 1.0000e-15 1.0000e-15 1.0000e-15 1.0000e-15
2.7600e+00 3.9810e-05 1.7168e-04 2.9644e-04 2.5618e-04 1.1079e-04 1.9178e-05 1.0000e-15 1.0000e-15 1.0000e-15 1.0000e-15
2.7700e+00 3.6234e-05 1.5625e-04 2.6981e-04 2.3317e-04 1.0083e-04 1.7455e-05 1.0000e-15 1.0000e-15 1.0000e-15 1.0000e-15
2.7800e+00 3.2978e-05 1.4222e-04 2.4557e-04 2.1222e-04 9.1775e-05 1.5887e-05 1.0000e-15 1.0000e-15 1.0000e-15 1.0000e-15
2.7900e+00 3.0016e-05 1.2944e-04 2.2351e-04 1.9315e-04 8.3530e-05 1.4460e-05 1.0000e-15 1.0000e-15 1.0000e-15 1.0000e-15
2.8000e+00 2.7319e-05 1.1781e-04 2.0343e-04 1.7580e-04 7.6026e-05 1.3161e-05 1.0000e-15 1.0000e-15 1.0000e-15 1.0000e-15
2.8100e+00 7.0712e-01 1.9897e-02 2.4964e-03 2.8263e-03 1.8399e-03 6.3908e-04 9.2539e-05 1.0000e-15 1.0000e-15 1.0000e-15
2.8200e+00 3.7435e-01 1.0558e-02 2.2382e-03 2.5725e-03 1.6746e-03 5.8167e-04 8.4226e-05 1.0000e-15 1.0000e-15 1.0000e-15
2.8300e+00 1.9818e-01 5.6334e-03 2.0275e-03 2.3414e-03 1.5242e-03 5.2942e-04 7.6659e-05 1.0000e-15 1.0000e-15 1.0000e-15
2.8400e+00 1.0492e-01 3.0547e-03 1.8429e-03 2.1311e-03 1.3872e-03 4.8185e-04 6.9772e-05 1.0000e-15 1.0000e-15 1.0000e-15
2.8500e+00 5.5542e-02 1.7297e-03 1.6768e-03 1.9397e-03 1.2626e-03 4.3857e-04 6.3504e-05 1.0000e-15 1.0000e-15 1.0000e-15
2.8600e+00 2.9403e-02 1.0757e-03 1.5262e-03 1.7654e-03 1.1492e-03 3.9917e-04 5.7799e-05 1.0000e-15 1.0000e-15 1.0000e-15
2.8700e+00 1.5565e-02 7.6918e-04 1.3891e-03 1.6068e-03 1.0459e-03 3.6331e-04 5.2607e-05 1.0000e-15 1.0000e-15 1.0000e-15
2.8800e+00 8.2399e-03 6.2359e-04 1.2644e-03 1.4625e-03 9.5198e-04 3.3067e-04 4.7881e-05 1.0000e-15 1.0000e-15 1.0000e-15
2.8900e+00 4.3622e-03 5.4270e-04 1.1509e-03 1.3311e-03 8.6646e-04 3.0096e-04 4.3579e-05 1.0000e-15 1.0000e-15 1.0000e-15
2.9000e+00 2.3098e-03 4.8643e-04 1.0475e-03 1.2115e-03 7.8862e-04 2.7392e-04 3.9664e-05 1.0000e-15 1.0000e-15 1.0000e-15
2.9100e+00 1.2241e-03 4.4060e-04 9.5340e-04 1.1027e-03 7.1777e-04 2.4932e-04 3.6101e-05 1.0000e-15 1.0000e-15 1.0000e-15
2.9200e+00 6.5042e-04 4.0046e-04 8.6775e-04 1.0036e-03 6.5329e-04 2.2692e-04 3.2858e-05 1.0000e-15 1.0000e-15 1.0000e-15
2.9300e+00 3.4846e-04 3.6437e-04 7.8980e-04 9.1346e-04 5.9460e-04 2.0653e-04 2.9906e-05 1.0000e-15 1.0000e-15 1.0000e-15
2.9400e+00 1.9114e-04 3.3164e-04 7.1885e-04 8.3139e-04 5.4118e-04 1.8798e-04 2.7219e-05 1.0000e-15 1.0000e-15 1.0000e-15
2.9500e+00 1.1127e-04 3.0186e-04 6.5427e-04 7.5670e-04 4.9256e-04 1.7109e-04 2.4774e-05 1.0000e-15 1.0000e-15 1.0000e-15
2.9600e+00 7.2629e-05 2.7475e-04 5.9549e-04 6.8872e-04 4.4831e-04 1.5572e-04 2.2548e-05 1.0000e-15 1.0000e-15 1.0000e-15
2.9700e+00 5.4671e-05 2.5008e-04 5.4200e-04 6.2685e-04 4.0804e-04 1.4173e-04 2.0523e-05 1.0000e-15 1.0000e-15 1.0000e-15
2.9800e+00 4.5787e-05 2.2762e-04 4.9331e-04 5.7054e-04 3.7138e-04 1.2900e-04 1.8679e-05 1.0000e-15 1.0000e-15 1.0000e-15
2.9900e+00 4.0421e-05 2.0717e-04 4.4899e-04 5.1928e-04 3.3802e-04 1.1741e-04 1.7001e-05 1.0000e-15 1.0000e-15 1.0000e-15
3.0000e+00 3.6419e-05 1.8856e-04 4.0865e-04 4.7263e-04 3.0765e-04 1.0686e-04 1.5474e-05 1.0000e-15 1.0000e-15 1.0000e-15
3.0100e+00 3.3045e-05 1.7162e-04 3.7194e-04 4.3017e-04 2.8001e-04 9.7262e-05 1.4083e-05 1.0000e-15 1.0000e-15 1.0000e-15
3.0200e+00 3.0051e-05 1.5620e-04 3.3853e-04 3.9153e-04 2.5486e-04 8.8524e-05 1.2818e-05 1.0000e-15 1.0000e-15 1.0000e-15
3.0300e+00 2.7347e-05 1.4217e-04 3.0811e-04 3.5635e-04 2.3196e-04 8.0572e-05 1.1667e-05 1.0000e-15 1.0000e-15 1.0000e-15
3.0400e+00 2.4891e-05 1.2940e-04 2.8043e-04 3.2434e-04 2.1112e-04 7.3333e-05 1.0619e-05 1.0000e-15 1.0000e-15 1.0000e-15
3.0500e+00 2.2656e-05 1.1777e-04 2.5524e-04 2.9520e-04 1.9216e-04 6.6745e-05 9.6647e-06 1.0000e-15 1.0000e-15 1.0000e-15
3.0600e+00 2.0622e-05 1.0719e-04 2.3231e-04 2.6868e-04 1.7489e-04 6.0749e-05 8.7964e-06 1.0000e-15 1.0000e-15 1.0000e-15
3.0700e+00 1.8770e-05 9.7564e-05 2.1144e-04 2.4454e-04 1.5918e-04 5.5292e-05 8.0062e-06 1.0000e-15 1.0000e-15 1.0000e-15
3.0800e+00 1.7084e-05 8.8799e-05 1.9245e-04 2.2257e-04 1.4488e-04 5.0324e-05 7.2869e-06 1.0000e-15 1.0000e-15 1.0000e-15
3.0900e+00 1.5549e-05 8.0822e-05 1.7516e-04 2.0258e-04 1.3187e-04 4.5803e-05 6.6323e-06 1.0000e-15 1.0000e-15 1.0000e-15
3.1000e+00 1.4152e-05 7.3561e-05 1.5942e-04 1.8438e-04 1.2002e-04 4.1688e-05 6.0365e-06 1.0000e-15 1.0000e-15 1.0000e-15
3.1100e+00 1.2881e-05 6.6953e-05 1.4510e-04 1.6782e-04 1.0924e-04 3.7943e-05 5.4942e-06 1.0000e-15 1.0000e-15 1.0000e-15
3.1200e+00 1.1724e-05 6.0938e-05 1.3206e-04 1.5274e-04 9.9424e-05 3.4535e-05 5.0006e-06 1.0000e-15 1.0000e-15 1.0000e-15
3.1300e+00 1.0671e-05 5.5463e-05 1.2020e-04 1.3902e-04 9.0492e-05 3.1432e-05 4.5514e-06 1.0000e-15 1.0000e-15 1.0000e-15
3.1400e+00 9.7120e-06 5.0481e-05 1.0940e-04 1.2653e-04 8.2362e-05 2.8608e-05 4.1425e-06 1.0000e-15 1.0000e-15 1.0000e-15
3.1500e+00 8.8395e-06 4.5946e-05 9.9573e-05 1.1516e-04 7.4963e-05 2.6038e-05 3.7703e-06 1.0000e-15 1.0000e-15 1.0000e-15
3.1600e+00 8.0454e-06 4.1818e-05 9.0628e-05 1.0482e-04 6.8229e-05 2.3699e-05 3.4316e-06 1.0000e-15 1.0000e-15 1.0000e-15
3.1700e+00 7.3226e-06 3.8061e-05 8.2486e-05 9.5400e-05 6.2099e-05 2.1570e-05 3.1233e-06 1.0000e-15 1.0000e-15 1.0000e-15
3.1800e+00 6.6648e-06 3.4642e-05 7.5076e-05 8.6830e-05 5.6520e-05 1.9632e-05 2.8427e-06 1.0000e-15 1.0000e-15 1.0000e-15
3.1900e+00 6.0660e-06 3.1530e-05 6.8331e-05 7.9029e-05 5.1443e-05 1.7869e-05 2.5874e-06 1.0000e-15 1.0000e-15 1.0000e-15
3.2000e+00 5.5211e-06 2.8697e-05 6.2193e-05 7.1929e-05 4.6821e-05 1.6263e-05 2.3549e-06 1.0000e-15 1.0000e-15 1.0000e-15
3.2100e+00 7.0713e-01 1.9884e-02 8.8405e-04 1.0083e-03 8.7759e-04 4.5837e-04 1.3306e-04 1.6558e-05 1.0000e-15 1.0000e-15
3.2200e+00 3.7435e-01 1.0526e-02 6.9372e-04 9.1780e-04 7.9875e-04 4.1720e-04 1.2110e-04 1.5071e-05 1.0000e-15 1.0000e-15
3.2300e+00 1.9818e-01 5.5738e-03 5.9427e-04 8.3539e-04 7.2700e-04 3.7972e-04 1.1022e-04 1.3717e-05 1.0000e-15 1.0000e-15
3.2400e+00 1.0492e-01 2.9537e-03 5.2945e-04 7.6037e-04 6.6169e-04 3.4560e-04 1.0032e-04 1.2485e-05 1.0000e-15 1.0000e-15
3.2500e+00 5.5544e-02 1.5692e-03 4.7857e-04 6.9207e-04 6.0224e-04 3.1456e-04 9.1308e-05 1.1363e-05 1.0000e-15 1.0000e-15
3.2600e+00 2.9405e-02 8.4040e-04 4.3469e-04 6.2991e-04 5.4814e-04 2.8630e-04 8.3105e-05 1.0342e-05 1.0000e-15 1.0000e-15
3.2700e+00 1.5567e-02 4.6051e-04 3.9544e-04 5.7332e-04 4.9890e-04 2.6058e-04 7.5639e-05 9.4131e-06 1.0000e-15 1.0000e-15
3.2800e+00 8.2409e-03 2.6742e-04 3.5989e-04 5.2182e-04 4.5408e-04 2.3717e-04 6.8844e-05 8.5675e-06 1.0000e-15 1.0000e-15
3.2900e+00 4.3626e-03 1.7387e-04 3.2757e-04 4.7494e-04 4.1328e-04 2.1586e-04 6.2659e-05 7.7978e-06 1.0000e-15 1.0000e-15
3.3000e+00 2.3095e-03 1.3038e-04 2.9816e-04 4.3228e-04 3.7616e-04 1.9647e-04 5.7030e-05 7.0973e-06 1.0000e-15 1.0000e-15
3.3100e+00 1.2226e-03 1.0895e-04 2.7138e-04 3.9344e-04 3.4236e-04 1.7882e-04 5.1907e-05 6.4597e-06 1.0000e-15 1.0000e-15
3.3200e+00 6.4724e-04 9.6087e-05 2.4701e-04 3.5810e-04 3.1161e-04 1.6275e-04 4.7244e-05 5.8793e-06 1.0000e-15 1.0000e-15
3.3300e+00 3.4273e-04 8.6546e-05 2.2482e-04 3.2593e-04 2.8361e-04 1.4813e-04 4.2999e-05 5.3512e-06 1.0000e-15 1.0000e-15
3.3400e+00 1.8164e-04 7.8519e-05 2.0463e-04 2.9665e-04 2.5813e-04 1.3483e-04 3.9137e-05 4.8704e-06 1.0000e-15 1.0000e-15
3.3500e+00 9.6537e-05 7.1403e-05 1.8624e-04 2.7000e-04 2.3494e-04 1.2271e-04 3.5621e-05 4.4329e-06 1.0000e-15 1.0000e-15
3.3600e+00 5.1754e-05 6.4978e-05 1.6951e-04 2.4574e-04 2.1384e-04 1.1169e-04 3.2421e-05 4.0346e-06 1.0000e-15 1.0000e-15
3.3700e+00 2.8442e-05 5.9142e-05 1.5428e-04 2.2366e-04 1.9463e-04 1.0165e-04 2.9508e-05 3.6722e-06 1.0000e-15 1.0000e-15
3.3800e+00 1.6628e-05 5.3831e-05 1.4042e-04 2.0357e-04 1.7714e-04 9.2523e-05 2.6857e-05 3.3423e-06 1.0000e-15 1.0000e-15
3.3900e+00 1.0928e-05 4.8997e-05 1.2781e-04 1.8528e-04 1.6123e-04 8.4211e-05 2.4444e-05 3.0420e-06 1.0000e-15 1.0000e-15
3.4000e+00 8.2799e-06 4.4597e-05 1.1633e-04 1.6864e-04 1.4674e-04 7.6645e-05 2.2248e-05 2.7687e-06 1.0000e-15 1.0000e-15
3.4100e+00 6.9603e-06 4.0591e-05 1.0588e-04 1.5349e-04 1.3356e-04 6.9760e-05 2.0250e-05 2.5200e-06 1.0000e-15 1.0000e-15
3.4200e+00 6.1541e-06 3.6945e-05 9.6365e-05 1.3970e-04 1.2156e-04 6.3493e-05 1.8430e-05 2.2936e-06 1.0000e-15 1.0000e-15
3.4300e+00 5.5479e-06 3.3626e-05 8.7708e-05 1.2715e-04 1.1064e-04 5.7789e-05 1.6775e-05 2.0876e-06 1.0000e-15 1.0000e-15
3.4400e+00 5.0348e-06 3.0605e-05 7.9828e-05 1.1573e-04 1.0070e-04 5.2597e-05 1.5268e-05 1.9000e-06 1.0000e-15 1.0000e-15
3.4500e+00 4.5790e-06 2.7856e-05 7.2657e-05 1.0533e-04 9.1655e-05 4.7872e-05 1.3896e-05 1.7293e-06 1.0000e-15 1.0000e-15
3.4600e+00 4.1670e-06 2.5354e-05 6.6130e-05 9.5867e-05 8.3421e-05 4.3571e-05 1.2648e-05 1.5740e-06 1.0000e-15 1.0000e-15
3.4700e+00 3.7928e-06 2.3076e-05 6.0189e-05 8.7255e-05 7.5927e-05 3.9657e-05 1.1512e-05 1.4326e-06 1.0000e-15 1.0000e-15
3.4800e+00 3.4522e-06 2.1003e-05 5.4782e-05 7.9416e-05 6.9106e-05 3.6094e-05 1.0477e-05 1.3039e-06 1.0000e-15 1.0000e-15
3.4900e+00 3.1422e-06 1.9116e-05 4.9860e-05 7.2282e-05 6.2898e-05 3.2852e-05 9.5361e-06 1.1867e-06 1.0000e-15 1.0000e-15
3.5000e+00 2.8600e-06 1.7399e-05 4.5381e-05 6.5788e-05 5.7247e-05 2.9901e-05 8.6794e-06 1.0801e-06 1.0000e-15 1.0000e-15
3.5100e+00 2.6031e-06 1.5836e-05 4.1304e-05 5.9878e-05 5.2104e-05 2.7214e-05 7.8997e-06 9.8309e-07 1.0000e-15 1.0000e-15
3.5200e+00 2.3693e-06 1.4413e-05 3.7593e-05 5.4499e-05 4.7423e-05 2.4769e-05 7.1900e-06 8.9477e-07 1.0000e-15 1.0000e-15
3.5300e+00 2.1565e-06 1.3118e-05 3.4216e-05 4.9603e-05 4.3163e-05 2.2544e-05 6.5441e-06 8.1439e-07 1.0000e-15 1.0000e-15
3.5400e+00 1.9627e-06 1.1940e-05 3.1142e-05 4.5147e-05 3.9285e-05 2.0519e-05 5.9562e-06 7.4123e-07 1.0000e-15 1.0000e-15
3.5500e+00 1.7864e-06 1.0867e-05 2.8345e-05 4.1091e-05 3.5756e-05 1.8676e-05 5.4211e-06 6.7464e-07 1.0000e-15 1.0000e-15
3.5600e+00 1.6259e-06 9.8908e-06 2.5798e-05 3.7399e-05 3.2544e-05 1.6998e-05 4.9341e-06 6.1403e-07 1.0000e-15 1.0000e-15
3.5700e+00 1.4799e-06 9.0022e-06 2.3481e-05 3.4039e-05 2.9620e-05 1.5471e-05 4.4908e-06 5.5887e-07 1.0000e-15 1.0000e-15
3.5800e+00 1.3469e-06 8.1935e-06 2.1371e-05 3.0981e-05 2.6959e-05 1.4081e-05 4.0874e-06 5.0866e-07 1.0000e-15 1.0000e-15
3.5900e+00 1.2259e-06 7.4574e-06 1.9451e-05 2.8198e-05 2.4537e-05 1.2816e-05 3.7202e-06 4.6296e-07 1.0000e-15 1.0000e-15
3.6000e+00 1.1158e-06 6.7875e-06 1.7704e-05 2.5665e-05 2.2333e-05 1.1665e-05 3.3860e-06 4.2137e-07 1.0000e-15 1.0000e-15
3.6100e+00 7.0713e-01 1.9886e-02 5.8665e-04 3.2837e-04 3.5781e-04 2.4967e-04 1.0891e-04 2.7154e-05 2.9628e-06 1.0000e-15
3.6200e+00 3.7435e-01 1.0527e-02 3.3921e-04 2.9876e-04 3.2567e-04 2.2724e-04 9.9124e-05 2.4715e-05 2.6967e-06 1.0000e-15
3.6300e+00 1.9818e-01 5.5730e-03 2.1898e-04 2.7191e-04 2.9641e-04 2.0682e-04 9.0219e-05 2.2495e-05 2.4544e-06 1.0000e-15
3.6400e+00 1.0492e-01 2.9502e-03 1.6305e-04 2.4750e-04 2.6979e-04 1.8824e-04 8.2114e-05 2.0474e-05 2.2339e-06 1.0000e-15
3.6500e+00 5.5544e-02 1.5619e-03 1.3568e-04 2.2527e-04 2.4555e-04 1.7133e-04 7.4737e-05 1.8634e-05 2.0332e-06 1.0000e-15
3.6600e+00 2.9405e-02 8.2714e-04 1.1945e-04 2.0504e-04 2.2349e-04 1.5594e-04 6.8023e-05 1.6960e-05 1.8506e-06 1.0000e-15
3.6700e+00 1.5567e-02 4.3853e-04 1.0752e-04 1.8663e-04 2.0341e-04 1.4193e-04 6.1912e-05 1.5437e-05 1.6843e-06 1.0000e-15
3.6800e+00 8.2413e-03 2.3335e-04 9.7529e-05 1.6986e-04 1.8514e-04 1.2918e-04 5.6350e-05 1.4050e-05 1.5330e-06 1.0000e-15
3.6900e+00 4.3629e-03 1.2555e-04 8.8685e-05 1.5460e-04 1.6851e-04 1.1757e-04 5.1288e-05 1.2788e-05 1.3953e-06 1.0000e-15
3.7000e+00 2.3097e-03 6.9663e-05 8.0703e-05 1.4072e-04 1.5337e-04 1.0701e-04 4.6680e-05 1.1639e-05 1.2699e-06 1.0000e-15
3.7100e+00 1.2227e-03 4.1599e-05 7.3454e-05 1.2807e-04 1.3959e-04 9.7399e-05 4.2487e-05 1.0593e-05 1.1558e-06 1.0000e-15
3.7200e+00 6.4730e-04 2.8223e-05 6.6859e-05 1.1657e-04 1.2705e-04 8.8649e-05 3.8670e-05 9.6417e-06 1.0520e-06 1.0000e-15
3.7300e+00 3.4267e-04 2.1990e-05 6.0855e-05 1.0610e-04 1.1564e-04 8.0685e-05 3.5196e-05 8.7755e-06 9.5750e-07 1.0000e-15
3.7400e+00 1.8140e-04 1.8769e-05 5.5390e-05 9.6566e-05 1.0525e-04 7.3436e-05 3.2034e-05 7.9871e-06 8.7148e-07 1.0000e-15
3.7500e+00 9.6034e-05 1.6698e-05 5.0414e-05 8.7891e-05 9.5793e-05 6.6839e-05 2.9156e-05 7.2696e-06 7.9319e-07 1.0000e-15
3.7600e+00 5.0853e-05 1.5086e-05 4.5886e-05 7.9995e-05 8.7187e-05 6.0834e-05 2.6537e-05 6.6165e-06 7.2193e-07 1.0000e-15
3.7700e+00 2.6953e-05 1.3700e-05 4.1764e-05 7.2808e-05 7.9354e-05 5.5369e-05 2.4153e-05 6.0221e-06 6.5708e-07 1.0000e-15
3.7800e+00 1.4328e-05 1.2463e-05 3.8012e-05 6.6267e-05 7.2225e-05 5.0395e-05 2.1983e-05 5.4811e-06 5.9805e-07 1.0000e-15
3.7900e+00 7.6871e-06 1.1342e-05 3.4597e-05 6.0314e-05 6.5737e-05 4.5868e-05 2.0008e-05 4.9887e-06 5.4432e-07 1.0000e-15
3.8000e+00 4.2328e-06 1.0323e-05 3.1489e-05 5.4896e-05 5.9831e-05 4.1747e-05 1.8211e-05 4.5405e-06 4.9542e-07 1.0000e-15
3.8100e+00 2.4856e-06 9.3965e-06 2.8660e-05 4.9964e-05 5.4456e-05 3.7997e-05 1.6575e-05 4.1326e-06 4.5091e-07 1.0000e-15
3.8200e+00 1.6449e-06 8.5527e-06 2.6086e-05 4.5475e-05 4.9564e-05 3.4583e-05 1.5086e-05 3.7614e-06 4.1040e-07 1.0000e-15
3.8300e+00 1.2543e-06 7.7846e-06 2.3742e-05 4.1390e-05 4.5111e-05 3.1476e-05 1.3730e-05 3.4234e-06 3.7354e-07 1.0000e-15
3.8400e+00 1.0582e-06 7.0853e-06 2.1609e-05 3.7672e-05 4.1059e-05 2.8649e-05 1.2497e-05 3.1159e-06 3.3998e-07 1.0000e-15
3.8500e+00 9.3702e-07 6.4489e-06 1.9668e-05 3.4287e-05 3.7370e-05 2.6075e-05 1.1374e-05 2.8360e-06 3.0944e-07 1.0000e-15
3.8600e+00 8.4516e-07 5.8696e-06 1.7901e-05 3.1207e-05 3.4013e-05 2.3732e-05 1.0352e-05 2.5812e-06 2.8164e-07 1.0000e-15
3.8700e+00 7.6713e-07 5.3423e-06 1.6293e-05 2.8404e-05 3.0957e-05 2.1600e-05 9.4224e-06 2.3493e-06 2.5634e-07 1.0000e-15
3.8800e+00 6.9771e-07 4.8623e-06 1.4829e-05 2.5852e-05 2.8176e-05 1.9660e-05 8.5759e-06 2.1383e-06 2.3331e-07 1.0000e-15
3.8900e+00 6.3495e-07 4.4255e-06 1.3497e-05 2.3529e-05 2.5645e-05 1.7894e-05 7.8055e-06 1.9462e-06 2.1235e-07 1.0000e-15
3.9000e+00 5.7793e-07 4.0280e-06 1.2284e-05 2.1416e-05 2.3341e-05 1.6286e-05 7.1043e-06 1.7713e-06 1.9327e-07 1.0000e-15
3.9100e+00 5.2604e-07 3.6661e-06 1.1181e-05 1.9492e-05 2.1244e-05 1.4823e-05 6.4660e-06 1.6122e-06 1.7591e-07 1.0000e-15
3.9200e+00 4.7880e-07 3.3368e-06 1.0176e-05 1.7741e-05 1.9336e-05 1.3491e-05 5.8852e-06 1.4674e-06 1.6010e-07 1.0000e-15
3.9300e+00 4.3580e-07 3.0370e-06 9.2622e-06 1.6147e-05 1.7599e-05 1.2279e-05 5.3564e-06 1.3355e-06 1.4572e-07 1.0000e-15
3.9400e+00 3.9665e-07 2.7642e-06 8.4301e-06 1.4696e-05 1.6018e-05 1.1176e-05 4.8752e-06 1.2156e-06 1.3263e-07 1.0000e-15
3.9500e+00 3.6102e-07 2.5158e-06 7.6728e-06 1.3376e-05 1.4579e-05 1.0172e-05 4.4373e-06 1.1064e-06 1.2072e-07 1.0000e-15
3.9600e+00 3.2859e-07 2.2898e-06 6.9835e-06 1.2174e-05 1.3269e-05 9.2584e-06 4.0386e-06 1.0070e-06 1.0987e-07 1.0000e-15
3.9700e+00 2.9907e-07 2.0841e-06 6.3561e-06 1.1081e-05 1.2077e-05 8.4266e-06 3.6758e-06 9.1650e-07 1.0000e-07 1.0000e-15
3.9800e+00 2.7221e-07 1.8969e-06 5.7851e-06 1.0085e-05 1.0992e-05 7.6696e-06 3.3456e-06 8.3416e-07 9.1017e-08 1.0000e-15
3.9900e+00 2.4775e-07 1.7265e-06 5.2654e-06 9.1792e-06 1.0004e-05 6.9806e-06 3.0450e-06 7.5923e-07 8.2840e-08 1.0000e-15
4.0000e+00 2.2550e-07 1.5714e-06 4.7923e-06 8.3545e-06 9.1057e-06 6.3535e-06 2.7715e-06 6.9102e-07 7.5398e-08 1.0000e-15
