# columns=iterations, rows=time
0.0000e+00 1.0000e-15 1.0000e-15 1.0000e-15 1.0000e-15 1.0000e-15 1.0000e-15 1.0000e-15 1.0000e-15 1.0000e-15 1.0000e-15
1.0000e-02 1.0000e-15 1.0000e-15 1.0000e-15 1.0000e-15 1.0000e-15 1.0000e-15 1.0000e-15 1.0000e-15 1.0000e-15 1.0000e-15
2.0000e-02 1.0000e-15 1.0000e-15 1.0000e-15 1.0000e-15 1.0000e-15 1.0000e-15 1.0000e-15 1.0000e-15 1.0000e-15 1.0000e-15
3.0000e-02 1.0000e-15 1.0000e-15 1.0000e-15 1.0000e-15 1.0000e-15 1.0000e-15 1.0000e-15 1.0000e-15 1.0000e-15 1.0000e-15
4.0000e-02 1.0000e-15 1.0000e-15 1.0000e-15 1.0000e-15 1.0000e-15 1.0000e-15 1.0000e-15 1.0000e-15 1.0000e-15 1.0000e-15
5.0000e-02 1.0000e-15 1.0000e-15 1.0000e-15 1.0000e-15 1.0000e-15 1.0000e-15 1.0000e-15 1.0000e-15 1.0000e-15 1.0000e-15
6.0000e-02 1.0000e-15 1.0000e-15 1.0000e-15 1.0000e-15 1.0000e-15 1.0000e-15 1.0000e-15 1.0000e-15 1.0000e-15 1.0000e-15
7.0000e-02 1.0000e-15 1.0000e-15 1.0000e-15 1.0000e-15 1.0000e-15 1.0000e-15 1.0000e-15 1.0000e-15 1.0000e-15 1.0000e-15
8.0000e-02 1.0000e-15 1.0000e-15 1.0000e-15 1.0000e-15 1.0000e-15 1.0000e-15 1.0000e-15 1.0000e-15 1.0000e-15 1.0000e-15
9.0000e-02 1.0000e-15 1.0000e-15 1.0000e-15 1.0000e-15 1.0000e-15 1.0000e-15 1.0000e-15 1.0000e-15 1.0000e-15 1.0000e-15
1.0000e-01 1.0000e-15 1.0000e-15 1.0000e-15 1.0000e-15 1.0000e-15 1.0000e-15 1.0000e-15 1.0000e-15 1.0000e-15 1.0000e-15
1.1000e-01 1.0000e-15 1.0000e-15 1.0000e-15 1.0000e-15 1.0000e-15 1.0000e-15 1.0000e-15 1.0000e-15 1.0000e-15 1.0000e-15
1.2000e-01 1.0000e-15 1.0000e-15 1.0000e-15 1.0000e-15 1.0000e-15 1.0000e-15 1.0000e-15 1.0000e-15 1.0000e-15 1.0000e-15
1.3000e-01 1.0000e-15 1.0000e-15 1.0000e-15 1.0000e-15 1.0000e-15 1.0000e-15 1.0000e-15 1.0000e-15 1.0000e-15 1.0000e-15
1.4000e-01 1.0000e-15 1.0000e-15 1.0000e-15 1.0000e-15 1.0000e-15 1.0000e-15 1.0000e-15 1.0000e-15 1.0000e-15 1.0000e-15
1.5000e-01 1.0000e-15 1.0000e-15 1.0000e-15 1.0000e-15 1.0000e-15 1.0000e-15 1.0000e-15 1.0000e-15 1.0000e-15 1.0000e-15
1.6000e-01 1.0000e-15 1.0000e-15 1.0000e-15 1.0000e-15 1.0000e-15 1.0000e-15 1.0000e-15 1.0000e-15 1.0000e-15 1.0000e-15
1.7000e-01 1.0000e-15 1.0000e-15 1.0000e-15 1.0000e-15 1.0000e-15 1.0000e-15 1.0000e-15 1.0000e-15 1.0000e-15 1.0000e-15
1.8000e-01 1.0000e-15 1.0000e-15 1.0000e-15 1.0000e-15 1.0000e-15 1.0000e-15 1.0000e-15 1.0000e-15 1.0000e-15 1.0000e-15
1.9000e-01 1.0000e-15 1.0000e-15 1.0000e-15 1.0000e-15 1.0000e-15 1.0000e-15 1.0000e-15 1.0000e-15 1.0000e-15 1.0000e-15
2.0000e-01 1.0000e-15 1.0000e-15 1.0000e-15 1.0000e-15 1.0000e-15 1.0000e-15 1.0000e-15 1.0000e-15 1.0000e-15 1.0000e-15
2.1000e-01 1.0000e-15 1.0000e-15 1.0000e-15 1.0000e-15 1.0000e-15 1.0000e-15 1.0000e-15 1.0000e-15 1.0000e-15 1.0000e-15
2.2000e-01 1.0000e-15 1.0000e-15 1.0000e-15 1.0000e-15 1.0000e-15 1.0000e-15 1.0000e-15 1.0000e-15 1.0000e-15 1.0000e-15
2.3000e-01 1.0000e-15 1.0000e-15 1.0000e-15 1.0000e-15 1.0000e-15 1.0000e-15 1.0000e-15 1.0000e-15 1.0000e-15 1.0000e-15
2.4000e-01 1.0000e-15 1.0000e-15 1.0000e-15 1.0000e-15 1.0000e-15 1.0000e-15 1.0000e-15 1.0000e-15 1.0000e-15 1.0000e-15
2.5000e-01 1.0000e-15 1.0000e-15 1.0000e-15 1.0000e-15 1.0000e-15 1.0000e-15 1.0000e-15 1.0000e-15 1.0000e-15 1.0000e-15
2.6000e-01 1.0000e-15 1.0000e-15 1.0000e-15 1.0000e-15 1.0000e-15 1.0000e-15 1.0000e-15 1.0000e-15 1.0000e-15 1.0000e-15
2.7000e-01 1.0000e-15 1.0000e-15 1.0000e-15 1.0000e-15 1.0000e-15 1.0000e-15 1.0000e-15 1.0000e-15 1.0000e-15 1.0000e-15
2.8000e-01 1.0000e-15 1.0000e-15 1.0000e-15 1.0000e-15 1.0000e-15 1.0000e-15 1.0000e-15 1.0000e-15 1.0000e-15 1.0000e-15
2.9000e-01 1.0000e-15 1.0000e-15 1.0000e-15 1.0000e-15 1.0000e-15 1.0000e-15 1.0000e-15 1.0000e-15 1.0000e-15 1.0000e-15
3.0000e-01 1.0000e-15 1.0000e-15 1.0000e-15 1.0000e-15 1.0000e-15 1.0000e-15 1.0000e-15 1.0000e-15 1.0000e-15 1.0000e-15
3.1000e-01 1.0000e-15 1.0000e-15 1.0000e-15 1.0000e-15 1.0000e-15 1.0000e-15 1.0000e-15 1.0000e-15 1.0000e-15 1.0000e-15
3.2000e-01 1.0000e-15 1.0000e-15 1.0000e-15 1.0000e-15 1.0000e-15 1.0000e-15 1.0000e-15 1.0000e-15 1.0000e-15 1.0000e-15
3.3000e-01 1.0000e-15 1.0000e-15 1.0000e-15 1.0000e-15 1.0000e-15 1.0000e-15 1.0000e-15 1.0000e-15 1.0000e-15 1.0000e-15
3.4000e-01 1.0000e-15 1.0000e-15 1.0000e-15 1.0000e-15 1.0000e-15 1.0000e-15 1.0000e-15 1.0000e-15 1.0000e-15 1.0000e-15
3.5000e-01 1.0000e-15 1.0000e-15 1.0000e-15 1.0000e-15 1.0000e-15 1.0000e-15 1.0000e-15 1.0000e-15 1.0000e-15 1.0000e-15
3.6000e-01 1.0000e-15 1.0000e-15 1.0000e-15 1.0000e-15 1.0000e-15 1.0000e-15 1.0000e-15 1.0000e-15 1.0000e-15 1.0000e-15
3.7000e-01 1.0000e-15 1.0000e-15 1.0000e-15 1.0000e-15 1.0000e-15 1.0000e-15 1.0000e-15 1.0000e-15 1.0000e-15 1.0000e-15
3.8000e-01 1.0000e-15 1.0000e-15 1.0000e-15 1.0000e-15 1.0000e-15 1.0000e-15 1.0000e-15 1.0000e-15 1.0000e-15 1.0000e-15
3.9000e-01 1.0000e-15 1.0000e-15 1.0000e-15 1.0000e-15 1.0000e-15 1.0000e-15 1.0000e-15 1.0000e-15 1.0000e-15 1.0000e-15
4.0000e-01 1.0000e-15 1.0000e-15 1.0000e-15 1.0000e-15 1.0000e-15 1.0000e-15 1.0000e-15 1.0000e-15 1.0000e-15 1.0000e-15
4.1000e-01 1.0000e-15 1.0000e-15 1.0000e-15 1.0000e-15 1.0000e-15 1.0000e-15 1.0000e-15 1.0000e-15 1.0000e-15 1.0000e-15
4.2000e-01 1.0000e-15 1.0000e-15 1.0000e-15 1.0000e-15 1.0000e-15 1.0000e-15 1.0000e-15 1.0000e-15 1.0000e-15 1.0000e-15
4.3000e-01 1.0000e-15 1.0000e-15 1.0000e-15 1.0000e-15 1.0000e-15 1.0000e-15 1.0000e-15 1.0000e-15 1.0000e-15 1.0000e-15
4.4000e-01 1.0000e-15 1.0000e-15 1.0000e-15 1.0000e-15 1.0000e-15 1.0000e-15 1.0000e-15 1.0000e-15 1.0000e-15 1.0000e-15
4.5000e-01 1.0000e-15 1.0000e-15 1.0000e-15 1.0000e-15 1.0000e-15 1.0000e-15 1.0000e-15 1.0000e-15 1.0000e-15 1.0000e-15
4.6000e-01 1.0000e-15 1.0000e-15 1.0000e-15 1.0000e-15 1.0000e-15 1.0000e-15 1.0000e-15 1.0000e-15 1.0000e-15 1.0000e-15
4.7000e-01 1.0000e-15 1.0000e-15 1.0000e-15 1.0000e-15 1.0000e-15 1.0000e-15 1.0000e-15 1.0000e-15 1.0000e-15 1.0000e-15
4.8000e-01 1.0000e-15 1.0000e-15 1.0000e-15 1.0000e-15 1.0000e-15 1.0000e-15 1.0000e-15 1.0000e-15 1.0000e-15 1.0000e-15
4.9000e-01 1.0000e-15 1.0000e-15 1.0000e-15 1.0000e-15 1.0000e-15 1.0000e-15 1.0000e-15 1.0000e-15 1.0000e-15 1.0000e-15
5.0000e-01 1.0000e-15 1.0000e-15 1.0000e-15 1.0000e-15 1.0000e-15 1.0000e-15 1.0000e-15 1.0000e-15 1.0000e-15 1.0000e-15
5.1000e-01 1.0000e-15 1.0000e-15 1.0000e-15 1.0000e-15 1.0000e-15 1.0000e-15 1.0000e-15 1.0000e-15 1.0000e-15 1.0000e-15
5.2000e-01 1.0000e-15 1.0000e-15 1.0000e-15 1.0000e-15 1.0000e-15 1.0000e-15 1.0000e-15 1.0000e-15 1.0000e-15 1.0000e-15
5.3000e-01 1.0000e-15 1.0000e-15 1.0000e-15 1.0000e-15 1.0000e-15 1.0000e-15 1.0000e-15 1.0000e-15 1.0000e-15 1.0000e-15
5.4000e-01 1.0000e-15 1.0000e-15 1.0000e-15 1.0000e-15 1.0000e-15 1.0000e-15 1.0000e-15 1.0000e-15 1.0000e-15 1.0000e-15
5.5000e-01 1.0000e-15 1.0000e-15 1.0000e-15 1.0000e-15 1.0000e-15 1.0000e-15 1.0000e-15 1.0000e-15 1.0000e-15 1.0000e-15
5.6000e-01 1.0000e-15 1.0000e-15 1.0000e-15 1.0000e-15 1.0000e-15 1.0000e-15 1.0000e-15 1.0000e-15 1.0000e-15 1.0000e-15
5.7000e-01 1.0000e-15 1.0000e-15 1.0000e-15 1.0000e-15 1.0000e-15 1.0000e-15 1.0000e-15 1.0000e-15 1.0000e-15 1.0000e-15
5.8000e-01 1.0000e-15 1.0000e-15 1.0000e-15 1.0000e-15 1.0000e-15 1.0000e-15 1.0000e-15 1.0000e-15 1.0000e-15 1.0000e-15
5.9000e-01 1.0000e-15 1.0000e-15 1.0000e-15 1.0000e-15 1.0000e-15 1.0000e-15 1.0000e-15 1.0000e-15 1.0000e-15 1.0000e-15
6.0000e-01 1.0000e-15 1.0000e-15 1.0000e-15 1.0000e-15 1.0000e-15 1.0000e-15 1.0000e-15 1.0000e-15 1.0000e-15 1.0000e-15
6.1000e-01 1.0000e-15 1.0000e-15 1.0000e-15 1.0000e-15 1.0000e-15 1.0000e-15 1.0000e-15 1.0000e-15 1.0000e-15 1.0000e-15
6.2000e-01 1.0000e-15 1.0000e-15 1.0000e-15 1.0000e-15 1.0000e-15 1.0000e-15 1.0000e-15 1.0000e-15 1.0000e-15 1.0000e-15
6.3000e-01 1.0000e-15 1.0000e-15 1.0000e-15 1.0000e-15 1.0000e-15 1.0000e-15 1.0000e-15 1.0000e-15 1.0000e-15 1.0000e-15
6.4000e-01 1.0000e-15 1.0000e-15 1.0000e-15 1.0000e-15 1.0000e-15 1.0000e-15 1.0000e-15 1.0000e-15 1.0000e-15 1.0000e-15
6.5000e-01 1.0000e-15 1.0000e-15 1.0000e-15 1.0000e-15 1.0000e-15 1.0000e-15 1.0000e-15 1.0000e-15 1.0000e-15 1.0000e-15
6.6000e-01 1.0000e-15 1.0000e-15 1.0000e-15 1.0000e-15 1.0000e-15 1.0000e-15 1.0000e-15 1.0000e-15 1.0000e-15 1.0000e-15
6.7000e-01 1.0000e-15 1.0000e-15 1.0000e-15 1.0000e-15 1.0000e-15 1.0000e-15 1.0000e-15 1.0000e-15 1.0000e-15 1.0000e-15
6.8000e-01 1.0000e-15 1.0000e-15 1.0000e-15 1.0000e-15 1.0000e-15 1.0000e-15 1.0000e-15 1.0000e-15 1.0000e-15 1.0000e-15
6.9000e-01 1.0000e-15 1.0000e-15 1.0000e-15 1.0000e-15 1.0000e-15 1.0000e-15 1.0000e-15 1.0000e-15 1.0000e-15 1.0000e-15
7.0000e-01 1.0000e-15 1.0000e-15 1.0000e-15 1.0000e-15 1.0000e-15 1.0000e-15 1.0000e-15 1.0000e-15 1.0000e-15 1.0000e-15
7.1000e-01 1.0000e-15 1.0000e-15 1.0000e-15 1.0000e-15 1.0000e-15 1.0000e-15 1.0000e-15 1.0000e-15 1.0000e-15 1.0000e-15
7.2000e-01 1.0000e-15 1.0000e-15 1.0000e-15 1.0000e-15 1.0000e-15 1.0000e-15 1.0000e-15 1.0000e-15 1.0000e-15 1.0000e-15
7.3000e-01 1.0000e-15 1.0000e-15 1.0000e-15 1.0000e-15 1.0000e-15 1.0000e-15 1.0000e-15 1.0000e-15 1.0000e-15 1.0000e-15
7.4000e-01 1.0000e-15 1.0000e-15 1.0000e-15 1.0000e-15 1.0000e-15 1.0000e-15 1.0000e-15 1.0000e-15 1.0000e-15 1.0000e-15
7.5000e-01 1.0000e-15 1.0000e-15 1.0000e-15 1.0000e-15 1.0000e-15 1.0000e-15 1.0000e-15 1.0000e-15 1.0000e-15 1.0000e-15
7.6000e-01 1.0000e-15 1.0000e-15 1.0000e-15 1.0000e-15 1.0000e-15 1.0000e-15 1.0000e-15 1.0000e-15 1.0000e-15 1.0000e-15
7.7000e-01 1.0000e-15 1.0000e-15 1.0000e-15 1.0000e-15 1.0000e-15 1.0000e-15 1.0000e-15 1.0000e-15 1.0000e-15 1.0000e-15
7.8000e-01 1.0000e-15 1.0000e-15 1.0000e-15 1.0000e-15 1.0000e-15 1.0000e-15 1.0000e-15 1.0000e-15 1.0000e-15 1.0000e-15
7.9000e-01 1.0000e-15 1.0000e-15 1.0000e-15 1.0000e-15 1.0000e-15 1.0000e-15 1.0000e-15 1.0000e-15 1.0000e-15 1.0000e-15
8.0000e-01 1.0000e-15 1.0000e-15 1.0000e-15 1.0000e-15 1.0000e-15 1.0000e-15 1.0000e-15 1.0000e-15 1.0000e-15 1.0000e-15
8.1000e-01 3.4876e+01 1.0000e-15 1.0000e-15 1.0000e-15 1.0000e-15 1.0000e-15 1.0000e-15 1.0000e-15 1.0000e-15 1.0000e-15
8.2000e-01 3.1720e+01 1.0000e-15 1.0000e-15 1.0000e-15 1.0000e-15 1.0000e-15 1.0000e-15 1.0000e-15 1.0000e-15 1.0000e-15
8.3000e-01 2.8857e+01 1.0000e-15 1.0000e-15 1.0000e-15 1.0000e-15 1.0000e-15 1.0000e-15 1.0000e-15 1.0000e-15 1.0000e-15
8.4000e-01 2.6257e+01 1.0000e-15 1.0000e-15 1.0000e-15 1.0000e-15 1.0000e-15 1.0000e-15 1.0000e-15 1.0000e-15 1.0000e-15
8.5000e-01 2.3895e+01 1.0000e-15 1.0000e-15 1.0000e-15 1.0000e-15 1.0000e-15 1.0000e-15 1.0000e-15 1.0000e-15 1.0000e-15
8.6000e-01 2.1746e+01 1.0000e-15 1.0000e-15 1.0000e-15 1.0000e-15 1.0000e-15 1.0000e-15 1.0000e-15 1.0000e-15 1.0000e-15
8.7000e-01 1.9791e+01 1.0000e-15 1.0000e-15 1.0000e-15 1.0000e-15 1.0000e-15 1.0000e-15 1.0000e-15 1.0000e-15 1.0000e-15
8.8000e-01 1.8012e+01 1.0000e-15 1.0000e-15 1.0000e-15 1.0000e-15 1.0000e-15 1.0000e-15 1.0000e-15 1.0000e-15 1.0000e-15
8.9000e-01 1.6394e+01 1.0000e-15 1.0000e-15 1.0000e-15 1.0000e-15 1.0000e-15 1.0000e-15 1.0000e-15 1.0000e-15 1.0000e-15
9.0000e-01 1.4921e+01 1.0000e-15 1.0000e-15 1.0000e-15 1.0000e-15 1.0000e-15 1.0000e-15 1.0000e-15 1.0000e-15 1.0000e-15
9.1000e-01 1.3580e+01 1.0000e-15 1.0000e-15 1.0000e-15 1.0000e-15 1.0000e-15 1.0000e-15 1.0000e-15 1.0000e-15 1.0000e-15
9.2000e-01 1.2360e+01 1.0000e-15 1.0000e-15 1.0000e-15 1.0000e-15 1.0000e-15 1.0000e-15 1.0000e-15 1.0000e-15 1.0000e-15
9.3000e-01 1.1250e+01 1.0000e-15 1.0000e-15 1.0000e-15 1.0000e-15 1.0000e-15 1.0000e-15 1.0000e-15 1.0000e-15 1.0000e-15
9.4000e-01 1.0239e+01 1.0000e-15 1.0000e-15 1.0000e-15 1.0000e-15 1.0000e-15 1.0000e-15 1.0000e-15 1.0000e-15 1.0000e-15
9.5000e-01 9.3191e+00 1.0000e-15 1.0000e-15 1.0000e-15 1.0000e-15 1.0000e-15 1.0000e-15 1.0000e-15 1.0000e-15 1.0000e-15
9.6000e-01 8.4819e+00 1.0000e-15 1.0000e-15 1.0000e-15 1.0000e-15 1.0000e-15 1.0000e-15 1.0000e-15 1.0000e-15 1.0000e-15
9.7000e-01 7.7199e+00 1.0000e-15 1.0000e-15 1.0000e-15 1.0000e-15 1.0000e-15 1.0000e-15 1.0000e-15 1.0000e-15 1.0000e-15
9.8000e-01 7.0263e+00 1.0000e-15 1.0000e-15 1.0000e-15 1.0000e-15 1.0000e-15 1.0000e-15 1.0000e-15 1.0000e-15 1.0000e-15
9.9000e-01 6.3951e+00 1.0000e-15 1.0000e-15 1.0000e-15 1.0000e-15 1.0000e-15 1.0000e-15 1.0000e-15 1.0000e-15 1.0000e-15
1.0000e+00 5.8206e+00 1.0000e-15 1.0000e-15 1.0000e-15 1.0000e-15 1.0000e-15 1.0000e-15 1.0000e-15 1.0000e-15 1.0000e-15
1.0100e+00 5.2977e+00 1.0000e-15 1.0000e-15 1.0000e-15 1.0000e-15 1.0000e-15 1.0000e-15 1.0000e-15 1.0000e-15 1.0000e-15
1.0200e+00 4.8218e+00 1.0000e-15 1.0000e-15 1.0000e-15 1.0000e-15 1.0000e-15 1.0000e-15 1.0000e-15 1.0000e-15 1.0000e-15
1.0300e+00 4.3886e+00 1.0000e-15 1.0000e-15 1.0000e-15 1.0000e-15 1.0000e-15 1.0000e-15 1.0000e-15 1.0000e-15 1.0000e-15
1.0400e+00 3.9943e+00 1.0000e-15 1.0000e-15 1.0000e-15 1.0000e-15 1.0000e-15 1.0000e-15 1.0000e-15 1.0000e-15 1.0000e-15
1.0500e+00 3.6355e+00 1.0000e-15 1.0000e-15 1.0000e-15 1.0000e-15 1.0000e-15 1.0000e-15 1.0000e-15 1.0000e-15 1.0000e-15
1.0600e+00 3.3089e+00 1.0000e-15 1.0000e-15 1.0000e-15 1.0000e-15 1.0000e-15 1.0000e-15 1.0000e-15 1.0000e-15 1.0000e-15
1.0700e+00 3.0116e+00 1.0000e-15 1.0000e-15 1.0000e-15 1.0000e-15 1.0000e-15 1.0000e-15 1.0000e-15 1.0000e-15 1.0000e-15
1.0800e+00 2.7411e+00 1.0000e-15 1.0000e-15 1.0000e-15 1.0000e-15 1.0000e-15 1.0000e-15 1.0000e-15 1.0000e-15 1.0000e-15
1.0900e+00 2.4948e+00 1.0000e-15 1.0000e-15 1.0000e-15 1.0000e-15 1.0000e-15 1.0000e-15 1.0000e-15 1.0000e-15 1.0000e-15
1.1000e+00 2.2707e+00 1.0000e-15 1.0000e-15 1.0000e-15 1.0000e-15 1.0000e-15 1.0000e-15 1.0000e-15 1.0000e-15 1.0000e-15
1.1100e+00 2.0667e+00 1.0000e-15 1.0000e-15 1.0000e-15 1.0000e-15 1.0000e-15 1.0000e-15 1.0000e-15 1.0000e-15 1.0000e-15
1.1200e+00 1.8810e+00 1.0000e-15 1.0000e-15 1.0000e-15 1.0000e-15 1.0000e-15 1.0000e-15 1.0000e-15 1.0000e-15 1.0000e-15
1.1300e+00 1.7121e+00 1.0000e-15 1.0000e-15 1.0000e-15 1.0000e-15 1.0000e-15 1.0000e-15 1.0000e-15 1.0000e-15 1.0000e-15
1.1400e+00 1.5582e+00 1.0000e-15 1.0000e-15 1.0000e-15 1.0000e-15 1.0000e-15 1.0000e-15 1.0000e-15 1.0000e-15 1.0000e-15
1.1500e+00 1.4183e+00 1.0000e-15 1.0000e-15 1.0000e-15 1.0000e-15 1.0000e-15 1.0000e-15 1.0000e-15 1.0000e-15 1.0000e-15
1.1600e+00 1.2908e+00 1.0000e-15 1.0000e-15 1.0000e-15 1.0000e-15 1.0000e-15 1.0000e-15 1.0000e-15 1.0000e-15 1.0000e-15
1.1700e+00 1.1749e+00 1.0000e-15 1.0000e-15 1.0000e-15 1.0000e-15 1.0000e-15 1.0000e-15 1.0000e-15 1.0000e-15 1.0000e-15
1.1800e+00 1.0693e+00 1.0000e-15 1.0000e-15 1.0000e-15 1.0000e-15 1.0000e-15 1.0000e-15 1.0000e-15 1.0000e-15 1.0000e-15
1.1900e+00 9.7327e-01 1.0000e-15 1.0000e-15 1.0000e-15 1.0000e-15 1.0000e-15 1.0000e-15 1.0000e-15 1.0000e-15 1.0000e-15
1.2000e+00 8.8583e-01 1.0000e-15 1.0000e-15 1.0000e-15 1.0000e-15 1.0000e-15 1.0000e-15 1.0000e-15 1.0000e-15 1.0000e-15
1.2100e+00 8.0625e-01 1.0000e-15 1.0000e-15 1.0000e-15 1.0000e-15 1.0000e-15 1.0000e-15 1.0000e-15 1.0000e-15 1.0000e-15
1.2200e+00 7.3382e-01 1.0000e-15 1.0000e-15 1.0000e-15 1.0000e-15 1.0000e-15 1.0000e-15 1.0000e-15 1.0000e-15 1.0000e-15
1.2300e+00 6.6790e-01 1.0000e-15 1.0000e-15 1.0000e-15 1.0000e-15 1.0000e-15 1.0000e-15 1.0000e-15 1.0000e-15 1.0000e-15
1.2400e+00 6.0790e-01 1.0000e-15 1.0000e-15 1.0000e-15 1.0000e-15 1.0000e-15 1.0000e-15 1.0000e-15 1.0000e-15 1.0000e-15
1.2500e+00 5.5328e-01 1.0000e-15 1.0000e-15 1.0000e-15 1.0000e-15 1.0000e-15 1.0000e-15 1.0000e-15 1.0000e-15 1.0000e-15
1.2600e+00 5.0358e-01 1.0000e-15 1.0000e-15 1.0000e-15 1.0000e-15 1.0000e-15 1.0000e-15 1.0000e-15 1.0000e-15 1.0000e-15
1.2700e+00 4.5834e-01 1.0000e-15 1.0000e-15 1.0000e-15 1.0000e-15 1.0000e-15 1.0000e-15 1.0000e-15 1.0000e-15 1.0000e-15
1.2800e+00 4.1716e-01 1.0000e-15 1.0000e-15 1.0000e-15 1.0000e-15 1.0000e-15 1.0000e-15 1.0000e-15 1.0000e-15 1.0000e-15
1.2900e+00 3.7969e-01 1.0000e-15 1.0000e-15 1.0000e-15 1.0000e-15 1.0000e-15 1.0000e-15 1.0000e-15 1.0000e-15 1.0000e-15
1.3000e+00 3.4558e-01 1.0000e-15 1.0000e-15 1.0000e-15 1.0000e-15 1.0000e-15 1.0000e-15 1.0000e-15 1.0000e-15 1.0000e-15
1.3100e+00 3.1453e-01 1.0000e-15 1.0000e-15 1.0000e-15 1.0000e-15 1.0000e-15 1.0000e-15 1.0000e-15 1.0000e-15 1.0000e-15
1.3200e+00 2.8627e-01 1.0000e-15 1.0000e-15 1.0000e-15 1.0000e-15 1.0000e-15 1.0000e-15 1.0000e-15 1.0000e-15 1.0000e-15
1.3300e+00 2.6056e-01 1.0000e-15 1.0000e-15 1.0000e-15 1.0000e-15 1.0000e-15 1.0000e-15 1.0000e-15 1.0000e-15 1.0000e-15
1.3400e+00 2.3715e-01 1.0000e-15 1.0000e-15 1.0000e-15 1.0000e-15 1.0000e-15 1.0000e-15 1.0000e-15 1.0000e-15 1.0000e-15
1.3500e+00 2.1584e-01 1.0000e-15 1.0000e-15 1.0000e-15 1.0000e-15 1.0000e-15 1.0000e-15 1.0000e-15 1.0000e-15 1.0000e-15
1.3600e+00 1.9645e-01 1.0000e-15 1.0000e-15 1.0000e-15 1.0000e-15 1.0000e-15 1.0000e-15 1.0000e-15 1.0000e-15 1.0000e-15
1.3700e+00 1.7880e-01 1.0000e-15 1.0000e-15 1.0000e-15 1.0000e-15 1.0000e-15 1.0000e-15 1.0000e-15 1.0000e-15 1.0000e-15
1.3800e+00 1.6274e-01 1.0000e-15 1.0000e-15 1.0000e-15 1.0000e-15 1.0000e-15 1.0000e-15 1.0000e-15 1.0000e-15 1.0000e-15
1.3900e+00 1.4812e-01 1.0000e-15 1.0000e-15 1.0000e-15 1.0000e-15 1.0000e-15 1.0000e-15 1.0000e-15 1.0000e-15 1.0000e-15
1.4000e+00 1.3481e-01 1.0000e-15 1.0000e-15 1.0000e-15 1.0000e-15 1.0000e-15 1.0000e-15 1.0000e-15 1.0000e-15 1.0000e-15
1.4100e+00 1.2270e-01 1.0000e-15 1.0000e-15 1.0000e-15 1.0000e-15 1.0000e-15 1.0000e-15 1.0000e-15 1.0000e-15 1.0000e-15
1.4200e+00 1.1168e-01 1.0000e-15 1.0000e-15 1.0000e-15 1.0000e-15 1.0000e-15 1.0000e-15 1.0000e-15 1.0000e-15 1.0000e-15
1.4300e+00 1.0165e-01 1.0000e-15 1.0000e-15 1.0000e-15 1.0000e-15 1.0000e-15 1.0000e-15 1.0000e-15 1.0000e-15 1.0000e-15
1.4400e+00 9.2515e-02 1.0000e-15 1.0000e-15 1.0000e-15 1.0000e-15 1.0000e-15 1.0000e-15 1.0000e-15 1.0000e-15 1.0000e-15
1.4500e+00 8.4204e-02 1.0000e-15 1.0000e-15 1.0000e-15 1.0000e-15 1.0000e-15 1.0000e-15 1.0000e-15 1.0000e-15 1.0000e-15
1.4600e+00 7.6639e-02 1.0000e-15 1.0000e-15 1.0000e-15 1.0000e-15 1.0000e-15 1.0000e-15 1.0000e-15 1.0000e-15 1.0000e-15
1.4700e+00 6.9754e-02 1.0000e-15 1.0000e-15 1.0000e-15 1.0000e-15 1.0000e-15 1.0000e-15 1.0000e-15 1.0000e-15 1.0000e-15
1.4800e+00 6.3488e-02 1.0000e-15 1.0000e-15 1.0000e-15 1.0000e-15 1.0000e-15 1.0000e-15 1.0000e-15 1.0000e-15 1.0000e-15
1.4900e+00 5.7784e-02 1.0000e-15 1.0000e-15 1.0000e-15 1.0000e-15 1.0000e-15 1.0000e-15 1.0000e-15 1.0000e-15 1.0000e-15
1.5000e+00 5.2593e-02 1.0000e-15 1.0000e-15 1.0000e-15 1.0000e-15 1.0000e-15 1.0000e-15 1.0000e-15 1.0000e-15 1.0000e-15
1.5100e+00 4.7868e-02 1.0000e-15 1.0000e-15 1.0000e-15 1.0000e-15 1.0000e-15 1.0000e-15 1.0000e-15 1.0000e-15 1.0000e-15
1.5200e+00 4.3568e-02 1.0000e-15 1.0000e-15 1.0000e-15 1.0000e-15 1.0000e-15 1.0000e-15 1.0000e-15 1.0000e-15 1.0000e-15
1.5300e+00 3.9654e-02 1.0000e-15 1.0000e-15 1.0000e-15 1.0000e-15 1.0000e-15 1.0000e-15 1.0000e-15 1.0000e-15 1.0000e-15
1.5400e+00 3.6092e-02 1.0000e-15 1.0000e-15 1.0000e-15 1.0000e-15 1.0000e-15 1.0000e-15 1.0000e-15 1.0000e-15 1.0000e-15
1.5500e+00 3.2849e-02 1.0000e-15 1.0000e-15 1.0000e-15 1.0000e-15 1.0000e-15 1.0000e-15 1.0000e-15 1.0000e-15 1.0000e-15
1.5600e+00 2.9898e-02 1.0000e-15 1.0000e-15 1.0000e-15 1.0000e-15 1.0000e-15 1.0000e-15 1.0000e-15 1.0000e-15 1.0000e-15
1.5700e+00 2.7212e-02 1.0000e-15 1.0000e-15 1.0000e-15 1.0000e-15 1.0000e-15 1.0000e-15 1.0000e-15 1.0000e-15 1.0000e-15
1.5800e+00 2.4768e-02 1.0000e-15 1.0000e-15 1.0000e-15 1.0000e-15 1.0000e-15 1.0000e-15 1.0000e-15 1.0000e-15 1.0000e-15
1.5900e+00 2.2543e-02 1.0000e-15 1.0000e-15 1.0000e-15 1.0000e-15 1.0000e-15 1.0000e-15 1.0000e-15 1.0000e-15 1.0000e-15
1.6000e+00 2.0517e-02 1.0000e-15 1.0000e-15 1.0000e-15 1.0000e-15 1.0000e-15 1.0000e-15 1.0000e-15 1.0000e-15 1.0000e-15
1.6100e+00 3.4906e+01 1.8674e-02 1.0000e-15 1.0000e-15 1.0000e-15 1.0000e-15 1.0000e-15 1.0000e-15 1.0000e-15 1.0000e-15
1.6200e+00 3.1747e+01 1.6997e-02 1.0000e-15 1.0000e-15 1.0000e-15 1.0000e-15 1.0000e-15 1.0000e-15 1.0000e-15 1.0000e-15
1.6300e+00 2.8882e+01 1.5470e-02 1.0000e-15 1.0000e-15 1.0000e-15 1.0000e-15 1.0000e-15 1.0000e-15 1.0000e-15 1.0000e-15
1.6400e+00 2.6280e+01 1.4080e-02 1.0000e-15 1.0000e-15 1.0000e-15 1.0000e-15 1.0000e-15 1.0000e-15 1.0000e-15 1.0000e-15
1.6500e+00 2.3915e+01 1.2815e-02 1.0000e-15 1.0000e-15 1.0000e-15 1.0000e-15 1.0000e-15 1.0000e-15 1.0000e-15 1.0000e-15
1.6600e+00 2.1765e+01 1.1664e-02 1.0000e-15 1.0000e-15 1.0000e-15 1.0000e-15 1.0000e-15 1.0000e-15 1.0000e-15 1.0000e-15
1.6700e+00 1.9808e+01 1.0616e-02 1.0000e-15 1.0000e-15 1.0000e-15 1.0000e-15 1.0000e-15 1.0000e-15 1.0000e-15 1.0000e-15
1.6800e+00 1.8028e+01 9.6622e-03 1.0000e-15 1.0000e-15 1.0000e-15 1.0000e-15 1.0000e-15 1.0000e-15 1.0000e-15 1.0000e-15
1.6900e+00 1.6408e+01 8.7942e-03 1.0000e-15 1.0000e-15 1.0000e-15 1.0000e-15 1.0000e-15 1.0000e-15 1.0000e-15 1.0000e-15
1.7000e+00 1.4934e+01 8.0041e-03 1.0000e-15 1.0000e-15 1.0000e-15 1.0000e-15 1.0000e-15 1.0000e-15 1.0000e-15 1.0000e-15
1.7100e+00 1.3592e+01 7.2851e-03 1.0000e-15 1.0000e-15 1.0000e-15 1.0000e-15 1.0000e-15 1.0000e-15 1.0000e-15 1.0000e-15
1.7200e+00 1.2371e+01 6.6306e-03 1.0000e-15 1.0000e-15 1.0000e-15 1.0000e-15 1.0000e-15 1.0000e-15 1.0000e-15 1.0000e-15
1.7300e+00 1.1259e+01 6.0349e-03 1.0000e-15 1.0000e-15 1.0000e-15 1.0000e-15 1.0000e-15 1.0000e-15 1.0000e-15 1.0000e-15
1.7400e+00 1.0248e+01 5.4928e-03 1.0000e-15 1.0000e-15 1.0000e-15 1.0000e-15 1.0000e-15 1.0000e-15 1.0000e-15 1.0000e-15
1.7500e+00 9.3271e+00 4.9993e-03 1.0000e-15 1.0000e-15 1.0000e-15 1.0000e-15 1.0000e-15 1.0000e-15 1.0000e-15 1.0000e-15
1.7600e+00 8.4892e+00 4.5502e-03 1.0000e-15 1.0000e-15 1.0000e-15 1.0000e-15 1.0000e-15 1.0000e-15 1.0000e-15 1.0000e-15
1.7700e+00 7.7266e+00 4.1414e-03 1.0000e-15 1.0000e-15 1.0000e-15 1.0000e-15 1.0000e-15 1.0000e-15 1.0000e-15 1.0000e-15
1.7800e+00 7.0324e+00 3.7694e-03 1.0000e-15 1.0000e-15 1.0000e-15 1.0000e-15 1.0000e-15 1.0000e-15 1.0000e-15 1.0000e-15
1.7900e+00 6.4007e+00 3.4307e-03 1.0000e-15 1.0000e-15 1.0000e-15 1.0000e-15 1.0000e-15 1.0000e-15 1.0000e-15 1.0000e-15
1.8000e+00 5.8256e+00 3.1225e-03 1.0000e-15 1.0000e-15 1.0000e-15 1.0000e-15 1.0000e-15 1.0000e-15 1.0000e-15 1.0000e-15
1.8100e+00 5.3023e+00 2.8420e-03 1.0000e-15 1.0000e-15 1.0000e-15 1.0000e-15 1.0000e-15 1.0000e-15 1.0000e-15 1.0000e-15
1.8200e+00 4.8259e+00 2.5867e-03 1.0000e-15 1.0000e-15 1.0000e-15 1.0000e-15 1.0000e-15 1.0000e-15 1.0000e-15 1.0000e-15
1.8300e+00 4.3924e+00 2.3543e-03 1.0000e-15 1.0000e-15 1.0000e-15 1.0000e-15 1.0000e-15 1.0000e-15 1.0000e-15 1.0000e-15
1.8400e+00 3.9978e+00 2.1428e-03 1.0000e-15 1.0000e-15 1.0000e-15 1.0000e-15 1.0000e-15 1.0000e-15 1.0000e-15 1.0000e-15
1.8500e+00 3.6386e+00 1.9503e-03 1.0000e-15 1.0000e-15 1.0000e-15 1.0000e-15 1.0000e-15 1.0000e-15 1.0000e-15 1.0000e-15
1.8600e+00 3.3118e+00 1.7751e-03 1.0000e-15 1.0000e-15 1.0000e-15 1.0000e-15 1.0000e-15 1.0000e-15 1.0000e-15 1.0000e-15
1.8700e+00 3.0142e+00 1.6156e-03 1.0000e-15 1.0000e-15 1.0000e-15 1.0000e-15 1.0000e-15 1.0000e-15 1.0000e-15 1.0000e-15
1.8800e+00 2.7435e+00 1.4705e-03 1.0000e-15 1.0000e-15 1.0000e-15 1.0000e-15 1.0000e-15 1.0000e-15 1.0000e-15 1.0000e-15
1.8900e+00 2.4970e+00 1.3384e-03 1.0000e-15 1.0000e-15 1.0000e-15 1.0000e-15 1.0000e-15 1.0000e-15 1.0000e-15 1.0000e-15
1.9000e+00 2.2727e+00 1.2181e-03 1.0000e-15 1.0000e-15 1.0000e-15 1.0000e-15 1.0000e-15 1.0000e-15 1.0000e-15 1.0000e-15
1.9100e+00 2.0685e+00 1.1087e-03 1.0000e-15 1.0000e-15 1.0000e-15 1.0000e-15 1.0000e-15 1.0000e-15 1.0000e-15 1.0000e-15
1.9200e+00 1.8827e+00 1.0091e-03 1.0000e-15 1.0000e-15 1.0000e-15 1.0000e-15 1.0000e-15 1.0000e-15 1.0000e-15 1.0000e-15
1.9300e+00 1.7135e+00 9.1845e-04 1.0000e-15 1.0000e-15 1.0000e-15 1.0000e-15 1.0000e-15 1.0000e-15 1.0000e-15 1.0000e-15
1.9400e+00 1.5596e+00 8.3594e-04 1.0000e-15 1.0000e-15 1.0000e-15 1.0000e-15 1.0000e-15 1.0000e-15 1.0000e-15 1.0000e-15
1.9500e+00 1.4195e+00 7.6084e-04 1.0000e-15 1.0000e-15 1.0000e-15 1.0000e-15 1.0000e-15 1.0000e-15 1.0000e-15 1.0000e-15
1.9600e+00 1.2920e+00 6.9249e-04 1.0000e-15 1.0000e-15 1.0000e-15 1.0000e-15 1.0000e-15 1.0000e-15 1.0000e-15 1.0000e-15
1.9700e+00 1.1759e+00 6.3028e-04 1.0000e-15 1.0000e-15 1.0000e-15 1.0000e-15 1.0000e-15 1.0000e-15 1.0000e-15 1.0000e-15
1.9800e+00 1.0703e+00 5.7366e-04 1.0000e-15 1.0000e-15 1.0000e-15 1.0000e-15 1.0000e-15 1.0000e-15 1.0000e-15 1.0000e-15
1.9900e+00 9.7411e-01 5.2212e-04 1.0000e-15 1.0000e-15 1.0000e-15 1.0000e-15 1.0000e-15 1.0000e-15 1.0000e-15 1.0000e-15
2.0000e+00 8.8660e-01 4.7522e-04 1.0000e-15 1.0000e-15 1.0000e-15 1.0000e-15 1.0000e-15 1.0000e-15 1.0000e-15 1.0000e-15
2.0100e+00 8.0695e-01 4.3252e-04 1.0000e-15 1.0000e-15 1.0000e-15 1.0000e-15 1.0000e-15 1.0000e-15 1.0000e-15 1.0000e-15
2.0200e+00 7.3446e-01 3.9367e-04 1.0000e-15 1.0000e-15 1.0000e-15 1.0000e-15 1.0000e-15 1.0000e-15 1.0000e-15 1.0000e-15
2.0300e+00 6.6848e-01 3.5830e-04 1.0000e-15 1.0000e-15 1.0000e-15 1.0000e-15 1.0000e-15 1.0000e-15 1.0000e-15 1.0000e-15
2.0400e+00 6.0842e-01 3.2611e-04 1.0000e-15 1.0000e-15 1.0000e-15 1.0000e-15 1.0000e-15 1.0000e-15 1.0000e-15 1.0000e-15
2.0500e+00 5.5376e-01 2.9682e-04 1.0000e-15 1.0000e-15 1.0000e-15 1.0000e-15 1.0000e-15 1.0000e-15 1.0000e-15 1.0000e-15
2.0600e+00 5.0402e-01 2.7015e-04 1.0000e-15 1.0000e-15 1.0000e-15 1.0000e-15 1.0000e-15 1.0000e-15 1.0000e-15 1.0000e-15
2.0700e+00 4.5874e-01 2.4588e-04 1.0000e-15 1.0000e-15 1.0000e-15 1.0000e-15 1.0000e-15 1.0000e-15 1.0000e-15 1.0000e-15
2.0800e+00 4.1753e-01 2.2379e-04 1.0000e-15 1.0000e-15 1.0000e-15 1.0000e-15 1.0000e-15 1.0000e-15 1.0000e-15 1.0000e-15
2.0900e+00 3.8002e-01 2.0369e-04 1.0000e-15 1.0000e-15 1.0000e-15 1.0000e-15 1.0000e-15 1.0000e-15 1.0000e-15 1.0000e-15
2.1000e+00 3.4588e-01 1.8539e-04 1.0000e-15 1.0000e-15 1.0000e-15 1.0000e-15 1.0000e-15 1.0000e-15 1.0000e-15 1.0000e-15
2.1100e+00 3.1480e-01 1.6873e-04 1.0000e-15 1.0000e-15 1.0000e-15 1.0000e-15 1.0000e-15 1.0000e-15 1.0000e-15 1.0000e-15
2.1200e+00 2.8652e-01 1.5358e-04 1.0000e-15 1.0000e-15 1.0000e-15 1.0000e-15 1.0000e-15 1.0000e-15 1.0000e-15 1.0000e-15
2.1300e+00 2.6078e-01 1.3978e-04 1.0000e-15 1.0000e-15 1.0000e-15 1.0000e-15 1.0000e-15 1.0000e-15 1.0000e-15 1.0000e-15
2.1400e+00 2.3735e-01 1.2722e-04 1.0000e-15 1.0000e-15 1.0000e-15 1.0000e-15 1.0000e-15 1.0000e-15 1.0000e-15 1.0000e-15
2.1500e+00 2.1603e-01 1.1579e-04 1.0000e-15 1.0000e-15 1.0000e-15 1.0000e-15 1.0000e-15 1.0000e-15 1.0000e-15 1.0000e-15
2.1600e+00 1.9662e-01 1.0539e-04 1.0000e-15 1.0000e-15 1.0000e-15 1.0000e-15 1.0000e-15 1.0000e-15 1.0000e-15 1.0000e-15
2.1700e+00 1.7896e-01 9.5922e-05 1.0000e-15 1.0000e-15 1.0000e-15 1.0000e-15 1.0000e-15 1.0000e-15 1.0000e-15 1.0000e-15
2.1800e+00 1.6288e-01 8.7305e-05 1.0000e-15 1.0000e-15 1.0000e-15 1.0000e-15 1.0000e-15 1.0000e-15 1.0000e-15 1.0000e-15
2.1900e+00 1.4825e-01 7.9461e-05 1.0000e-15 1.0000e-15 1.0000e-15 1.0000e-15 1.0000e-15 1.0000e-15 1.0000e-15 1.0000e-15
2.2000e+00 1.3493e-01 7.2323e-05 1.0000e-15 1.0000e-15 1.0000e-15 1.0000e-15 1.0000e-15 1.0000e-15 1.0000e-15 1.0000e-15
2.2100e+00 1.2281e-01 6.5826e-05 1.0000e-15 1.0000e-15 1.0000e-15 1.0000e-15 1.0000e-15 1.0000e-15 1.0000e-15 1.0000e-15
2.2200e+00 1.1178e-01 5.9912e-05 1.0000e-15 1.0000e-15 1.0000e-15 1.0000e-15 1.0000e-15 1.0000e-15 1.0000e-15 1.0000e-15
2.2300e+00 1.0174e-01 5.4530e-05 1.0000e-15 1.0000e-15 1.0000e-15 1.0000e-15 1.0000e-15 1.0000e-15 1.0000e-15 1.0000e-15
2.2400e+00 9.2596e-02 4.9631e-05 1.0000e-15 1.0000e-15 1.0000e-15 1.0000e-15 1.0000e-15 1.0000e-15 1.0000e-15 1.0000e-15
2.2500e+00 8.4277e-02 4.5172e-05 1.0000e-15 1.0000e-15 1.0000e-15 1.0000e-15 1.0000e-15 1.0000e-15 1.0000e-15 1.0000e-15
2.2600e+00 7.6706e-02 4.1114e-05 1.0000e-15 1.0000e-15 1.0000e-15 1.0000e-15 1.0000e-15 1.0000e-15 1.0000e-15 1.0000e-15
2.2700e+00 6.9815e-02 3.7421e-05 1.0000e-15 1.0000e-15 1.0000e-15 1.0000e-15 1.0000e-15 1.0000e-15 1.0000e-15 1.0000e-15
2.2800e+00 6.3543e-02 3.4059e-05 1.0000e-15 1.0000e-15 1.0000e-15 1.0000e-15 1.0000e-15 1.0000e-15 1.0000e-15 1.0000e-15
2.2900e+00 5.7834e-02 3.0999e-05 1.0000e-15 1.0000e-15 1.0000e-15 1.0000e-15 1.0000e-15 1.0000e-15 1.0000e-15 1.0000e-15
2.3000e+00 5.2639e-02 2.8214e-05 1.0000e-15 1.0000e-15 1.0000e-15 1.0000e-15 1.0000e-15 1.0000e-15 1.0000e-15 1.0000e-15
2.3100e+00 4.7910e-02 2.5680e-05 1.0000e-15 1.0000e-15 1.0000e-15 1.0000e-15 1.0000e-15 1.0000e-15 1.0000e-15 1.0000e-15
2.3200e+00 4.3606e-02 2.3373e-05 1.0000e-15 1.0000e-15 1.0000e-15 1.0000e-15 1.0000e-15 1.0000e-15 1.0000e-15 1.0000e-15
2.3300e+00 3.9688e-02 2.1273e-05 1.0000e-15 1.0000e-15 1.0000e-15 1.0000e-15 1.0000e-15 1.0000e-15 1.0000e-15 1.0000e-15
2.3400e+00 3.6123e-02 1.9362e-05 1.0000e-15 1.0000e-15 1.0000e-15 1.0000e-15 1.0000e-15 1.0000e-15 1.0000e-15 1.0000e-15
2.3500e+00 3.2878e-02 1.7622e-05 1.0000e-15 1.0000e-15 1.0000e-15 1.0000e-15 1.0000e-15 1.0000e-15 1.0000e-15 1.0000e-15
2.3600e+00 2.9924e-02 1.6039e-05 1.0000e-15 1.0000e-15 1.0000e-15 1.0000e-15 1.0000e-15 1.0000e-15 1.0000e-15 1.0000e-15
2.3700e+00 2.7236e-02 1.4598e-05 1.0000e-15 1.0000e-15 1.0000e-15 1.0000e-15 1.0000e-15 1.0000e-15 1.0000e-15 1.0000e-15
2.3800e+00 2.4789e-02 1.3287e-05 1.0000e-15 1.0000e-15 1.0000e-15 1.0000e-15 1.0000e-15 1.0000e-15 1.0000e-15 1.0000e-15
2.3900e+00 2.2562e-02 1.2093e-05 1.0000e-15 1.0000e-15 1.0000e-15 1.0000e-15 1.0000e-15 1.0000e-15 1.0000e-15 1.0000e-15
2.4000e+00 2.0535e-02 1.1007e-05 1.0000e-15 1.0000e-15 1.0000e-15 1.0000e-15 1.0000e-15 1.0000e-15 1.0000e-15 1.0000e-15
2.4100e+00 3.4906e+01 1.8690e-02 1.0018e-05 1.0000e-15 1.0000e-15 1.0000e-15 1.0000e-15 1.0000e-15 1.0000e-15 1.0000e-15
2.4200e+00 3.1747e+01 1.7011e-02 9.1180e-06 1.0000e-15 1.0000e-15 1.0000e-15 1.0000e-15 1.0000e-15 1.0000e-15 1.0000e-15
2.4300e+00 2.8882e+01 1.5483e-02 8.2988e-06 1.0000e-15 1.0000e-15 1.0000e-15 1.0000e-15 1.0000e-15 1.0000e-15 1.0000e-15
2.4400e+00 2.6280e+01 1.4092e-02 7.5533e-06 1.0000e-15 1.0000e-15 1.0000e-15 1.0000e-15 1.0000e-15 1.0000e-15 1.0000e-15
2.4500e+00 2.3915e+01 1.2826e-02 6.8747e-06 1.0000e-15 1.0000e-15 1.0000e-15 1.0000e-15 1.0000e-15 1.0000e-15 1.0000e-15
2.4600e+00 2.1765e+01 1.1674e-02 6.2571e-06 1.0000e-15 1.0000e-15 1.0000e-15 1.0000e-15 1.0000e-15 1.0000e-15 1.0000e-15
2.4700e+00 1.9808e+01 1.0625e-02 5.6950e-06 1.0000e-15 1.0000e-15 1.0000e-15 1.0000e-15 1.0000e-15 1.0000e-15 1.0000e-15
2.4800e+00 1.8028e+01 9.6706e-03 5.1834e-06 1.0000e-15 1.0000e-15 1.0000e-15 1.0000e-15 1.0000e-15 1.0000e-15 1.0000e-15
2.4900e+00 1.6408e+01 8.8018e-03 4.7177e-06 1.0000e-15 1.0000e-15 1.0000e-15 1.0000e-15 1.0000e-15 1.0000e-15 1.0000e-15
2.5000e+00 1.4934e+01 8.0111e-03 4.2939e-06 1.0000e-15 1.0000e-15 1.0000e-15 1.0000e-15 1.0000e-15 1.0000e-15 1.0000e-15
2.5100e+00 1.3592e+01 7.2914e-03 3.9082e-06 1.0000e-15 1.0000e-15 1.0000e-15 1.0000e-15 1.0000e-15 1.0000e-15 1.0000e-15
2.5200e+00 1.2371e+01 6.6363e-03 3.5571e-06 1.0000e-15 1.0000e-15 1.0000e-15 1.0000e-15 1.0000e-15 1.0000e-15 1.0000e-15
2.5300e+00 1.1259e+01 6.0402e-03 3.2375e-06 1.0000e-15 1.0000e-15 1.0000e-15 1.0000e-15 1.0000e-15 1.0000e-15 1.0000e-15
2.5400e+00 1.0248e+01 5.4975e-03 2.9467e-06 1.0000e-15 1.0000e-15 1.0000e-15 1.0000e-15 1.0000e-15 1.0000e-15 1.0000e-15
2.5500e+00 9.3272e+00 5.0036e-03 2.6819e-06 1.0000e-15 1.0000e-15 1.0000e-15 1.0000e-15 1.0000e-15 1.0000e-15 1.0000e-15
2.5600e+00 8.4892e+00 4.5541e-03 2.4410e-06 1.0000e-15 1.0000e-15 1.0000e-15 1.0000e-15 1.0000e-15 1.0000e-15 1.0000e-15
2.5700e+00 7.7266e+00 4.1450e-03 2.2217e-06 1.0000e-15 1.0000e-15 1.0000e-15 1.0000e-15 1.0000e-15 1.0000e-15 1.0000e-15
2.5800e+00 7.0324e+00 3.7726e-03 2.0221e-06 1.0000e-15 1.0000e-15 1.0000e-15 1.0000e-15 1.0000e-15 1.0000e-15 1.0000e-15
2.5900e+00 6.4007e+00 3.4337e-03 1.8405e-06 1.0000e-15 1.0000e-15 1.0000e-15 1.0000e-15 1.0000e-15 1.0000e-15 1.0000e-15
2.6000e+00 5.8256e+00 3.1252e-03 1.6751e-06 1.0000e-15 1.0000e-15 1.0000e-15 1.0000e-15 1.0000e-15 1.0000e-15 1.0000e-15
2.6100e+00 5.3023e+00 2.8445e-03 1.5246e-06 1.0000e-15 1.0000e-15 1.0000e-15 1.0000e-15 1.0000e-15 1.0000e-15 1.0000e-15
2.6200e+00 4.8259e+00 2.5889e-03 1.3877e-06 1.0000e-15 1.0000e-15 1.0000e-15 1.0000e-15 1.0000e-15 1.0000e-15 1.0000e-15
2.6300e+00 4.3924e+00 2.3564e-03 1.2630e-06 1.0000e-15 1.0000e-15 1.0000e-15 1.0000e-15 1.0000e-15 1.0000e-15 1.0000e-15
2.6400e+00 3.9978e+00 2.1447e-03 1.1495e-06 1.0000e-15 1.0000e-15 1.0000e-15 1.0000e-15 1.0000e-15 1.0000e-15 1.0000e-15
2.6500e+00 3.6387e+00 1.9520e-03 1.0463e-06 1.0000e-15 1.0000e-15 1.0000e-15 1.0000e-15 1.0000e-15 1.0000e-15 1.0000e-15
2.6600e+00 3.3118e+00 1.7766e-03 9.5227e-07 1.0000e-15 1.0000e-15 1.0000e-15 1.0000e-15 1.0000e-15 1.0000e-15 1.0000e-15
2.6700e+00 3.0142e+00 1.6170e-03 8.6672e-07 1.0000e-15 1.0000e-15 1.0000e-15 1.0000e-15 1.0000e-15 1.0000e-15 1.0000e-15
2.6800e+00 2.7435e+00 1.4718e-03 7.8886e-07 1.0000e-15 1.0000e-15 1.0000e-15 1.0000e-15 1.0000e-15 1.0000e-15 1.0000e-15
2.6900e+00 2.4970e+00 1.3395e-03 7.1799e-07 1.0000e-15 1.0000e-15 1.0000e-15 1.0000e-15 1.0000e-15 1.0000e-15 1.0000e-15
2.7000e+00 2.2727e+00 1.2192e-03 6.5349e-07 1.0000e-15 1.0000e-15 1.0000e-15 1.0000e-15 1.0000e-15 1.0000e-15 1.0000e-15
2.7100e+00 2.0685e+00 1.1097e-03 5.9478e-07 1.0000e-15 1.0000e-15 1.0000e-15 1.0000e-15 1.0000e-15 1.0000e-15 1.0000e-15
2.7200e+00 1.8827e+00 1.0100e-03 5.4135e-07 1.0000e-15 1.0000e-15 1.0000e-15 1.0000e-15 1.0000e-15 1.0000e-15 1.0000e-15
2.7300e+00 1.7135e+00 9.1925e-04 4.9271e-07 1.0000e-15 1.0000e-15 1.0000e-15 1.0000e-15 1.0000e-15 1.0000e-15 1.0000e-15
2.7400e+00 1.5596e+00 8.3667e-04 4.4845e-07 1.0000e-15 1.0000e-15 1.0000e-15 1.0000e-15 1.0000e-15 1.0000e-15 1.0000e-15
2.7500e+00 1.4195e+00 7.6150e-04 4.0816e-07 1.0000e-15 1.0000e-15 1.0000e-15 1.0000e-15 1.0000e-15 1.0000e-15 1.0000e-15
2.7600e+00 1.2920e+00 6.9309e-04 3.7149e-07 1.0000e-15 1.0000e-15 1.0000e-15 1.0000e-15 1.0000e-15 1.0000e-15 1.0000e-15
2.7700e+00 1.1759e+00 6.3083e-04 3.3812e-07 1.0000e-15 1.0000e-15 1.0000e-15 1.0000e-15 1.0000e-15 1.0000e-15 1.0000e-15
2.7800e+00 1.0703e+00 5.7415e-04 3.0774e-07 1.0000e-15 1.0000e-15 1.0000e-15 1.0000e-15 1.0000e-15 1.0000e-15 1.0000e-15
2.7900e+00 9.7411e-01 5.2257e-04 2.8010e-07 1.0000e-15 1.0000e-15 1.0000e-15 1.0000e-15 1.0000e-15 1.0000e-15 1.0000e-15
2.8000e+00 8.8660e-01 4.7563e-04 2.5493e-07 1.0000e-15 1.0000e-15 1.0000e-15 1.0000e-15 1.0000e-15 1.0000e-15 1.0000e-15
2.8100e+00 8.0695e-01 4.3290e-04 2.3203e-07 1.0000e-15 1.0000e-15 1.0000e-15 1.0000e-15 1.0000e-15 1.0000e-15 1.0000e-15
2.8200e+00 7.3446e-01 3.9401e-04 2.1119e-07 1.0000e-15 1.0000e-15 1.0000e-15 1.0000e-15 1.0000e-15 1.0000e-15 1.0000e-15
2.8300e+00 6.6848e-01 3.5861e-04 1.9221e-07 1.0000e-15 1.0000e-15 1.0000e-15 1.0000e-15 1.0000e-15 1.0000e-15 1.0000e-15
2.8400e+00 6.0842e-01 3.2640e-04 1.7495e-07 1.0000e-15 1.0000e-15 1.0000e-15 1.0000e-15 1.0000e-15 1.0000e-15 1.0000e-15
2.8500e+00 5.5376e-01 2.9707e-04 1.5923e-07 1.0000e-15 1.0000e-15 1.0000e-15 1.0000e-15 1.0000e-15 1.0000e-15 1.0000e-15
2.8600e+00 5.0402e-01 2.7038e-04 1.4493e-07 1.0000e-15 1.0000e-15 1.0000e-15 1.0000e-15 1.0000e-15 1.0000e-15 1.0000e-15
2.8700e+00 4.5874e-01 2.4609e-04 1.3191e-07 1.0000e-15 1.0000e-15 1.0000e-15 1.0000e-15 1.0000e-15 1.0000e-15 1.0000e-15
2.8800e+00 4.1753e-01 2.2399e-04 1.2006e-07 1.0000e-15 1.0000e-15 1.0000e-15 1.0000e-15 1.0000e-15 1.0000e-15 1.0000e-15
2.8900e+00 3.8002e-01 2.0386e-04 1.0927e-07 1.0000e-15 1.0000e-15 1.0000e-15 1.0000e-15 1.0000e-15 1.0000e-15 1.0000e-15
2.9000e+00 3.4588e-01 1.8555e-04 9.9454e-08 1.0000e-15 1.0000e-15 1.0000e-15 1.0000e-15 1.0000e-15 1.0000e-15 1.0000e-15
2.9100e+00 3.1480e-01 1.6888e-04 9.0519e-08 1.0000e-15 1.0000e-15 1.0000e-15 1.0000e-15 1.0000e-15 1.0000e-15 1.0000e-15
2.9200e+00 2.8652e-01 1.5371e-04 8.2387e-08 1.0000e-15 1.0000e-15 1.0000e-15 1.0000e-15 1.0000e-15 1.0000e-15 1.0000e-15
2.9300e+00 2.6078e-01 1.3990e-04 7.4986e-08 1.0000e-15 1.0000e-15 1.0000e-15 1.0000e-15 1.0000e-15 1.0000e-15 1.0000e-15
2.9400e+00 2.3735e-01 1.2733e-04 6.8249e-08 1.0000e-15 1.0000e-15 1.0000e-15 1.0000e-15 1.0000e-15 1.0000e-15 1.0000e-15
2.9500e+00 2.1603e-01 1.1589e-04 6.2118e-08 1.0000e-15 1.0000e-15 1.0000e-15 1.0000e-15 1.0000e-15 1.0000e-15 1.0000e-15
2.9600e+00 1.9662e-01 1.0548e-04 5.6538e-08 1.0000e-15 1.0000e-15 1.0000e-15 1.0000e-15 1.0000e-15 1.0000e-15 1.0000e-15
2.9700e+00 1.7896e-01 9.6005e-05 5.1458e-08 1.0000e-15 1.0000e-15 1.0000e-15 1.0000e-15 1.0000e-15 1.0000e-15 1.0000e-15
2.9800e+00 1.6288e-01 8.7380e-05 4.6835e-08 1.0000e-15 1.0000e-15 1.0000e-15 1.0000e-15 1.0000e-15 1.0000e-15 1.0000e-15
2.9900e+00 1.4825e-01 7.9530e-05 4.2628e-08 1.0000e-15 1.0000e-15 1.0000e-15 1.0000e-15 1.0000e-15 1.0000e-15 1.0000e-15
3.0000e+00 1.3493e-01 7.2386e-05 3.8798e-08 1.0000e-15 1.0000e-15 1.0000e-15 1.0000e-15 1.0000e-15 1.0000e-15 1.0000e-15
3.0100e+00 1.2281e-01 6.5883e-05 3.5313e-08 1.0000e-15 1.0000e-15 1.0000e-15 1.0000e-15 1.0000e-15 1.0000e-15 1.0000e-15
3.0200e+00 1.1178e-01 5.9964e-05 3.2140e-08 1.0000e-15 1.0000e-15 1.0000e-15 1.0000e-15 1.0000e-15 1.0000e-15 1.0000e-15
3.0300e+00 1.0174e-01 5.4577e-05 2.9253e-08 1.0000e-15 1.0000e-15 1.0000e-15 1.0000e-15 1.0000e-15 1.0000e-15 1.0000e-15
3.0400e+00 9.2596e-02 4.9674e-05 2.6625e-08 1.0000e-15 1.0000e-15 1.0000e-15 1.0000e-15 1.0000e-15 1.0000e-15 1.0000e-15
3.0500e+00 8.4277e-02 4.5211e-05 2.4233e-08 1.0000e-15 1.0000e-15 1.0000e-15 1.0000e-15 1.0000e-15 1.0000e-15 1.0000e-15
3.0600e+00 7.6706e-02 4.1150e-05 2.2056e-08 1.0000e-15 1.0000e-15 1.0000e-15 1.0000e-15 1.0000e-15 1.0000e-15 1.0000e-15
3.0700e+00 6.9815e-02 3.7453e-05 2.0075e-08 1.0000e-15 1.0000e-15 1.0000e-15 1.0000e-15 1.0000e-15 1.0000e-15 1.0000e-15
3.0800e+00 6.3543e-02 3.4088e-05 1.8271e-08 1.0000e-15 1.0000e-15 1.0000e-15 1.0000e-15 1.0000e-15 1.0000e-15 1.0000e-15
3.0900e+00 5.7834e-02 3.1026e-05 1.6630e-08 1.0000e-15 1.0000e-15 1.0000e-15 1.0000e-15 1.0000e-15 1.0000e-15 1.0000e-15
3.1000e+00 5.2639e-02 2.8239e-05 1.5136e-08 1.0000e-15 1.0000e-15 1.0000e-15 1.0000e-15 1.0000e-15 1.0000e-15 1.0000e-15
3.1100e+00 4.7910e-02 2.5702e-05 1.3776e-08 1.0000e-15 1.0000e-15 1.0000e-15 1.0000e-15 1.0000e-15 1.0000e-15 1.0000e-15
3.1200e+00 4.3606e-02 2.3393e-05 1.2538e-08 1.0000e-15 1.0000e-15 1.0000e-15 1.0000e-15 1.0000e-15 1.0000e-15 1.0000e-15
3.1300e+00 3.9688e-02 2.1291e-05 1.1412e-08 1.0000e-15 1.0000e-15 1.0000e-15 1.0000e-15 1.0000e-15 1.0000e-15 1.0000e-15
3.1400e+00 3.6123e-02 1.9379e-05 1.0387e-08 1.0000e-15 1.0000e-15 1.0000e-15 1.0000e-15 1.0000e-15 1.0000e-15 1.0000e-15
3.1500e+00 3.2878e-02 1.7638e-05 9.4537e-09 1.0000e-15 1.0000e-15 1.0000e-15 1.0000e-15 1.0000e-15 1.0000e-15 1.0000e-15
3.1600e+00 2.9924e-02 1.6053e-05 8.6044e-09 1.0000e-15 1.0000e-15 1.0000e-15 1.0000e-15 1.0000e-15 1.0000e-15 1.0000e-15
3.1700e+00 2.7236e-02 1.4611e-05 7.8314e-09 1.0000e-15 1.0000e-15 1.0000e-15 1.0000e-15 1.0000e-15 1.0000e-15 1.0000e-15
3.1800e+00 2.4789e-02 1.3298e-05 7.1279e-09 1.0000e-15 1.0000e-15 1.0000e-15 1.0000e-15 1.0000e-15 1.0000e-15 1.0000e-15
3.1900e+00 2.2562e-02 1.2104e-05 6.4875e-09 1.0000e-15 1.0000e-15 1.0000e-15 1.0000e-15 1.0000e-15 1.0000e-15 1.0000e-15
3.2000e+00 2.0535e-02 1.1016e-05 5.9047e-09 1.0000e-15 1.0000e-15 1.0000e-15 1.0000e-15 1.0000e-15 1.0000e-15 1.0000e-15
3.2100e+00 3.4906e+01 1.8690e-02 1.0027e-05 5.3742e-09 1.0000e-15 1.0000e-15 1.0000e-15 1.0000e-15 1.0000e-15 1.0000e-15
3.2200e+00 3.1747e+01 1.7011e-02 9.1259e-06 4.8914e-09 1.0000e-15 1.0000e-15 1.0000e-15 1.0000e-15 1.0000e-15 1.0000e-15
3.2300e+00 2.8882e+01 1.5483e-02 8.3060e-06 4.4520e-09 1.0000e-15 1.0000e-15 1.0000e-15 1.0000e-15 1.0000e-15 1.0000e-15
3.2400e+00 2.6280e+01 1.4092e-02 7.5599e-06 4.0520e-09 1.0000e-15 1.0000e-15 1.0000e-15 1.0000e-15 1.0000e-15 1.0000e-15
3.2500e+00 2.3915e+01 1.2826e-02 6.8807e-06 3.6880e-09 1.0000e-15 1.0000e-15 1.0000e-15 1.0000e-15 1.0000e-15 1.0000e-15
3.2600e+00 2.1765e+01 1.1674e-02 6.2626e-06 3.3567e-09 1.0000e-15 1.0000e-15 1.0000e-15 1.0000e-15 1.0000e-15 1.0000e-15
3.2700e+00 1.9808e+01 1.0625e-02 5.6999e-06 3.0551e-09 1.0000e-15 1.0000e-15 1.0000e-15 1.0000e-15 1.0000e-15 1.0000e-15
3.2800e+00 1.8028e+01 9.6706e-03 5.1879e-06 2.7807e-09 1.0000e-15 1.0000e-15 1.0000e-15 1.0000e-15 1.0000e-15 1.0000e-15
3.2900e+00 1.6408e+01 8.8018e-03 4.7218e-06 2.5309e-09 1.0000e-15 1.0000e-15 1.0000e-15 1.0000e-15 1.0000e-15 1.0000e-15
3.3000e+00 1.4934e+01 8.0111e-03 4.2976e-06 2.3035e-09 1.0000e-15 1.0000e-15 1.0000e-15 1.0000e-15 1.0000e-15 1.0000e-15
3.3100e+00 1.3592e+01 7.2914e-03 3.9115e-06 2.0966e-09 1.0000e-15 1.0000e-15 1.0000e-15 1.0000e-15 1.0000e-15 1.0000e-15
3.3200e+00 1.2371e+01 6.6363e-03 3.5601e-06 1.9082e-09 1.0000e-15 1.0000e-15 1.0000e-15 1.0000e-15 1.0000e-15 1.0000e-15
3.3300e+00 1.1259e+01 6.0402e-03 3.2403e-06 1.7368e-09 1.0000e-15 1.0000e-15 1.0000e-15 1.0000e-15 1.0000e-15 1.0000e-15
3.3400e+00 1.0248e+01 5.4975e-03 2.9492e-06 1.5807e-09 1.0000e-15 1.0000e-15 1.0000e-15 1.0000e-15 1.0000e-15 1.0000e-15
3.3500e+00 9.3272e+00 5.0036e-03 2.6843e-06 1.4387e-09 1.0000e-15 1.0000e-15 1.0000e-15 1.0000e-15 1.0000e-15 1.0000e-15
3.3600e+00 8.4892e+00 4.5541e-03 2.4431e-06 1.3095e-09 1.0000e-15 1.0000e-15 1.0000e-15 1.0000e-15 1.0000e-15 1.0000e-15
3.3700e+00 7.7266e+00 4.1450e-03 2.2236e-06 1.1918e-09 1.0000e-15 1.0000e-15 1.0000e-15 1.0000e-15 1.0000e-15 1.0000e-15
3.3800e+00 7.0324e+00 3.7726e-03 2.0239e-06 1.0848e-09 1.0000e-15 1.0000e-15 1.0000e-15 1.0000e-15 1.0000e-15 1.0000e-15
3.3900e+00 6.4007e+00 3.4337e-03 1.8421e-06 9.8733e-10 1.0000e-15 1.0000e-15 1.0000e-15 1.0000e-15 1.0000e-15 1.0000e-15
3.4000e+00 5.8256e+00 3.1252e-03 1.6766e-06 8.9863e-10 1.0000e-15 1.0000e-15 1.0000e-15 1.0000e-15 1.0000e-15 1.0000e-15
3.4100e+00 5.3023e+00 2.8445e-03 1.5259e-06 8.1789e-10 1.0000e-15 1.0000e-15 1.0000e-15 1.0000e-15 1.0000e-15 1.0000e-15
3.4200e+00 4.8259e+00 2.5889e-03 1.3889e-06 7.4441e-10 1.0000e-15 1.0000e-15 1.0000e-15 1.0000e-15 1.0000e-15 1.0000e-15
3.4300e+00 4.3924e+00 2.3564e-03 1.2641e-06 6.7754e-10 1.0000e-15 1.0000e-15 1.0000e-15 1.0000e-15 1.0000e-15 1.0000e-15
3.4400e+00 3.9978e+00 2.1447e-03 1.1505e-06 6.1668e-10 1.0000e-15 1.0000e-15 1.0000e-15 1.0000e-15 1.0000e-15 1.0000e-15
3.4500e+00 3.6387e+00 1.9520e-03 1.0472e-06 5.6128e-10 1.0000e-15 1.0000e-15 1.0000e-15 1.0000e-15 1.0000e-15 1.0000e-15
3.4600e+00 3.3118e+00 1.7766e-03 9.5310e-07 5.1086e-10 1.0000e-15 1.0000e-15 1.0000e-15 1.0000e-15 1.0000e-15 1.0000e-15
3.4700e+00 3.0142e+00 1.6170e-03 8.6747e-07 4.6496e-10 1.0000e-15 1.0000e-15 1.0000e-15 1.0000e-15 1.0000e-15 1.0000e-15
3.4800e+00 2.7435e+00 1.4718e-03 7.8954e-07 4.2319e-10 1.0000e-15 1.0000e-15 1.0000e-15 1.0000e-15 1.0000e-15 1.0000e-15
3.4900e+00 2.4970e+00 1.3395e-03 7.1861e-07 3.8517e-10 1.0000e-15 1.0000e-15 1.0000e-15 1.0000e-15 1.0000e-15 1.0000e-15
3.5000e+00 2.2727e+00 1.2192e-03 6.5405e-07 3.5056e-10 1.0000e-15 1.0000e-15 1.0000e-15 1.0000e-15 1.0000e-15 1.0000e-15
3.5100e+00 2.0685e+00 1.1097e-03 5.9530e-07 3.1908e-10 1.0000e-15 1.0000e-15 1.0000e-15 1.0000e-15 1.0000e-15 1.0000e-15
3.5200e+00 1.8827e+00 1.0100e-03 5.4182e-07 2.9041e-10 1.0000e-15 1.0000e-15 1.0000e-15 1.0000e-15 1.0000e-15 1.0000e-15
3.5300e+00 1.7135e+00 9.1925e-04 4.9314e-07 2.6431e-10 1.0000e-15 1.0000e-15 1.0000e-15 1.0000e-15 1.0000e-15 1.0000e-15
3.5400e+00 1.5596e+00 8.3667e-04 4.4884e-07 2.4056e-10 1.0000e-15 1.0000e-15 1.0000e-15 1.0000e-15 1.0000e-15 1.0000e-15
3.5500e+00 1.4195e+00 7.6150e-04 4.0852e-07 2.1897e-10 1.0000e-15 1.0000e-15 1.0000e-15 1.0000e-15 1.0000e-15 1.0000e-15
3.5600e+00 1.2920e+00 6.9309e-04 3.7182e-07 1.9930e-10 1.0000e-15 1.0000e-15 1.0000e-15 1.0000e-15 1.0000e-15 1.0000e-15
3.5700e+00 1.1759e+00 6.3083e-04 3.3841e-07 1.8141e-10 1.0000e-15 1.0000e-15 1.0000e-15 1.0000e-15 1.0000e-15 1.0000e-15
3.5800e+00 1.0703e+00 5.7415e-04 3.0801e-07 1.6510e-10 1.0000e-15 1.0000e-15 1.0000e-15 1.0000e-15 1.0000e-15 1.0000e-15
3.5900e+00 9.7411e-01 5.2257e-04 2.8034e-07 1.5027e-10 1.0000e-15 1.0000e-15 1.0000e-15 1.0000e-15 1.0000e-15 1.0000e-15
3.6000e+00 8.8660e-01 4.7563e-04 2.5516e-07 1.3676e-10 1.0000e-15 1.0000e-15 1.0000e-15 1.0000e-15 1.0000e-15 1.0000e-15
3.6100e+00 8.0695e-01 4.3290e-04 2.3223e-07 1.2447e-10 1.0000e-15 1.0000e-15 1.0000e-15 1.0000e-15 1.0000e-15 1.0000e-15
3.6200e+00 7.3446e-01 3.9401e-04 2.1137e-07 1.1330e-10 1.0000e-15 1.0000e-15 1.0000e-15 1.0000e-15 1.0000e-15 1.0000e-15
3.6300e+00 6.6848e-01 3.5861e-04 1.9238e-07 1.0313e-10 1.0000e-15 1.0000e-15 1.0000e-15 1.0000e-15 1.0000e-15 1.0000e-15
3.6400e+00 6.0842e-01 3.2640e-04 1.7510e-07 9.3864e-11 1.0000e-15 1.0000e-15 1.0000e-15 1.0000e-15 1.0000e-15 1.0000e-15
3.6500e+00 5.5376e-01 2.9707e-04 1.5937e-07 8.5433e-11 1.0000e-15 1.0000e-15 1.0000e-15 1.0000e-15 1.0000e-15 1.0000e-15
3.6600e+00 5.0402e-01 2.7039e-04 1.4505e-07 7.7759e-11 1.0000e-15 1.0000e-15 1.0000e-15 1.0000e-15 1.0000e-15 1.0000e-15
3.6700e+00 4.5874e-01 2.4609e-04 1.3202e-07 7.0771e-11 1.0000e-15 1.0000e-15 1.0000e-15 1.0000e-15 1.0000e-15 1.0000e-15
3.6800e+00 4.1753e-01 2.2399e-04 1.2016e-07 6.4412e-11 1.0000e-15 1.0000e-15 1.0000e-15 1.0000e-15 1.0000e-15 1.0000e-15
3.6900e+00 3.8002e-01 2.0386e-04 1.0937e-07 5.8626e-11 1.0000e-15 1.0000e-15 1.0000e-15 1.0000e-15 1.0000e-15 1.0000e-15
3.7000e+00 3.4588e-01 1.8555e-04 9.9540e-08 5.3353e-11 1.0000e-15 1.0000e-15 1.0000e-15 1.0000e-15 1.0000e-15 1.0000e-15
3.7100e+00 3.1480e-01 1.6888e-04 9.0598e-08 4.8557e-11 1.0000e-15 1.0000e-15 1.0000e-15 1.0000e-15 1.0000e-15 1.0000e-15
3.7200e+00 2.8652e-01 1.5371e-04 8.2459e-08 4.4184e-11 1.0000e-15 1.0000e-15 1.0000e-15 1.0000e-15 1.0000e-15 1.0000e-15
3.7300e+00 2.6078e-01 1.3990e-04 7.5051e-08 4.0205e-11 1.0000e-15 1.0000e-15 1.0000e-15 1.0000e-15 1.0000e-15 1.0000e-15
3.7400e+00 2.3735e-01 1.2733e-04 6.8308e-08 3.6586e-11 1.0000e-15 1.0000e-15 1.0000e-15 1.0000e-15 1.0000e-15 1.0000e-15
3.7500e+00 2.1603e-01 1.1589e-04 6.2172e-08 3.3300e-11 1.0000e-15 1.0000e-15 1.0000e-15 1.0000e-15 1.0000e-15 1.0000e-15
3.7600e+00 1.9662e-01 1.0548e-04 5.6587e-08 3.0303e-11 1.0000e-15 1.0000e-15 1.0000e-15 1.0000e-15 1.0000e-15 1.0000e-15
3.7700e+00 1.7896e-01 9.6005e-05 5.1503e-08 2.7575e-11 1.0000e-15 1.0000e-15 1.0000e-15 1.0000e-15 1.0000e-15 1.0000e-15
3.7800e+00 1.6288e-01 8.7380e-05 4.6876e-08 2.5089e-11 1.0000e-15 1.0000e-15 1.0000e-15 1.0000e-15 1.0000e-15 1.0000e-15
3.7900e+00 1.4825e-01 7.9530e-05 4.2665e-08 2.2838e-11 1.0000e-15 1.0000e-15 1.0000e-15 1.0000e-15 1.0000e-15 1.0000e-15
3.8000e+00 1.3493e-01 7.2386e-05 3.8832e-08 2.0787e-11 1.0000e-15 1.0000e-15 1.0000e-15 1.0000e-15 1.0000e-15 1.0000e-15
3.8100e+00 1.2281e-01 6.5883e-05 3.5343e-08 1.8913e-11 1.0000e-15 1.0000e-15 1.0000e-15 1.0000e-15 1.0000e-15 1.0000e-15
3.8200e+00 1.1178e-01 5.9964e-05 3.2168e-08 1.7218e-11 1.0000e-15 1.0000e-15 1.0000e-15 1.0000e-15 1.0000e-15 1.0000e-15
3.8300e+00 1.0174e-01 5.4577e-05 2.9278e-08 1.5674e-11 1.0000e-15 1.0000e-15 1.0000e-15 1.0000e-15 1.0000e-15 1.0000e-15
3.8400e+00 9.2596e-02 4.9674e-05 2.6648e-08 1.4266e-11 1.0000e-15 1.0000e-15 1.0000e-15 1.0000e-15 1.0000e-15 1.0000e-15
3.8500e+00 8.4277e-02 4.5211e-05 2.4254e-08 1.2985e-11 1.0000e-15 1.0000e-15 1.0000e-15 1.0000e-15 1.0000e-15 1.0000e-15
3.8600e+00 7.6706e-02 4.1150e-05 2.2075e-08 1.1819e-11 1.0000e-15 1.0000e-15 1.0000e-15 1.0000e-15 1.0000e-15 1.0000e-15
3.8700e+00 6.9815e-02 3.7453e-05 2.0092e-08 1.0759e-11 1.0000e-15 1.0000e-15 1.0000e-15 1.0000e-15 1.0000e-15 1.0000e-15
3.8800e+00 6.3543e-02 3.4088e-05 1.8287e-08 9.7971e-12 1.0000e-15 1.0000e-15 1.0000e-15 1.0000e-15 1.0000e-15 1.0000e-15
3.8900e+00 5.7834e-02 3.1026e-05 1.6644e-08 8.9243e-12 1.0000e-15 1.0000e-15 1.0000e-15 1.0000e-15 1.0000e-15 1.0000e-15
3.9000e+00 5.2639e-02 2.8239e-05 1.5149e-08 8.1238e-12 1.0000e-15 1.0000e-15 1.0000e-15 1.0000e-15 1.0000e-15 1.0000e-15
3.9100e+00 4.7910e-02 2.5702e-05 1.3788e-08 7.3824e-12 1.0000e-15 1.0000e-15 1.0000e-15 1.0000e-15 1.0000e-15 1.0000e-15
3.9200e+00 4.3606e-02 2.3393e-05 1.2549e-08 6.7142e-12 1.0000e-15 1.0000e-15 1.0000e-15 1.0000e-15 1.0000e-15 1.0000e-15
3.9300e+00 3.9688e-02 2.1291e-05 1.1422e-08 6.1193e-12 1.0000e-15 1.0000e-15 1.0000e-15 1.0000e-15 1.0000e-15 1.0000e-15
3.9400e+00 3.6123e-02 1.9379e-05 1.0396e-08 5.5724e-12 1.0000e-15 1.0000e-15 1.0000e-15 1.0000e-15 1.0000e-15 1.0000e-15
3.9500e+00 3.2878e-02 1.7638e-05 9.4619e-09 5.0596e-12 1.0000e-15 1.0000e-15 1.0000e-15 1.0000e-15 1.0000e-15 1.0000e-15
3.9600e+00 2.9924e-02 1.6053e-05 8.6119e-09 4.6033e-12 1.0000e-15 1.0000e-15 1.0000e-15 1.0000e-15 1.0000e-15 1.0000e-15
3.9700e+00 2.7236e-02 1.4611e-05 7.8382e-09 4.1865e-12 1.0000e-15 1.0000e-15 1.0000e-15 1.0000e-15 1.0000e-15 1.0000e-15
3.9800e+00 2.4789e-02 1.3298e-05 7.1341e-09 3.8128e-12 1.0000e-15 1.0000e-15 1.0000e-15 1.0000e-15 1.0000e-15 1.0000e-15
3.9900e+00 2.2562e-02 1.2104e-05 6.4932e-09 3.4718e-12 1.0000e-15 1.0000e-15 1.0000e-15 1.0000e-15 1.0000e-15 1.0000e-15
4.0000e+00 2.0535e-02 1.1016e-05 5.9098e-09 3.1588e-12 1.0000e-15 1.0000e-15 1.0000e-15 1.0000e-15 1.0000e-15 1.0000e-15
4.0100e+00 3.4906e+01 1.8690e-02 1.0027e-05 5.3789e-09 2.8767e-12 1.0000e-15 1.0000e-15 1.0000e-15 1.0000e-15 1.0000e-15
4.0200e+00 3.1747e+01 1.7011e-02 9.1259e-06 4.8957e-09 2.6201e-12 1.0000e-15 1.0000e-15 1.0000e-15 1.0000e-15 1.0000e-15
4.0300e+00 2.8882e+01 1.5483e-02 8.3060e-06 4.4559e-09 2.3837e-12 1.0000e-15 1.0000e-15 1.0000e-15 1.0000e-15 1.0000e-15
4.0400e+00 2.6280e+01 1.4092e-02 7.5599e-06 4.0556e-09 2.1670e-12 1.0000e-15 1.0000e-15 1.0000e-15 1.0000e-15 1.0000e-15
4.0500e+00 2.3915e+01 1.2826e-02 6.8807e-06 3.6912e-09 1.9706e-12 1.0000e-15 1.0000e-15 1.0000e-15 1.0000e-15 1.0000e-15
4.0600e+00 2.1765e+01 1.1674e-02 6.2626e-06 3.3596e-09 1.7944e-12 1.0000e-15 1.0000e-15 1.0000e-15 1.0000e-15 1.0000e-15
4.0700e+00 1.9808e+01 1.0625e-02 5.7000e-06 3.0578e-09 1.6335e-12 1.0000e-15 1.0000e-15 1.0000e-15 1.0000e-15 1.0000e-15
4.0800e+00 1.8028e+01 9.6706e-03 5.1879e-06 2.7831e-09 1.4888e-12 1.0000e-15 1.0000e-15 1.0000e-15 1.0000e-15 1.0000e-15
4.0900e+00 1.6408e+01 8.8018e-03 4.7218e-06 2.5331e-09 1.3568e-12 1.0000e-15 1.0000e-15 1.0000e-15 1.0000e-15 1.0000e-15
4.1000e+00 1.4934e+01 8.0111e-03 4.2976e-06 2.3055e-09 1.2355e-12 1.0000e-15 1.0000e-15 1.0000e-15 1.0000e-15 1.0000e-15
4.1100e+00 1.3592e+01 7.2914e-03 3.9115e-06 2.0984e-09 1.1195e-12 1.0000e-15 1.0000e-15 1.0000e-15 1.0000e-15 1.0000e-15
4.1200e+00 1.2371e+01 6.6363e-03 3.5601e-06 1.9099e-09 1.0159e-12 1.0000e-15 1.0000e-15 1.0000e-15 1.0000e-15 1.0000e-15
4.1300e+00 1.1259e+01 6.0402e-03 3.2403e-06 1.7383e-09 9.3406e-13 1.0000e-15 1.0000e-15 1.0000e-15 1.0000e-15 1.0000e-15
4.1400e+00 1.0248e+01 5.4975e-03 2.9492e-06 1.5821e-09 8.3880e-13 1.0000e-15 1.0000e-15 1.0000e-15 1.0000e-15 1.0000e-15
4.1500e+00 9.3272e+00 5.0036e-03 2.6843e-06 1.4400e-09 7.7601e-13 1.0000e-15 1.0000e-15 1.0000e-15 1.0000e-15 1.0000e-15
4.1600e+00 8.4892e+00 4.5541e-03 2.4431e-06 1.3106e-09 7.0342e-13 1.0000e-15 1.0000e-15 1.0000e-15 1.0000e-15 1.0000e-15
4.1700e+00 7.7266e+00 4.1450e-03 2.2236e-06 1.1929e-09 6.5198e-13 1.0000e-15 1.0000e-15 1.0000e-15 1.0000e-15 1.0000e-15
4.1800e+00 7.0324e+00 3.7726e-03 2.0239e-06 1.0857e-09 5.7890e-13 1.0000e-15 1.0000e-15 1.0000e-15 1.0000e-15 1.0000e-15
4.1900e+00 6.4007e+00 3.4337e-03 1.8421e-06 9.8818e-10 5.2835e-13 1.0000e-15 1.0000e-15 1.0000e-15 1.0000e-15 1.0000e-15
4.2000e+00 5.8256e+00 3.1252e-03 1.6766e-06 8.9940e-10 4.6796e-13 1.0000e-15 1.0000e-15 1.0000e-15 1.0000e-15 1.0000e-15
4.2100e+00 5.3023e+00 2.8445e-03 1.5260e-06 8.1860e-10 4.3190e-13 1.0000e-15 1.0000e-15 1.0000e-15 1.0000e-15 1.0000e-15
4.2200e+00 4.8259e+00 2.5889e-03 1.3889e-06 7.4506e-10 3.8914e-13 1.0000e-15 1.0000e-15 1.0000e-15 1.0000e-15 1.0000e-15
4.2300e+00 4.3924e+00 2.3564e-03 1.2641e-06 6.7812e-10 3.5602e-13 1.0000e-15 1.0000e-15 1.0000e-15 1.0000e-15 1.0000e-15
4.2400e+00 3.9978e+00 2.1447e-03 1.1505e-06 6.1720e-10 3.1978e-13 1.0000e-15 1.0000e-15 1.0000e-15 1.0000e-15 1.0000e-15
4.2500e+00 3.6387e+00 1.9520e-03 1.0472e-06 5.6176e-10 2.9297e-13 1.0000e-15 1.0000e-15 1.0000e-15 1.0000e-15 1.0000e-15
4.2600e+00 3.3118e+00 1.7766e-03 9.5310e-07 5.1129e-10 2.6660e-13 1.0000e-15 1.0000e-15 1.0000e-15 1.0000e-15 1.0000e-15
4.2700e+00 3.0142e+00 1.6170e-03 8.6747e-07 4.6536e-10 2.4239e-13 1.0000e-15 1.0000e-15 1.0000e-15 1.0000e-15 1.0000e-15
4.2800e+00 2.7435e+00 1.4718e-03 7.8954e-07 4.2356e-10 2.1953e-13 1.0000e-15 1.0000e-15 1.0000e-15 1.0000e-15 1.0000e-15
4.2900e+00 2.4970e+00 1.3395e-03 7.1861e-07 3.8551e-10 1.9883e-13 1.0000e-15 1.0000e-15 1.0000e-15 1.0000e-15 1.0000e-15
4.3000e+00 2.2727e+00 1.2192e-03 6.5405e-07 3.5088e-10 1.8593e-13 1.0000e-15 1.0000e-15 1.0000e-15 1.0000e-15 1.0000e-15
4.3100e+00 2.0685e+00 1.1097e-03 5.9530e-07 3.1935e-10 1.7115e-13 1.0000e-15 1.0000e-15 1.0000e-15 1.0000e-15 1.0000e-15
4.3200e+00 1.8827e+00 1.0100e-03 5.4182e-07 2.9067e-10 1.5308e-13 1.0000e-15 1.0000e-15 1.0000e-15 1.0000e-15 1.0000e-15
4.3300e+00 1.7135e+00 9.1925e-04 4.9314e-07 2.6455e-10 1.3494e-13 1.0000e-15 1.0000e-15 1.0000e-15 1.0000e-15 1.0000e-15
4.3400e+00 1.5596e+00 8.3667e-04 4.4884e-07 2.4078e-10 1.1313e-13 1.0000e-15 1.0000e-15 1.0000e-15 1.0000e-15 1.0000e-15
4.3500e+00 1.4195e+00 7.6150e-04 4.0852e-07 2.1914e-10 1.0412e-13 1.0000e-15 1.0000e-15 1.0000e-15 1.0000e-15 1.0000e-15
4.3600e+00 1.2920e+00 6.9309e-04 3.7182e-07 1.9944e-10 8.9129e-14 1.0000e-15 1.0000e-15 1.0000e-15 1.0000e-15 1.0000e-15
4.3700e+00 1.1759e+00 6.3083e-04 3.3841e-07 1.8152e-10 8.0972e-14 1.0000e-15 1.0000e-15 1.0000e-15 1.0000e-15 1.0000e-15
4.3800e+00 1.0703e+00 5.7415e-04 3.0801e-07 1.6521e-10 6.3101e-14 1.0000e-15 1.0000e-15 1.0000e-15 1.0000e-15 1.0000e-15
4.3900e+00 9.7411e-01 5.2257e-04 2.8034e-07 1.5038e-10 5.9030e-14 1.0000e-15 1.0000e-15 1.0000e-15 1.0000e-15 1.0000e-15
4.4000e+00 8.8660e-01 4.7563e-04 2.5516e-07 1.3689e-10 5.6847e-14 1.0000e-15 1.0000e-15 1.0000e-15 1.0000e-15 1.0000e-15
4.4100e+00 8.0695e-01 4.3290e-04 2.3223e-07 1.2459e-10 5.3328e-14 1.0000e-15 1.0000e-15 1.0000e-15 1.0000e-15 1.0000e-15
4.4200e+00 7.3446e-01 3.9401e-04 2.1137e-07 1.1340e-10 4.2790e-14 1.0000e-15 1.0000e-15 1.0000e-15 1.0000e-15 1.0000e-15
4.4300e+00 6.6848e-01 3.5861e-04 1.9238e-07 1.0322e-10 4.0097e-14 1.0000e-15 1.0000e-15 1.0000e-15 1.0000e-15 1.0000e-15
4.4400e+00 6.0842e-01 3.2640e-04 1.7510e-07 9.3945e-11 3.4883e-14 1.0000e-15 1.0000e-15 1.0000e-15 1.0000e-15 1.0000e-15
4.4500e+00 5.5376e-01 2.9707e-04 1.5937e-07 8.5504e-11 3.0213e-14 1.0000e-15 1.0000e-15 1.0000e-15 1.0000e-15 1.0000e-15
4.4600e+00 5.0402e-01 2.7039e-04 1.4505e-07 7.7823e-11 2.8345e-14 1.0000e-15 1.0000e-15 1.0000e-15 1.0000e-15 1.0000e-15
4.4700e+00 4.5874e-01 2.4609e-04 1.3202e-07 7.0831e-11 2.5091e-14 1.0000e-15 1.0000e-15 1.0000e-15 1.0000e-15 1.0000e-15
4.4800e+00 4.1753e-01 2.2399e-04 1.2016e-07 6.4468e-11 2.7745e-14 1.0000e-15 1.0000e-15 1.0000e-15 1.0000e-15 1.0000e-15
4.4900e+00 3.8002e-01 2.0386e-04 1.0937e-07 5.8678e-11 2.3728e-14 1.0000e-15 1.0000e-15 1.0000e-15 1.0000e-15 1.0000e-15
4.5000e+00 3.4588e-01 1.8555e-04 9.9540e-08 5.3404e-11 1.9447e-14 1.0000e-15 1.0000e-15 1.0000e-15 1.0000e-15 1.0000e-15
4.5100e+00 3.1480e-01 1.6888e-04 9.0598e-08 4.8597e-11 1.4310e-14 1.0000e-15 1.0000e-15 1.0000e-15 1.0000e-15 1.0000e-15
4.5200e+00 2.8652e-01 1.5371e-04 8.2459e-08 4.4231e-11 2.0212e-14 1.0000e-15 1.0000e-15 1.0000e-15 1.0000e-15 1.0000e-15
4.5300e+00 2.6078e-01 1.3990e-04 7.5051e-08 4.0248e-11 1.9128e-14 1.0000e-15 1.0000e-15 1.0000e-15 1.0000e-15 1.0000e-15
4.5400e+00 2.3735e-01 1.2733e-04 6.8309e-08 3.6648e-11 1.6126e-14 1.0000e-15 1.0000e-15 1.0000e-15 1.0000e-15 1.0000e-15
4.5500e+00 2.1603e-01 1.1589e-04 6.2172e-08 3.3373e-11 1.2707e-14 1.0000e-15 1.0000e-15 1.0000e-15 1.0000e-15 1.0000e-15
4.5600e+00 1.9662e-01 1.0548e-04 5.6587e-08 3.0371e-11 1.6384e-14 1.0000e-15 1.0000e-15 1.0000e-15 1.0000e-15 1.0000e-15
4.5700e+00 1.7896e-01 9.6005e-05 5.1503e-08 2.7650e-11 1.8491e-14 1.0000e-15 1.0000e-15 1.0000e-15 1.0000e-15 1.0000e-15
4.5800e+00 1.6288e-01 8.7380e-05 4.6876e-08 2.5155e-11 5.7556e-15 1.0000e-15 1.0000e-15 1.0000e-15 1.0000e-15 1.0000e-15
4.5900e+00 1.4825e-01 7.9530e-05 4.2665e-08 2.2889e-11 3.3896e-15 1.0000e-15 1.0000e-15 1.0000e-15 1.0000e-15 1.0000e-15
4.6000e+00 1.3493e-01 7.2386e-05 3.8832e-08 2.0837e-11 6.6036e-15 1.0000e-15 1.0000e-15 1.0000e-15 1.0000e-15 1.0000e-15
4.6100e+00 1.2281e-01 6.5883e-05 3.5344e-08 1.8964e-11 7.5372e-15 1.0000e-15 1.0000e-15 1.0000e-15 1.0000e-15 1.0000e-15
4.6200e+00 1.1178e-01 5.9964e-05 3.2168e-08 1.7262e-11 1.4544e-14 1.0000e-15 1.0000e-15 1.0000e-15 1.0000e-15 1.0000e-15
4.6300e+00 1.0174e-01 5.4577e-05 2.9278e-08 1.5714e-11 1.4990e-14 1.0000e-15 1.0000e-15 1.0000e-15 1.0000e-15 1.0000e-15
4.6400e+00 9.2596e-02 4.9674e-05 2.6648e-08 1.4300e-11 9.5804e-15 1.0000e-15 1.0000e-15 1.0000e-15 1.0000e-15 1.0000e-15
4.6500e+00 8.4277e-02 4.5211e-05 2.4254e-08 1.3012e-11 8.0278e-15 1.0000e-15 1.0000e-15 1.0000e-15 1.0000e-15 1.0000e-15
4.6600e+00 7.6706e-02 4.1150e-05 2.2075e-08 1.1843e-11 5.8900e-15 1.0000e-15 1.0000e-15 1.0000e-15 1.0000e-15 1.0000e-15
4.6700e+00 6.9815e-02 3.7453e-05 2.0092e-08 1.0776e-11 4.5477e-15 1.0000e-15 1.0000e-15 1.0000e-15 1.0000e-15 1.0000e-15
4.6800e+00 6.3543e-02 3.4088e-05 1.8287e-08 9.8101e-12 6.1022e-15 1.0000e-15 1.0000e-15 1.0000e-15 1.0000e-15 1.0000e-15
4.6900e+00 5.7834e-02 3.1026e-05 1.6644e-08 8.9332e-12 5.2513e-15 1.0000e-15 1.0000e-15 1.0000e-15 1.0000e-15 1.0000e-15
4.7000e+00 5.2639e-02 2.8239e-05 1.5149e-08 8.1301e-12 6.5020e-15 1.0000e-15 1.0000e-15 1.0000e-15 1.0000e-15 1.0000e-15
4.7100e+00 4.7910e-02 2.5702e-05 1.3788e-08 7.3981e-12 3.9873e-15 1.0000e-15 1.0000e-15 1.0000e-15 1.0000e-15 1.0000e-15
4.7200e+00 4.3606e-02 2.3393e-05 1.2549e-08 6.7321e-12 1.0000e-15 1.0000e-15 1.0000e-15 1.0000e-15 1.0000e-15 1.0000e-15
4.7300e+00 3.9688e-02 2.1291e-05 1.1422e-08 6.1129e-12 1.0000e-15 1.0000e-15 1.0000e-15 1.0000e-15 1.0000e-15 1.0000e-15
4.7400e+00 3.6123e-02 1.9379e-05 1.0396e-08 5.5572e-12 1.0000e-15 1.0000e-15 1.0000e-15 1.0000e-15 1.0000e-15 1.0000e-15
4.7500e+00 3.2878e-02 1.7638e-05 9.4619e-09 5.0706e-12 1.0000e-15 1.0000e-15 1.0000e-15 1.0000e-15 1.0000e-15 1.0000e-15
4.7600e+00 2.9924e-02 1.6053e-05 8.6119e-09 4.6238e-12 1.0000e-15 1.0000e-15 1.0000e-15 1.0000e-15 1.0000e-15 1.0000e-15
4.7700e+00 2.7236e-02 1.4611e-05 7.8382e-09 4.2160e-12 1.0000e-15 1.0000e-15 1.0000e-15 1.0000e-15 1.0000e-15 1.0000e-15
4.7800e+00 2.4789e-02 1.3298e-05 7.1341e-09 3.8291e-12 1.0000e-15 1.0000e-15 1.0000e-15 1.0000e-15 1.0000e-15 1.0000e-15
4.7900e+00 2.2562e-02 1.2104e-05 6.4932e-09 3.4838e-12 1.0000e-15 1.0000e-15 1.0000e-15 1.0000e-15 1.0000e-15 1.0000e-15
4.8000e+00 2.0535e-02 1.1016e-05 5.9098e-09 3.1655e-12 1.0000e-15 1.0000e-15 1.0000e-15 1.0000e-15 1.0000e-15 1.0000e-15
4.8100e+00 3.4906e+01 1.8690e-02 1.0027e-05 5.3789e-09 2.8722e-12 1.0000e-15 1.0000e-15 1.0000e-15 1.0000e-15 1.0000e-15
4.8200e+00 3.1747e+01 1.7011e-02 9.1259e-06 4.8957e-09 2.6160e-12 1.0000e-15 1.0000e-15 1.0000e-15 1.0000e-15 1.0000e-15
4.8300e+00 2.8882e+01 1.5483e-02 8.3060e-06 4.4559e-09 2.3761e-12 1.0000e-15 1.0000e-15 1.0000e-15 1.0000e-15 1.0000e-15
4.8400e+00 2.6280e+01 1.4092e-02 7.5599e-06 4.0556e-09 2.1613e-12 1.0000e-15 1.0000e-15 1.0000e-15 1.0000e-15 1.0000e-15
4.8500e+00 2.3915e+01 1.2826e-02 6.8807e-06 3.6912e-09 1.9660e-12 1.0000e-15 1.0000e-15 1.0000e-15 1.0000e-15 1.0000e-15
4.8600e+00 2.1765e+01 1.1674e-02 6.2626e-06 3.3596e-09 1.7879e-12 1.0000e-15 1.0000e-15 1.0000e-15 1.0000e-15 1.0000e-15
4.8700e+00 1.9808e+01 1.0625e-02 5.7000e-06 3.0578e-09 1.6269e-12 1.0000e-15 1.0000e-15 1.0000e-15 1.0000e-15 1.0000e-15
4.8800e+00 1.8028e+01 9.6706e-03 5.1879e-06 2.7831e-09 1.4805e-12 1.0000e-15 1.0000e-15 1.0000e-15 1.0000e-15 1.0000e-15
4.8900e+00 1.6408e+01 8.8018e-03 4.7218e-06 2.5331e-09 1.3438e-12 1.0000e-15 1.0000e-15 1.0000e-15 1.0000e-15 1.0000e-15
4.9000e+00 1.4934e+01 8.0111e-03 4.2976e-06 2.3055e-09 1.2251e-12 1.0000e-15 1.0000e-15 1.0000e-15 1.0000e-15 1.0000e-15
4.9100e+00 1.3592e+01 7.2914e-03 3.9115e-06 2.0984e-09 1.1163e-12 1.0000e-15 1.0000e-15 1.0000e-15 1.0000e-15 1.0000e-15
4.9200e+00 1.2371e+01 6.6363e-03 3.5601e-06 1.9099e-09 1.0163e-12 1.0000e-15 1.0000e-15 1.0000e-15 1.0000e-15 1.0000e-15
4.9300e+00 1.1259e+01 6.0402e-03 3.2403e-06 1.7383e-09 9.1649e-13 1.0000e-15 1.0000e-15 1.0000e-15 1.0000e-15 1.0000e-15
4.9400e+00 1.0248e+01 5.4975e-03 2.9492e-06 1.5821e-09 8.3642e-13 1.0000e-15 1.0000e-15 1.0000e-15 1.0000e-15 1.0000e-15
4.9500e+00 9.3272e+00 5.0036e-03 2.6843e-06 1.4400e-09 7.6076e-13 1.0000e-15 1.0000e-15 1.0000e-15 1.0000e-15 1.0000e-15
4.9600e+00 8.4892e+00 4.5541e-03 2.4431e-06 1.3106e-09 6.9256e-13 1.0000e-15 1.0000e-15 1.0000e-15 1.0000e-15 1.0000e-15
4.9700e+00 7.7266e+00 4.1450e-03 2.2236e-06 1.1929e-09 6.3066e-13 1.0000e-15 1.0000e-15 1.0000e-15 1.0000e-15 1.0000e-15
4.9800e+00 7.0324e+00 3.7726e-03 2.0239e-06 1.0857e-09 5.6758e-13 1.0000e-15 1.0000e-15 1.0000e-15 1.0000e-15 1.0000e-15
4.9900e+00 6.4007e+00 3.4337e-03 1.8421e-06 9.8818e-10 5.1068e-13 1.0000e-15 1.0000e-15 1.0000e-15 1.0000e-15 1.0000e-15
5.0000e+00 5.8256e+00 3.1252e-03 1.6766e-06 8.9941e-10 4.6966e-13 1.0000e-15 1.0000e-15 1.0000e-15 1.0000e-15 1.0000e-15
5.0100e+00 5.3023e+00 2.8445e-03 1.5260e-06 8.1861e-10 4.2113e-13 1.0000e-15 1.0000e-15 1.0000e-15 1.0000e-15 1.0000e-15
5.0200e+00 4.8259e+00 2.5889e-03 1.3889e-06 7.4507e-10 3.9236e-13 1.0000e-15 1.0000e-15 1.0000e-15 1.0000e-15 1.0000e-15
5.0300e+00 4.3924e+00 2.3564e-03 1.2641e-06 6.7813e-10 3.5471e-13 1.0000e-15 1.0000e-15 1.0000e-15 1.0000e-15 1.0000e-15
5.0400e+00 3.9978e+00 2.1447e-03 1.1505e-06 6.1720e-10 3.1858e-13 1.0000e-15 1.0000e-15 1.0000e-15 1.0000e-15 1.0000e-15
5.0500e+00 3.6387e+00 1.9520e-03 1.0472e-06 5.6176e-10 2.8935e-13 1.0000e-15 1.0000e-15 1.0000e-15 1.0000e-15 1.0000e-15
5.0600e+00 3.3118e+00 1.7766e-03 9.5310e-07 5.1129e-10 2.6341e-13 1.0000e-15 1.0000e-15 1.0000e-15 1.0000e-15 1.0000e-15
5.0700e+00 3.0142e+00 1.6170e-03 8.6747e-07 4.6536e-10 2.3943e-13 1.0000e-15 1.0000e-15 1.0000e-15 1.0000e-15 1.0000e-15
5.0800e+00 2.7435e+00 1.4718e-03 7.8954e-07 4.2355e-10 2.1358e-13 1.0000e-15 1.0000e-15 1.0000e-15 1.0000e-15 1.0000e-15
5.0900e+00 2.4970e+00 1.3395e-03 7.1861e-07 3.8550e-10 1.9470e-13 1.0000e-15 1.0000e-15 1.0000e-15 1.0000e-15 1.0000e-15
5.1000e+00 2.2727e+00 1.2192e-03 6.5405e-07 3.5087e-10 1.7835e-13 1.0000e-15 1.0000e-15 1.0000e-15 1.0000e-15 1.0000e-15
5.1100e+00 2.0685e+00 1.1097e-03 5.9530e-07 3.1935e-10 1.5430e-13 1.0000e-15 1.0000e-15 1.0000e-15 1.0000e-15 1.0000e-15
5.1200e+00 1.8827e+00 1.0100e-03 5.4182e-07 2.9066e-10 1.4504e-13 1.0000e-15 1.0000e-15 1.0000e-15 1.0000e-15 1.0000e-15
5.1300e+00 1.7135e+00 9.1925e-04 4.9314e-07 2.6454e-10 1.3182e-13 1.0000e-15 1.0000e-15 1.0000e-15 1.0000e-15 1.0000e-15
5.1400e+00 1.5596e+00 8.3667e-04 4.4884e-07 2.4078e-10 1.0561e-13 1.0000e-15 1.0000e-15 1.0000e-15 1.0000e-15 1.0000e-15
5.1500e+00 1.4195e+00 7.6150e-04 4.0852e-07 2.1915e-10 9.4303e-14 1.0000e-15 1.0000e-15 1.0000e-15 1.0000e-15 1.0000e-15
5.1600e+00 1.2920e+00 6.9309e-04 3.7182e-07 1.9947e-10 8.1088e-14 1.0000e-15 1.0000e-15 1.0000e-15 1.0000e-15 1.0000e-15
5.1700e+00 1.1759e+00 6.3083e-04 3.3841e-07 1.8155e-10 8.4489e-14 1.0000e-15 1.0000e-15 1.0000e-15 1.0000e-15 1.0000e-15
5.1800e+00 1.0703e+00 5.7415e-04 3.0801e-07 1.6524e-10 7.0304e-14 1.0000e-15 1.0000e-15 1.0000e-15 1.0000e-15 1.0000e-15
5.1900e+00 9.7411e-01 5.2257e-04 2.8034e-07 1.5040e-10 6.2327e-14 1.0000e-15 1.0000e-15 1.0000e-15 1.0000e-15 1.0000e-15
5.2000e+00 8.8660e-01 4.7563e-04 2.5516e-07 1.3689e-10 5.9077e-14 1.0000e-15 1.0000e-15 1.0000e-15 1.0000e-15 1.0000e-15
5.2100e+00 8.0695e-01 4.3290e-04 2.3223e-07 1.2459e-10 5.5865e-14 1.0000e-15 1.0000e-15 1.0000e-15 1.0000e-15 1.0000e-15
5.2200e+00 7.3446e-01 3.9401e-04 2.1137e-07 1.1339e-10 4.5428e-14 1.0000e-15 1.0000e-15 1.0000e-15 1.0000e-15 1.0000e-15
5.2300e+00 6.6848e-01 3.5861e-04 1.9238e-07 1.0320e-10 4.4035e-14 1.0000e-15 1.0000e-15 1.0000e-15 1.0000e-15 1.0000e-15
5.2400e+00 6.0842e-01 3.2640e-04 1.7510e-07 9.3936e-11 4.2628e-14 1.0000e-15 1.0000e-15 1.0000e-15 1.0000e-15 1.0000e-15
5.2500e+00 5.5376e-01 2.9707e-04 1.5937e-07 8.5496e-11 3.7921e-14 1.0000e-15 1.0000e-15 1.0000e-15 1.0000e-15 1.0000e-15
5.2600e+00 5.0402e-01 2.7039e-04 1.4505e-07 7.7813e-11 3.3629e-14 1.0000e-15 1.0000e-15 1.0000e-15 1.0000e-15 1.0000e-15
5.2700e+00 4.5874e-01 2.4609e-04 1.3202e-07 7.0822e-11 2.9967e-14 1.0000e-15 1.0000e-15 1.0000e-15 1.0000e-15 1.0000e-15
5.2800e+00 4.1753e-01 2.2399e-04 1.2016e-07 6.4463e-11 2.9086e-14 1.0000e-15 1.0000e-15 1.0000e-15 1.0000e-15 1.0000e-15
5.2900e+00 3.8002e-01 2.0386e-04 1.0937e-07 5.8672e-11 2.4959e-14 1.0000e-15 1.0000e-15 1.0000e-15 1.0000e-15 1.0000e-15
5.3000e+00 3.4588e-01 1.8555e-04 9.9540e-08 5.3400e-11 2.0440e-14 1.0000e-15 1.0000e-15 1.0000e-15 1.0000e-15 1.0000e-15
5.3100e+00 3.1480e-01 1.6888e-04 9.0598e-08 4.8610e-11 2.6418e-14 1.0000e-15 1.0000e-15 1.0000e-15 1.0000e-15 1.0000e-15
5.3200e+00 2.8652e-01 1.5371e-04 8.2459e-08 4.4244e-11 2.8853e-14 1.0000e-15 1.0000e-15 1.0000e-15 1.0000e-15 1.0000e-15
5.3300e+00 2.6078e-01 1.3990e-04 7.5051e-08 4.0256e-11 1.7045e-14 1.0000e-15 1.0000e-15 1.0000e-15 1.0000e-15 1.0000e-15
5.3400e+00 2.3735e-01 1.2733e-04 6.8309e-08 3.6641e-11 3.4699e-14 1.0000e-15 1.0000e-15 1.0000e-15 1.0000e-15 1.0000e-15
5.3500e+00 2.1603e-01 1.1589e-04 6.2172e-08 3.3349e-11 2.1647e-14 1.0000e-15 1.0000e-15 1.0000e-15 1.0000e-15 1.0000e-15
5.3600e+00 1.9662e-01 1.0548e-04 5.6587e-08 3.0352e-11 2.1859e-14 1.0000e-15 1.0000e-15 1.0000e-15 1.0000e-15 1.0000e-15
5.3700e+00 1.7896e-01 9.6005e-05 5.1503e-08 2.7621e-11 1.3740e-14 1.0000e-15 1.0000e-15 1.0000e-15 1.0000e-15 1.0000e-15
5.3800e+00 1.6288e-01 8.7380e-05 4.6876e-08 2.5135e-11 1.6216e-14 1.0000e-15 1.0000e-15 1.0000e-15 1.0000e-15 1.0000e-15
5.3900e+00 1.4825e-01 7.9530e-05 4.2665e-08 2.2892e-11 2.0073e-14 1.0000e-15 1.0000e-15 1.0000e-15 1.0000e-15 1.0000e-15
5.4000e+00 1.3493e-01 7.2386e-05 3.8832e-08 2.0831e-11 1.8897e-14 1.0000e-15 1.0000e-15 1.0000e-15 1.0000e-15 1.0000e-15
5.4100e+00 1.2281e-01 6.5883e-05 3.5344e-08 1.8958e-11 2.1593e-14 1.0000e-15 1.0000e-15 1.0000e-15 1.0000e-15 1.0000e-15
5.4200e+00 1.1178e-01 5.9964e-05 3.2168e-08 1.7258e-11 2.1072e-14 1.0000e-15 1.0000e-15 1.0000e-15 1.0000e-15 1.0000e-15
5.4300e+00 1.0174e-01 5.4577e-05 2.9278e-08 1.5707e-11 2.2303e-14 1.0000e-15 1.0000e-15 1.0000e-15 1.0000e-15 1.0000e-15
5.4400e+00 9.2596e-02 4.9674e-05 2.6648e-08 1.4297e-11 2.4533e-14 1.0000e-15 1.0000e-15 1.0000e-15 1.0000e-15 1.0000e-15
5.4500e+00 8.4277e-02 4.5211e-05 2.4254e-08 1.3010e-11 2.1527e-14 1.0000e-15 1.0000e-15 1.0000e-15 1.0000e-15 1.0000e-15
5.4600e+00 7.6706e-02 4.1150e-05 2.2075e-08 1.1842e-11 1.8837e-14 1.0000e-15 1.0000e-15 1.0000e-15 1.0000e-15 1.0000e-15
5.4700e+00 6.9815e-02 3.7453e-05 2.0092e-08 1.0778e-11 1.8118e-14 1.0000e-15 1.0000e-15 1.0000e-15 1.0000e-15 1.0000e-15
5.4800e+00 6.3543e-02 3.4088e-05 1.8287e-08 9.8071e-12 1.3514e-14 1.0000e-15 1.0000e-15 1.0000e-15 1.0000e-15 1.0000e-15
5.4900e+00 5.7834e-02 3.1026e-05 1.6644e-08 8.9204e-12 6.3780e-15 1.0000e-15 1.0000e-15 1.0000e-15 1.0000e-15 1.0000e-15
5.5000e+00 5.2639e-02 2.8239e-05 1.5149e-08 8.1276e-12 8.9098e-15 1.0000e-15 1.0000e-15 1.0000e-15 1.0000e-15 1.0000e-15
5.5100e+00 4.7910e-02 2.5702e-05 1.3788e-08 7.4048e-12 7.9653e-15 1.0000e-15 1.0000e-15 1.0000e-15 1.0000e-15 1.0000e-15
5.5200e+00 4.3606e-02 2.3393e-05 1.2549e-08 6.7407e-12 4.1714e-15 1.0000e-15 1.0000e-15 1.0000e-15 1.0000e-15 1.0000e-15
5.5300e+00 3.9688e-02 2.1291e-05 1.1422e-08 6.1382e-12 2.8841e-15 1.0000e-15 1.0000e-15 1.0000e-15 1.0000e-15 1.0000e-15
5.5400e+00 3.6123e-02 1.9379e-05 1.0396e-08 5.6016e-12 2.2561e-15 1.0000e-15 1.0000e-15 1.0000e-15 1.0000e-15 1.0000e-15
5.5500e+00 3.2878e-02 1.7638e-05 9.4619e-09 5.0938e-12 3.1756e-15 1.0000e-15 1.0000e-15 1.0000e-15 1.0000e-15 1.0000e-15
5.5600e+00 2.9924e-02 1.6053e-05 8.6119e-09 4.6385e-12 1.0000e-15 1.0000e-15 1.0000e-15 1.0000e-15 1.0000e-15 1.0000e-15
5.5700e+00 2.7236e-02 1.4611e-05 7.8382e-09 4.2307e-12 1.0000e-15 1.0000e-15 1.0000e-15 1.0000e-15 1.0000e-15 1.0000e-15
5.5800e+00 2.4789e-02 1.3298e-05 7.1341e-09 3.8597e-12 1.0000e-15 1.0000e-15 1.0000e-15 1.0000e-15 1.0000e-15 1.0000e-15
5.5900e+00 2.2562e-02 1.2104e-05 6.4932e-09 3.5187e-12 1.0000e-15 1.0000e-15 1.0000e-15 1.0000e-15 1.0000e-15 1.0000e-15
5.6000e+00 2.0535e-02 1.1016e-05 5.9099e-09 3.1932e-12 1.0000e-15 1.0000e-15 1.0000e-15 1.0000e-15 1.0000e-15 1.0000e-15
5.6100e+00 3.4906e+01 1.8690e-02 1.0027e-05 5.3789e-09 2.9008e-12 1.0000e-15 1.0000e-15 1.0000e-15 1.0000e-15 1.0000e-15
5.6200e+00 3.1747e+01 1.7011e-02 9.1259e-06 4.8957e-09 2.6445e-12 1.0000e-15 1.0000e-15 1.0000e-15 1.0000e-15 1.0000e-15
5.6300e+00 2.8882e+01 1.5483e-02 8.3060e-06 4.4559e-09 2.4161e-12 1.0000e-15 1.0000e-15 1.0000e-15 1.0000e-15 1.0000e-15
5.6400e+00 2.6280e+01 1.4092e-02 7.5599e-06 4.0556e-09 2.1944e-12 1.0000e-15 1.0000e-15 1.0000e-15 1.0000e-15 1.0000e-15
5.6500e+00 2.3915e+01 1.2826e-02 6.8807e-06 3.6913e-09 1.9982e-12 1.0000e-15 1.0000e-15 1.0000e-15 1.0000e-15 1.0000e-15
5.6600e+00 2.1765e+01 1.1674e-02 6.2626e-06 3.3596e-09 1.8182e-12 1.0000e-15 1.0000e-15 1.0000e-15 1.0000e-15 1.0000e-15
5.6700e+00 1.9808e+01 1.0625e-02 5.7000e-06 3.0578e-09 1.6528e-12 1.0000e-15 1.0000e-15 1.0000e-15 1.0000e-15 1.0000e-15
5.6800e+00 1.8028e+01 9.6706e-03 5.1879e-06 2.7831e-09 1.5017e-12 1.0000e-15 1.0000e-15 1.0000e-15 1.0000e-15 1.0000e-15
5.6900e+00 1.6408e+01 8.8018e-03 4.7218e-06 2.5331e-09 1.3692e-12 1.0000e-15 1.0000e-15 1.0000e-15 1.0000e-15 1.0000e-15
5.7000e+00 1.4934e+01 8.0111e-03 4.2976e-06 2.3055e-09 1.2479e-12 1.0000e-15 1.0000e-15 1.0000e-15 1.0000e-15 1.0000e-15
5.7100e+00 1.3592e+01 7.2914e-03 3.9115e-06 2.0984e-09 1.1398e-12 1.0000e-15 1.0000e-15 1.0000e-15 1.0000e-15 1.0000e-15
5.7200e+00 1.2371e+01 6.6363e-03 3.5601e-06 1.9099e-09 1.0338e-12 1.0000e-15 1.0000e-15 1.0000e-15 1.0000e-15 1.0000e-15
5.7300e+00 1.1259e+01 6.0402e-03 3.2403e-06 1.7383e-09 9.3178e-13 1.0000e-15 1.0000e-15 1.0000e-15 1.0000e-15 1.0000e-15
5.7400e+00 1.0248e+01 5.4975e-03 2.9492e-06 1.5822e-09 8.5358e-13 1.0000e-15 1.0000e-15 1.0000e-15 1.0000e-15 1.0000e-15
5.7500e+00 9.3272e+00 5.0036e-03 2.6843e-06 1.4400e-09 7.7915e-13 1.0000e-15 1.0000e-15 1.0000e-15 1.0000e-15 1.0000e-15
5.7600e+00 8.4892e+00 4.5541e-03 2.4431e-06 1.3107e-09 7.2265e-13 1.0000e-15 1.0000e-15 1.0000e-15 1.0000e-15 1.0000e-15
5.7700e+00 7.7266e+00 4.1450e-03 2.2236e-06 1.1929e-09 6.6653e-13 1.0000e-15 1.0000e-15 1.0000e-15 1.0000e-15 1.0000e-15
5.7800e+00 7.0324e+00 3.7726e-03 2.0239e-06 1.0857e-09 6.0349e-13 1.0000e-15 1.0000e-15 1.0000e-15 1.0000e-15 1.0000e-15
5.7900e+00 6.4007e+00 3.4337e-03 1.8421e-06 9.8821e-10 5.5421e-13 1.0000e-15 1.0000e-15 1.0000e-15 1.0000e-15 1.0000e-15
5.8000e+00 5.8256e+00 3.1252e-03 1.6766e-06 8.9943e-10 5.1211e-13 1.0000e-15 1.0000e-15 1.0000e-15 1.0000e-15 1.0000e-15
5.8100e+00 5.3023e+00 2.8445e-03 1.5260e-06 8.1864e-10 4.6990e-13 1.0000e-15 1.0000e-15 1.0000e-15 1.0000e-15 1.0000e-15
5.8200e+00 4.8259e+00 2.5889e-03 1.3889e-06 7.4510e-10 4.2320e-13 1.0000e-15 1.0000e-15 1.0000e-15 1.0000e-15 1.0000e-15
5.8300e+00 4.3924e+00 2.3564e-03 1.2641e-06 6.7816e-10 3.9267e-13 1.0000e-15 1.0000e-15 1.0000e-15 1.0000e-15 1.0000e-15
5.8400e+00 3.9978e+00 2.1447e-03 1.1505e-06 6.1724e-10 3.6314e-13 1.0000e-15 1.0000e-15 1.0000e-15 1.0000e-15 1.0000e-15
5.8500e+00 3.6387e+00 1.9520e-03 1.0472e-06 5.6179e-10 3.2962e-13 1.0000e-15 1.0000e-15 1.0000e-15 1.0000e-15 1.0000e-15
5.8600e+00 3.3118e+00 1.7766e-03 9.5310e-07 5.1132e-10 2.9992e-13 1.0000e-15 1.0000e-15 1.0000e-15 1.0000e-15 1.0000e-15
5.8700e+00 3.0142e+00 1.6170e-03 8.6747e-07 4.6538e-10 2.7260e-13 1.0000e-15 1.0000e-15 1.0000e-15 1.0000e-15 1.0000e-15
5.8800e+00 2.7435e+00 1.4718e-03 7.8954e-07 4.2357e-10 2.4496e-13 1.0000e-15 1.0000e-15 1.0000e-15 1.0000e-15 1.0000e-15
5.8900e+00 2.4970e+00 1.3395e-03 7.1861e-07 3.8552e-10 2.2649e-13 1.0000e-15 1.0000e-15 1.0000e-15 1.0000e-15 1.0000e-15
5.9000e+00 2.2727e+00 1.2192e-03 6.5405e-07 3.5088e-10 2.0147e-13 1.0000e-15 1.0000e-15 1.0000e-15 1.0000e-15 1.0000e-15
5.9100e+00 2.0685e+00 1.1097e-03 5.9530e-07 3.1936e-10 1.9018e-13 1.0000e-15 1.0000e-15 1.0000e-15 1.0000e-15 1.0000e-15
5.9200e+00 1.8827e+00 1.0100e-03 5.4182e-07 2.9066e-10 1.7648e-13 1.0000e-15 1.0000e-15 1.0000e-15 1.0000e-15 1.0000e-15
5.9300e+00 1.7135e+00 9.1925e-04 4.9314e-07 2.6456e-10 1.5999e-13 1.0000e-15 1.0000e-15 1.0000e-15 1.0000e-15 1.0000e-15
5.9400e+00 1.5596e+00 8.3667e-04 4.4884e-07 2.4079e-10 1.4589e-13 1.0000e-15 1.0000e-15 1.0000e-15 1.0000e-15 1.0000e-15
5.9500e+00 1.4195e+00 7.6150e-04 4.0852e-07 2.1916e-10 1.3745e-13 1.0000e-15 1.0000e-15 1.0000e-15 1.0000e-15 1.0000e-15
5.9600e+00 1.2920e+00 6.9309e-04 3.7182e-07 1.9947e-10 1.2151e-13 1.0000e-15 1.0000e-15 1.0000e-15 1.0000e-15 1.0000e-15
5.9700e+00 1.1759e+00 6.3083e-04 3.3841e-07 1.8155e-10 1.0136e-13 1.0000e-15 1.0000e-15 1.0000e-15 1.0000e-15 1.0000e-15
5.9800e+00 1.0703e+00 5.7415e-04 3.0801e-07 1.6523e-10 7.6238e-14 1.0000e-15 1.0000e-15 1.0000e-15 1.0000e-15 1.0000e-15
5.9900e+00 9.7411e-01 5.2257e-04 2.8034e-07 1.5040e-10 7.5488e-14 1.0000e-15 1.0000e-15 1.0000e-15 1.0000e-15 1.0000e-15
6.0000e+00 8.8660e-01 4.7563e-04 2.5516e-07 1.3689e-10 7.2468e-14 1.0000e-15 1.0000e-15 1.0000e-15 1.0000e-15 1.0000e-15
6.0100e+00 8.0695e-01 4.3290e-04 2.3223e-07 1.2459e-10 5.9904e-14 1.0000e-15 1.0000e-15 1.0000e-15 1.0000e-15 1.0000e-15
6.0200e+00 7.3446e-01 3.9401e-04 2.1137e-07 1.1340e-10 4.9078e-14 1.0000e-15 1.0000e-15 1.0000e-15 1.0000e-15 1.0000e-15
6.0300e+00 6.6848e-01 3.5861e-04 1.9238e-07 1.0321e-10 4.4200e-14 1.0000e-15 1.0000e-15 1.0000e-15 1.0000e-15 1.0000e-15
6.0400e+00 6.0842e-01 3.2640e-04 1.7510e-07 9.3943e-11 4.1466e-14 1.0000e-15 1.0000e-15 1.0000e-15 1.0000e-15 1.0000e-15
6.0500e+00 5.5376e-01 2.9707e-04 1.5937e-07 8.5504e-11 3.9164e-14 1.0000e-15 1.0000e-15 1.0000e-15 1.0000e-15 1.0000e-15
6.0600e+00 5.0402e-01 2.7039e-04 1.4505e-07 7.7824e-11 3.7570e-14 1.0000e-15 1.0000e-15 1.0000e-15 1.0000e-15 1.0000e-15
6.0700e+00 4.5874e-01 2.4609e-04 1.3202e-07 7.0831e-11 3.3774e-14 1.0000e-15 1.0000e-15 1.0000e-15 1.0000e-15 1.0000e-15
6.0800e+00 4.1753e-01 2.2399e-04 1.2016e-07 6.4472e-11 2.9819e-14 1.0000e-15 1.0000e-15 1.0000e-15 1.0000e-15 1.0000e-15
6.0900e+00 3.8002e-01 2.0386e-04 1.0937e-07 5.8687e-11 3.0063e-14 1.0000e-15 1.0000e-15 1.0000e-15 1.0000e-15 1.0000e-15
6.1000e+00 3.4588e-01 1.8555e-04 9.9540e-08 5.3412e-11 2.4993e-14 1.0000e-15 1.0000e-15 1.0000e-15 1.0000e-15 1.0000e-15
6.1100e+00 3.1480e-01 1.6888e-04 9.0598e-08 4.8613e-11 2.1623e-14 1.0000e-15 1.0000e-15 1.0000e-15 1.0000e-15 1.0000e-15
6.1200e+00 2.8652e-01 1.5371e-04 8.2459e-08 4.4241e-11 1.3953e-14 1.0000e-15 1.0000e-15 1.0000e-15 1.0000e-15 1.0000e-15
6.1300e+00 2.6078e-01 1.3990e-04 7.5051e-08 4.0270e-11 1.1888e-14 1.0000e-15 1.0000e-15 1.0000e-15 1.0000e-15 1.0000e-15
6.1400e+00 2.3735e-01 1.2733e-04 6.8309e-08 3.6655e-11 8.6710e-15 1.0000e-15 1.0000e-15 1.0000e-15 1.0000e-15 1.0000e-15
6.1500e+00 2.1603e-01 1.1589e-04 6.2172e-08 3.3359e-11 3.5250e-15 1.0000e-15 1.0000e-15 1.0000e-15 1.0000e-15 1.0000e-15
6.1600e+00 1.9662e-01 1.0548e-04 5.6587e-08 3.0363e-11 1.0000e-15 1.0000e-15 1.0000e-15 1.0000e-15 1.0000e-15 1.0000e-15
6.1700e+00 1.7896e-01 9.6005e-05 5.1503e-08 2.7635e-11 1.0000e-15 1.0000e-15 1.0000e-15 1.0000e-15 1.0000e-15 1.0000e-15
6.1800e+00 1.6288e-01 8.7380e-05 4.6876e-08 2.5157e-11 1.0000e-15 1.0000e-15 1.0000e-15 1.0000e-15 1.0000e-15 1.0000e-15
6.1900e+00 1.4825e-01 7.9530e-05 4.2665e-08 2.2902e-11 1.0000e-15 1.0000e-15 1.0000e-15 1.0000e-15 1.0000e-15 1.0000e-15
6.2000e+00 1.3493e-01 7.2386e-05 3.8832e-08 2.0842e-11 1.0000e-15 1.0000e-15 1.0000e-15 1.0000e-15 1.0000e-15 1.0000e-15
6.2100e+00 1.2281e-01 6.5883e-05 3.5344e-08 1.8966e-11 1.0000e-15 1.0000e-15 1.0000e-15 1.0000e-15 1.0000e-15 1.0000e-15
6.2200e+00 1.1178e-01 5.9964e-05 3.2168e-08 1.7265e-11 1.0000e-15 1.0000e-15 1.0000e-15 1.0000e-15 1.0000e-15 1.0000e-15
6.2300e+00 1.0174e-01 5.4577e-05 2.9278e-08 1.5712e-11 1.0000e-15 1.0000e-15 1.0000e-15 1.0000e-15 1.0000e-15 1.0000e-15
6.2400e+00 9.2596e-02 4.9674e-05 2.6648e-08 1.4304e-11 1.0000e-15 1.0000e-15 1.0000e-15 1.0000e-15 1.0000e-15 1.0000e-15
6.2500e+00 8.4277e-02 4.5211e-05 2.4254e-08 1.3017e-11 1.0000e-15 1.0000e-15 1.0000e-15 1.0000e-15 1.0000e-15 1.0000e-15
6.2600e+00 7.6706e-02 4.1150e-05 2.2075e-08 1.1848e-11 1.0000e-15 1.0000e-15 1.0000e-15 1.0000e-15 1.0000e-15 1.0000e-15
6.2700e+00 6.9815e-02 3.7453e-05 2.0092e-08 1.0785e-11 1.0000e-15 1.0000e-15 1.0000e-15 1.0000e-15 1.0000e-15 1.0000e-15
6.2800e+00 6.3543e-02 3.4088e-05 1.8287e-08 9.8178e-12 1.0000e-15 1.0000e-15 1.0000e-15 1.0000e-15 1.0000e-15 1.0000e-15
6.2900e+00 5.7834e-02 3.1026e-05 1.6644e-08 8.9308e-12 1.0000e-15 1.0000e-15 1.0000e-15 1.0000e-15 1.0000e-15 1.0000e-15
6.3000e+00 5.2639e-02 2.8239e-05 1.5149e-08 8.1323e-12 1.0000e-15 1.0000e-15 1.0000e-15 1.0000e-15 1.0000e-15 1.0000e-15
6.3100e+00 4.7910e-02 2.5702e-05 1.3788e-08 7.3934e-12 1.0000e-15 1.0000e-15 1.0000e-15 1.0000e-15 1.0000e-15 1.0000e-15
6.3200e+00 4.3606e-02 2.3393e-05 1.2549e-08 6.7236e-12 1.0000e-15 1.0000e-15 1.0000e-15 1.0000e-15 1.0000e-15 1.0000e-15
6.3300e+00 3.9688e-02 2.1291e-05 1.1422e-08 6.1258e-12 1.0000e-15 1.0000e-15 1.0000e-15 1.0000e-15 1.0000e-15 1.0000e-15
6.3400e+00 3.6123e-02 1.9379e-05 1.0396e-08 5.5925e-12 1.0000e-15 1.0000e-15 1.0000e-15 1.0000e-15 1.0000e-15 1.0000e-15
6.3500e+00 3.2878e-02 1.7638e-05 9.4619e-09 5.0818e-12 1.0000e-15 1.0000e-15 1.0000e-15 1.0000e-15 1.0000e-15 1.0000e-15
6.3600e+00 2.9924e-02 1.6053e-05 8.6119e-09 4.6282e-12 1.0000e-15 1.0000e-15 1.0000e-15 1.0000e-15 1.0000e-15 1.0000e-15
6.3700e+00 2.7236e-02 1.4611e-05 7.8382e-09 4.2240e-12 1.0000e-15 1.0000e-15 1.0000e-15 1.0000e-15 1.0000e-15 1.0000e-15
6.3800e+00 2.4789e-02 1.3298e-05 7.1341e-09 3.8399e-12 1.0000e-15 1.0000e-15 1.0000e-15 1.0000e-15 1.0000e-15 1.0000e-15
6.3900e+00 2.2562e-02 1.2104e-05 6.4932e-09 3.5118e-12 1.0000e-15 1.0000e-15 1.0000e-15 1.0000e-15 1.0000e-15 1.0000e-15
6.4000e+00 2.0535e-02 1.1016e-05 5.9098e-09 3.1901e-12 1.0000e-15 1.0000e-15 1.0000e-15 1.0000e-15 1.0000e-15 1.0000e-15
6.4100e+00 3.4906e+01 1.8690e-02 1.0027e-05 5.3789e-09 2.9080e-12 1.0000e-15 1.0000e-15 1.0000e-15 1.0000e-15 1.0000e-15
6.4200e+00 3.1747e+01 1.7011e-02 9.1259e-06 4.8957e-09 2.6485e-12 1.0000e-15 1.0000e-15 1.0000e-15 1.0000e-15 1.0000e-15
6.4300e+00 2.8882e+01 1.5483e-02 8.3060e-06 4.4559e-09 2.4117e-12 1.0000e-15 1.0000e-15 1.0000e-15 1.0000e-15 1.0000e-15
6.4400e+00 2.6280e+01 1.4092e-02 7.5599e-06 4.0556e-09 2.1950e-12 1.0000e-15 1.0000e-15 1.0000e-15 1.0000e-15 1.0000e-15
6.4500e+00 2.3915e+01 1.2826e-02 6.8807e-06 3.6912e-09 1.9972e-12 1.0000e-15 1.0000e-15 1.0000e-15 1.0000e-15 1.0000e-15
6.4600e+00 2.1765e+01 1.1674e-02 6.2626e-06 3.3596e-09 1.8201e-12 1.0000e-15 1.0000e-15 1.0000e-15 1.0000e-15 1.0000e-15
6.4700e+00 1.9808e+01 1.0625e-02 5.7000e-06 3.0578e-09 1.6575e-12 1.0000e-15 1.0000e-15 1.0000e-15 1.0000e-15 1.0000e-15
6.4800e+00 1.8028e+01 9.6706e-03 5.1879e-06 2.7831e-09 1.5059e-12 1.0000e-15 1.0000e-15 1.0000e-15 1.0000e-15 1.0000e-15
6.4900e+00 1.6408e+01 8.8018e-03 4.7218e-06 2.5331e-09 1.3665e-12 1.0000e-15 1.0000e-15 1.0000e-15 1.0000e-15 1.0000e-15
6.5000e+00 1.4934e+01 8.0111e-03 4.2976e-06 2.3055e-09 1.2454e-12 1.0000e-15 1.0000e-15 1.0000e-15 1.0000e-15 1.0000e-15
6.5100e+00 1.3592e+01 7.2914e-03 3.9115e-06 2.0984e-09 1.1405e-12 1.0000e-15 1.0000e-15 1.0000e-15 1.0000e-15 1.0000e-15
6.5200e+00 1.2371e+01 6.6363e-03 3.5601e-06 1.9099e-09 1.0365e-12 1.0000e-15 1.0000e-15 1.0000e-15 1.0000e-15 1.0000e-15
6.5300e+00 1.1259e+01 6.0402e-03 3.2403e-06 1.7383e-09 9.3141e-13 1.0000e-15 1.0000e-15 1.0000e-15 1.0000e-15 1.0000e-15
6.5400e+00 1.0248e+01 5.4975e-03 2.9492e-06 1.5821e-09 8.4179e-13 1.0000e-15 1.0000e-15 1.0000e-15 1.0000e-15 1.0000e-15
6.5500e+00 9.3272e+00 5.0036e-03 2.6843e-06 1.4400e-09 7.6335e-13 1.0000e-15 1.0000e-15 1.0000e-15 1.0000e-15 1.0000e-15
6.5600e+00 8.4892e+00 4.5541e-03 2.4431e-06 1.3106e-09 6.8635e-13 1.0000e-15 1.0000e-15 1.0000e-15 1.0000e-15 1.0000e-15
6.5700e+00 7.7266e+00 4.1450e-03 2.2236e-06 1.1929e-09 6.3023e-13 1.0000e-15 1.0000e-15 1.0000e-15 1.0000e-15 1.0000e-15
6.5800e+00 7.0324e+00 3.7726e-03 2.0239e-06 1.0857e-09 5.6675e-13 1.0000e-15 1.0000e-15 1.0000e-15 1.0000e-15 1.0000e-15
6.5900e+00 6.4007e+00 3.4337e-03 1.8421e-06 9.8819e-10 5.1828e-13 1.0000e-15 1.0000e-15 1.0000e-15 1.0000e-15 1.0000e-15
6.6000e+00 5.8256e+00 3.1252e-03 1.6766e-06 8.9942e-10 4.7392e-13 1.0000e-15 1.0000e-15 1.0000e-15 1.0000e-15 1.0000e-15
6.6100e+00 5.3023e+00 2.8445e-03 1.5260e-06 8.1862e-10 4.4194e-13 1.0000e-15 1.0000e-15 1.0000e-15 1.0000e-15 1.0000e-15
6.6200e+00 4.8259e+00 2.5889e-03 1.3889e-06 7.4509e-10 4.0509e-13 1.0000e-15 1.0000e-15 1.0000e-15 1.0000e-15 1.0000e-15
6.6300e+00 4.3924e+00 2.3564e-03 1.2641e-06 6.7815e-10 3.7546e-13 1.0000e-15 1.0000e-15 1.0000e-15 1.0000e-15 1.0000e-15
6.6400e+00 3.9978e+00 2.1447e-03 1.1505e-06 6.1723e-10 3.4553e-13 1.0000e-15 1.0000e-15 1.0000e-15 1.0000e-15 1.0000e-15
6.6500e+00 3.6387e+00 1.9520e-03 1.0472e-06 5.6178e-10 3.1532e-13 1.0000e-15 1.0000e-15 1.0000e-15 1.0000e-15 1.0000e-15
6.6600e+00 3.3118e+00 1.7766e-03 9.5310e-07 5.1131e-10 2.8677e-13 1.0000e-15 1.0000e-15 1.0000e-15 1.0000e-15 1.0000e-15
6.6700e+00 3.0142e+00 1.6170e-03 8.6747e-07 4.6538e-10 2.6246e-13 1.0000e-15 1.0000e-15 1.0000e-15 1.0000e-15 1.0000e-15
6.6800e+00 2.7435e+00 1.4718e-03 7.8954e-07 4.2357e-10 2.3529e-13 1.0000e-15 1.0000e-15 1.0000e-15 1.0000e-15 1.0000e-15
6.6900e+00 2.4970e+00 1.3395e-03 7.1861e-07 3.8552e-10 2.0998e-13 1.0000e-15 1.0000e-15 1.0000e-15 1.0000e-15 1.0000e-15
6.7000e+00 2.2727e+00 1.2192e-03 6.5405e-07 3.5088e-10 1.8981e-13 1.0000e-15 1.0000e-15 1.0000e-15 1.0000e-15 1.0000e-15
6.7100e+00 2.0685e+00 1.1097e-03 5.9530e-07 3.1936e-10 1.7047e-13 1.0000e-15 1.0000e-15 1.0000e-15 1.0000e-15 1.0000e-15
6.7200e+00 1.8827e+00 1.0100e-03 5.4182e-07 2.9067e-10 1.5231e-13 1.0000e-15 1.0000e-15 1.0000e-15 1.0000e-15 1.0000e-15
6.7300e+00 1.7135e+00 9.1925e-04 4.9314e-07 2.6455e-10 1.2902e-13 1.0000e-15 1.0000e-15 1.0000e-15 1.0000e-15 1.0000e-15
6.7400e+00 1.5596e+00 8.3667e-04 4.4884e-07 2.4079e-10 1.2751e-13 1.0000e-15 1.0000e-15 1.0000e-15 1.0000e-15 1.0000e-15
6.7500e+00 1.4195e+00 7.6150e-04 4.0852e-07 2.1917e-10 1.2154e-13 1.0000e-15 1.0000e-15 1.0000e-15 1.0000e-15 1.0000e-15
6.7600e+00 1.2920e+00 6.9309e-04 3.7182e-07 1.9949e-10 1.1498e-13 1.0000e-15 1.0000e-15 1.0000e-15 1.0000e-15 1.0000e-15
6.7700e+00 1.1759e+00 6.3083e-04 3.3841e-07 1.8156e-10 9.5955e-14 1.0000e-15 1.0000e-15 1.0000e-15 1.0000e-15 1.0000e-15
6.7800e+00 1.0703e+00 5.7415e-04 3.0801e-07 1.6525e-10 8.2927e-14 1.0000e-15 1.0000e-15 1.0000e-15 1.0000e-15 1.0000e-15
6.7900e+00 9.7411e-01 5.2257e-04 2.8034e-07 1.5041e-10 7.8599e-14 1.0000e-15 1.0000e-15 1.0000e-15 1.0000e-15 1.0000e-15
6.8000e+00 8.8660e-01 4.7563e-04 2.5516e-07 1.3689e-10 6.6529e-14 1.0000e-15 1.0000e-15 1.0000e-15 1.0000e-15 1.0000e-15
6.8100e+00 8.0695e-01 4.3290e-04 2.3223e-07 1.2459e-10 5.8790e-14 1.0000e-15 1.0000e-15 1.0000e-15 1.0000e-15 1.0000e-15
6.8200e+00 7.3446e-01 3.9401e-04 2.1137e-07 1.1340e-10 5.5167e-14 1.0000e-15 1.0000e-15 1.0000e-15 1.0000e-15 1.0000e-15
6.8300e+00 6.6848e-01 3.5861e-04 1.9238e-07 1.0321e-10 4.9656e-14 1.0000e-15 1.0000e-15 1.0000e-15 1.0000e-15 1.0000e-15
6.8400e+00 6.0842e-01 3.2640e-04 1.7510e-07 9.3944e-11 4.3795e-14 1.0000e-15 1.0000e-15 1.0000e-15 1.0000e-15 1.0000e-15
6.8500e+00 5.5376e-01 2.9707e-04 1.5937e-07 8.5504e-11 3.8968e-14 1.0000e-15 1.0000e-15 1.0000e-15 1.0000e-15 1.0000e-15
6.8600e+00 5.0402e-01 2.7039e-04 1.4505e-07 7.7822e-11 3.4849e-14 1.0000e-15 1.0000e-15 1.0000e-15 1.0000e-15 1.0000e-15
6.8700e+00 4.5874e-01 2.4609e-04 1.3202e-07 7.0829e-11 3.2798e-14 1.0000e-15 1.0000e-15 1.0000e-15 1.0000e-15 1.0000e-15
6.8800e+00 4.1753e-01 2.2399e-04 1.2016e-07 6.4457e-11 2.2661e-14 1.0000e-15 1.0000e-15 1.0000e-15 1.0000e-15 1.0000e-15
6.8900e+00 3.8002e-01 2.0386e-04 1.0937e-07 5.8674e-11 2.3459e-14 1.0000e-15 1.0000e-15 1.0000e-15 1.0000e-15 1.0000e-15
6.9000e+00 3.4588e-01 1.8555e-04 9.9540e-08 5.3403e-11 2.1243e-14 1.0000e-15 1.0000e-15 1.0000e-15 1.0000e-15 1.0000e-15
6.9100e+00 3.1480e-01 1.6888e-04 9.0598e-08 4.8613e-11 2.0634e-14 1.0000e-15 1.0000e-15 1.0000e-15 1.0000e-15 1.0000e-15
6.9200e+00 2.8652e-01 1.5371e-04 8.2459e-08 4.4251e-11 2.6887e-14 1.0000e-15 1.0000e-15 1.0000e-15 1.0000e-15 1.0000e-15
6.9300e+00 2.6078e-01 1.3990e-04 7.5051e-08 4.0267e-11 2.3575e-14 1.0000e-15 1.0000e-15 1.0000e-15 1.0000e-15 1.0000e-15
6.9400e+00 2.3735e-01 1.2733e-04 6.8309e-08 3.6651e-11 1.7800e-14 1.0000e-15 1.0000e-15 1.0000e-15 1.0000e-15 1.0000e-15
6.9500e+00 2.1603e-01 1.1589e-04 6.2172e-08 3.3372e-11 2.1499e-14 1.0000e-15 1.0000e-15 1.0000e-15 1.0000e-15 1.0000e-15
6.9600e+00 1.9662e-01 1.0548e-04 5.6587e-08 3.0380e-11 1.8719e-14 1.0000e-15 1.0000e-15 1.0000e-15 1.0000e-15 1.0000e-15
6.9700e+00 1.7896e-01 9.6005e-05 5.1503e-08 2.7655e-11 2.5885e-14 1.0000e-15 1.0000e-15 1.0000e-15 1.0000e-15 1.0000e-15
6.9800e+00 1.6288e-01 8.7380e-05 4.6876e-08 2.5167e-11 1.7933e-14 1.0000e-15 1.0000e-15 1.0000e-15 1.0000e-15 1.0000e-15
6.9900e+00 1.4825e-01 7.9530e-05 4.2665e-08 2.2910e-11 1.9513e-14 1.0000e-15 1.0000e-15 1.0000e-15 1.0000e-15 1.0000e-15
7.0000e+00 1.3493e-01 7.2386e-05 3.8832e-08 2.0856e-11 2.5417e-14 1.0000e-15 1.0000e-15 1.0000e-15 1.0000e-15 1.0000e-15
7.0100e+00 1.2281e-01 6.5883e-05 3.5344e-08 1.8980e-11 2.1465e-14 1.0000e-15 1.0000e-15 1.0000e-15 1.0000e-15 1.0000e-15
7.0200e+00 1.1178e-01 5.9964e-05 3.2168e-08 1.7271e-11 1.2085e-14 1.0000e-15 1.0000e-15 1.0000e-15 1.0000e-15 1.0000e-15
7.0300e+00 1.0174e-01 5.4577e-05 2.9278e-08 1.5721e-11 7.9575e-15 1.0000e-15 1.0000e-15 1.0000e-15 1.0000e-15 1.0000e-15
7.0400e+00 9.2596e-02 4.9674e-05 2.6648e-08 1.4308e-11 5.2858e-15 1.0000e-15 1.0000e-15 1.0000e-15 1.0000e-15 1.0000e-15
7.0500e+00 8.4277e-02 4.5211e-05 2.4254e-08 1.3021e-11 3.2179e-15 1.0000e-15 1.0000e-15 1.0000e-15 1.0000e-15 1.0000e-15
7.0600e+00 7.6706e-02 4.1150e-05 2.2075e-08 1.1850e-11 2.3869e-15 1.0000e-15 1.0000e-15 1.0000e-15 1.0000e-15 1.0000e-15
7.0700e+00 6.9815e-02 3.7453e-05 2.0092e-08 1.0787e-11 3.7100e-15 1.0000e-15 1.0000e-15 1.0000e-15 1.0000e-15 1.0000e-15
7.0800e+00 6.3543e-02 3.4088e-05 1.8287e-08 9.8131e-12 3.0034e-15 1.0000e-15 1.0000e-15 1.0000e-15 1.0000e-15 1.0000e-15
7.0900e+00 5.7834e-02 3.1026e-05 1.6644e-08 8.9349e-12 2.2338e-15 1.0000e-15 1.0000e-15 1.0000e-15 1.0000e-15 1.0000e-15
7.1000e+00 5.2639e-02 2.8239e-05 1.5149e-08 8.1375e-12 1.0621e-15 1.0000e-15 1.0000e-15 1.0000e-15 1.0000e-15 1.0000e-15
7.1100e+00 4.7910e-02 2.5702e-05 1.3788e-08 7.3899e-12 1.0000e-15 1.0000e-15 1.0000e-15 1.0000e-15 1.0000e-15 1.0000e-15
7.1200e+00 4.3606e-02 2.3393e-05 1.2549e-08 6.7186e-12 1.0000e-15 1.0000e-15 1.0000e-15 1.0000e-15 1.0000e-15 1.0000e-15
7.1300e+00 3.9688e-02 2.1291e-05 1.1422e-08 6.1213e-12 1.0000e-15 1.0000e-15 1.0000e-15 1.0000e-15 1.0000e-15 1.0000e-15
7.1400e+00 3.6123e-02 1.9379e-05 1.0396e-08 5.5797e-12 1.0000e-15 1.0000e-15 1.0000e-15 1.0000e-15 1.0000e-15 1.0000e-15
7.1500e+00 3.2878e-02 1.7638e-05 9.4619e-09 5.0869e-12 1.0000e-15 1.0000e-15 1.0000e-15 1.0000e-15 1.0000e-15 1.0000e-15
7.1600e+00 2.9924e-02 1.6053e-05 8.6119e-09 4.6314e-12 1.0000e-15 1.0000e-15 1.0000e-15 1.0000e-15 1.0000e-15 1.0000e-15
7.1700e+00 2.7236e-02 1.4611e-05 7.8382e-09 4.2193e-12 1.0000e-15 1.0000e-15 1.0000e-15 1.0000e-15 1.0000e-15 1.0000e-15
7.1800e+00 2.4789e-02 1.3298e-05 7.1341e-09 3.8346e-12 1.0000e-15 1.0000e-15 1.0000e-15 1.0000e-15 1.0000e-15 1.0000e-15
7.1900e+00 2.2562e-02 1.2104e-05 6.4932e-09 3.4968e-12 1.0000e-15 1.0000e-15 1.0000e-15 1.0000e-15 1.0000e-15 1.0000e-15
7.2000e+00 2.0535e-02 1.1016e-05 5.9098e-09 3.1781e-12 1.0000e-15 1.0000e-15 1.0000e-15 1.0000e-15 1.0000e-15 1.0000e-15
7.2100e+00 3.4906e+01 1.8690e-02 1.0027e-05 5.3789e-09 2.8909e-12 1.0000e-15 1.0000e-15 1.0000e-15 1.0000e-15 1.0000e-15
7.2200e+00 3.1747e+01 1.7011e-02 9.1259e-06 4.8957e-09 2.6426e-12 1.0000e-15 1.0000e-15 1.0000e-15 1.0000e-15 1.0000e-15
7.2300e+00 2.8882e+01 1.5483e-02 8.3060e-06 4.4559e-09 2.4058e-12 1.0000e-15 1.0000e-15 1.0000e-15 1.0000e-15 1.0000e-15
7.2400e+00 2.6280e+01 1.4092e-02 7.5599e-06 4.0556e-09 2.1869e-12 1.0000e-15 1.0000e-15 1.0000e-15 1.0000e-15 1.0000e-15
7.2500e+00 2.3915e+01 1.2826e-02 6.8807e-06 3.6912e-09 1.9898e-12 1.0000e-15 1.0000e-15 1.0000e-15 1.0000e-15 1.0000e-15
7.2600e+00 2.1765e+01 1.1674e-02 6.2626e-06 3.3596e-09 1.8108e-12 1.0000e-15 1.0000e-15 1.0000e-15 1.0000e-15 1.0000e-15
7.2700e+00 1.9808e+01 1.0625e-02 5.7000e-06 3.0578e-09 1.6484e-12 1.0000e-15 1.0000e-15 1.0000e-15 1.0000e-15 1.0000e-15
7.2800e+00 1.8028e+01 9.6706e-03 5.1879e-06 2.7831e-09 1.5013e-12 1.0000e-15 1.0000e-15 1.0000e-15 1.0000e-15 1.0000e-15
7.2900e+00 1.6408e+01 8.8018e-03 4.7218e-06 2.5331e-09 1.3683e-12 1.0000e-15 1.0000e-15 1.0000e-15 1.0000e-15 1.0000e-15
7.3000e+00 1.4934e+01 8.0111e-03 4.2976e-06 2.3055e-09 1.2311e-12 1.0000e-15 1.0000e-15 1.0000e-15 1.0000e-15 1.0000e-15
7.3100e+00 1.3592e+01 7.2914e-03 3.9115e-06 2.0984e-09 1.1302e-12 1.0000e-15 1.0000e-15 1.0000e-15 1.0000e-15 1.0000e-15
7.3200e+00 1.2371e+01 6.6363e-03 3.5601e-06 1.9099e-09 1.0174e-12 1.0000e-15 1.0000e-15 1.0000e-15 1.0000e-15 1.0000e-15
7.3300e+00 1.1259e+01 6.0402e-03 3.2403e-06 1.7383e-09 9.2173e-13 1.0000e-15 1.0000e-15 1.0000e-15 1.0000e-15 1.0000e-15
7.3400e+00 1.0248e+01 5.4975e-03 2.9492e-06 1.5821e-09 8.3931e-13 1.0000e-15 1.0000e-15 1.0000e-15 1.0000e-15 1.0000e-15
7.3500e+00 9.3272e+00 5.0036e-03 2.6843e-06 1.4400e-09 7.6896e-13 1.0000e-15 1.0000e-15 1.0000e-15 1.0000e-15 1.0000e-15
7.3600e+00 8.4892e+00 4.5541e-03 2.4431e-06 1.3106e-09 7.0579e-13 1.0000e-15 1.0000e-15 1.0000e-15 1.0000e-15 1.0000e-15
7.3700e+00 7.7266e+00 4.1450e-03 2.2236e-06 1.1929e-09 6.4036e-13 1.0000e-15 1.0000e-15 1.0000e-15 1.0000e-15 1.0000e-15
7.3800e+00 7.0324e+00 3.7726e-03 2.0239e-06 1.0857e-09 5.8386e-13 1.0000e-15 1.0000e-15 1.0000e-15 1.0000e-15 1.0000e-15
7.3900e+00 6.4007e+00 3.4337e-03 1.8421e-06 9.8819e-10 5.3781e-13 1.0000e-15 1.0000e-15 1.0000e-15 1.0000e-15 1.0000e-15
7.4000e+00 5.8256e+00 3.1252e-03 1.6766e-06 8.9942e-10 4.9311e-13 1.0000e-15 1.0000e-15 1.0000e-15 1.0000e-15 1.0000e-15
7.4100e+00 5.3023e+00 2.8445e-03 1.5260e-06 8.1862e-10 4.4062e-13 1.0000e-15 1.0000e-15 1.0000e-15 1.0000e-15 1.0000e-15
7.4200e+00 4.8259e+00 2.5889e-03 1.3889e-06 7.4508e-10 3.9996e-13 1.0000e-15 1.0000e-15 1.0000e-15 1.0000e-15 1.0000e-15
7.4300e+00 4.3924e+00 2.3564e-03 1.2641e-06 6.7814e-10 3.6180e-13 1.0000e-15 1.0000e-15 1.0000e-15 1.0000e-15 1.0000e-15
7.4400e+00 3.9978e+00 2.1447e-03 1.1505e-06 6.1721e-10 3.2895e-13 1.0000e-15 1.0000e-15 1.0000e-15 1.0000e-15 1.0000e-15
7.4500e+00 3.6387e+00 1.9520e-03 1.0472e-06 5.6177e-10 2.9730e-13 1.0000e-15 1.0000e-15 1.0000e-15 1.0000e-15 1.0000e-15
7.4600e+00 3.3118e+00 1.7766e-03 9.5310e-07 5.1130e-10 2.6980e-13 1.0000e-15 1.0000e-15 1.0000e-15 1.0000e-15 1.0000e-15
7.4700e+00 3.0142e+00 1.6170e-03 8.6747e-07 4.6537e-10 2.4628e-13 1.0000e-15 1.0000e-15 1.0000e-15 1.0000e-15 1.0000e-15
7.4800e+00 2.7435e+00 1.4718e-03 7.8954e-07 4.2356e-10 2.2421e-13 1.0000e-15 1.0000e-15 1.0000e-15 1.0000e-15 1.0000e-15
7.4900e+00 2.4970e+00 1.3395e-03 7.1861e-07 3.8551e-10 2.0209e-13 1.0000e-15 1.0000e-15 1.0000e-15 1.0000e-15 1.0000e-15
7.5000e+00 2.2727e+00 1.2192e-03 6.5405e-07 3.5088e-10 1.8787e-13 1.0000e-15 1.0000e-15 1.0000e-15 1.0000e-15 1.0000e-15
7.5100e+00 2.0685e+00 1.1097e-03 5.9530e-07 3.1936e-10 1.7459e-13 1.0000e-15 1.0000e-15 1.0000e-15 1.0000e-15 1.0000e-15
7.5200e+00 1.8827e+00 1.0100e-03 5.4182e-07 2.9067e-10 1.6874e-13 1.0000e-15 1.0000e-15 1.0000e-15 1.0000e-15 1.0000e-15
7.5300e+00 1.7135e+00 9.1925e-04 4.9314e-07 2.6456e-10 1.6427e-13 1.0000e-15 1.0000e-15 1.0000e-15 1.0000e-15 1.0000e-15
7.5400e+00 1.5596e+00 8.3667e-04 4.4884e-07 2.4079e-10 1.4824e-13 1.0000e-15 1.0000e-15 1.0000e-15 1.0000e-15 1.0000e-15
7.5500e+00 1.4195e+00 7.6150e-04 4.0852e-07 2.1917e-10 1.4556e-13 1.0000e-15 1.0000e-15 1.0000e-15 1.0000e-15 1.0000e-15
7.5600e+00 1.2920e+00 6.9309e-04 3.7182e-07 1.9948e-10 1.3848e-13 1.0000e-15 1.0000e-15 1.0000e-15 1.0000e-15 1.0000e-15
7.5700e+00 1.1759e+00 6.3083e-04 3.3841e-07 1.8154e-10 1.1863e-13 1.0000e-15 1.0000e-15 1.0000e-15 1.0000e-15 1.0000e-15
7.5800e+00 1.0703e+00 5.7415e-04 3.0801e-07 1.6524e-10 1.0678e-13 1.0000e-15 1.0000e-15 1.0000e-15 1.0000e-15 1.0000e-15
7.5900e+00 9.7411e-01 5.2257e-04 2.8034e-07 1.5039e-10 8.8275e-14 1.0000e-15 1.0000e-15 1.0000e-15 1.0000e-15 1.0000e-15
7.6000e+00 8.8660e-01 4.7563e-04 2.5516e-07 1.3688e-10 8.1422e-14 1.0000e-15 1.0000e-15 1.0000e-15 1.0000e-15 1.0000e-15
7.6100e+00 8.0695e-01 4.3290e-04 2.3223e-07 1.2458e-10 7.8479e-14 1.0000e-15 1.0000e-15 1.0000e-15 1.0000e-15 1.0000e-15
7.6200e+00 7.3446e-01 3.9401e-04 2.1137e-07 1.1339e-10 7.6711e-14 1.0000e-15 1.0000e-15 1.0000e-15 1.0000e-15 1.0000e-15
7.6300e+00 6.6848e-01 3.5861e-04 1.9238e-07 1.0320e-10 7.2264e-14 1.0000e-15 1.0000e-15 1.0000e-15 1.0000e-15 1.0000e-15
7.6400e+00 6.0842e-01 3.2640e-04 1.7510e-07 9.3931e-11 6.2863e-14 1.0000e-15 1.0000e-15 1.0000e-15 1.0000e-15 1.0000e-15
7.6500e+00 5.5376e-01 2.9707e-04 1.5937e-07 8.5493e-11 5.7352e-14 1.0000e-15 1.0000e-15 1.0000e-15 1.0000e-15 1.0000e-15
7.6600e+00 5.0402e-01 2.7039e-04 1.4505e-07 7.7811e-11 5.0715e-14 1.0000e-15 1.0000e-15 1.0000e-15 1.0000e-15 1.0000e-15
7.6700e+00 4.5874e-01 2.4609e-04 1.3202e-07 7.0820e-11 4.7700e-14 1.0000e-15 1.0000e-15 1.0000e-15 1.0000e-15 1.0000e-15
7.6800e+00 4.1753e-01 2.2399e-04 1.2016e-07 6.4456e-11 4.1485e-14 1.0000e-15 1.0000e-15 1.0000e-15 1.0000e-15 1.0000e-15
7.6900e+00 3.8002e-01 2.0386e-04 1.0937e-07 5.8671e-11 3.5811e-14 1.0000e-15 1.0000e-15 1.0000e-15 1.0000e-15 1.0000e-15
7.7000e+00 3.4588e-01 1.8555e-04 9.9540e-08 5.3405e-11 2.8951e-14 1.0000e-15 1.0000e-15 1.0000e-15 1.0000e-15 1.0000e-15
7.7100e+00 3.1480e-01 1.6888e-04 9.0598e-08 4.8617e-11 3.3497e-14 1.0000e-15 1.0000e-15 1.0000e-15 1.0000e-15 1.0000e-15
7.7200e+00 2.8652e-01 1.5371e-04 8.2459e-08 4.4253e-11 3.8801e-14 1.0000e-15 1.0000e-15 1.0000e-15 1.0000e-15 1.0000e-15
7.7300e+00 2.6078e-01 1.3990e-04 7.5051e-08 4.0288e-11 3.9574e-14 1.0000e-15 1.0000e-15 1.0000e-15 1.0000e-15 1.0000e-15
7.7400e+00 2.3735e-01 1.2733e-04 6.8309e-08 3.6672e-11 2.9685e-14 1.0000e-15 1.0000e-15 1.0000e-15 1.0000e-15 1.0000e-15
7.7500e+00 2.1603e-01 1.1589e-04 6.2172e-08 3.3374e-11 2.0869e-14 1.0000e-15 1.0000e-15 1.0000e-15 1.0000e-15 1.0000e-15
7.7600e+00 1.9662e-01 1.0548e-04 5.6587e-08 3.0368e-11 2.1259e-14 1.0000e-15 1.0000e-15 1.0000e-15 1.0000e-15 1.0000e-15
7.7700e+00 1.7896e-01 9.6005e-05 5.1503e-08 2.7635e-11 4.4613e-15 1.0000e-15 1.0000e-15 1.0000e-15 1.0000e-15 1.0000e-15
7.7800e+00 1.6288e-01 8.7380e-05 4.6876e-08 2.5147e-11 1.0000e-15 1.0000e-15 1.0000e-15 1.0000e-15 1.0000e-15 1.0000e-15
7.7900e+00 1.4825e-01 7.9530e-05 4.2665e-08 2.2892e-11 1.0000e-15 1.0000e-15 1.0000e-15 1.0000e-15 1.0000e-15 1.0000e-15
7.8000e+00 1.3493e-01 7.2386e-05 3.8832e-08 2.0838e-11 1.0000e-15 1.0000e-15 1.0000e-15 1.0000e-15 1.0000e-15 1.0000e-15
7.8100e+00 1.2281e-01 6.5883e-05 3.5343e-08 1.8971e-11 1.0000e-15 1.0000e-15 1.0000e-15 1.0000e-15 1.0000e-15 1.0000e-15
7.8200e+00 1.1178e-01 5.9964e-05 3.2168e-08 1.7266e-11 1.0000e-15 1.0000e-15 1.0000e-15 1.0000e-15 1.0000e-15 1.0000e-15
7.8300e+00 1.0174e-01 5.4577e-05 2.9278e-08 1.5713e-11 1.0000e-15 1.0000e-15 1.0000e-15 1.0000e-15 1.0000e-15 1.0000e-15
7.8400e+00 9.2596e-02 4.9674e-05 2.6648e-08 1.4300e-11 1.0000e-15 1.0000e-15 1.0000e-15 1.0000e-15 1.0000e-15 1.0000e-15
7.8500e+00 8.4277e-02 4.5211e-05 2.4254e-08 1.3015e-11 1.0000e-15 1.0000e-15 1.0000e-15 1.0000e-15 1.0000e-15 1.0000e-15
7.8600e+00 7.6706e-02 4.1150e-05 2.2075e-08 1.1846e-11 1.0000e-15 1.0000e-15 1.0000e-15 1.0000e-15 1.0000e-15 1.0000e-15
7.8700e+00 6.9815e-02 3.7453e-05 2.0092e-08 1.0779e-11 1.0000e-15 1.0000e-15 1.0000e-15 1.0000e-15 1.0000e-15 1.0000e-15
7.8800e+00 6.3543e-02 3.4088e-05 1.8287e-08 9.8118e-12 1.0000e-15 1.0000e-15 1.0000e-15 1.0000e-15 1.0000e-15 1.0000e-15
7.8900e+00 5.7834e-02 3.1026e-05 1.6644e-08 8.9279e-12 1.0000e-15 1.0000e-15 1.0000e-15 1.0000e-15 1.0000e-15 1.0000e-15
7.9000e+00 5.2639e-02 2.8239e-05 1.5149e-08 8.1352e-12 1.0000e-15 1.0000e-15 1.0000e-15 1.0000e-15 1.0000e-15 1.0000e-15
7.9100e+00 4.7910e-02 2.5702e-05 1.3788e-08 7.4021e-12 1.0000e-15 1.0000e-15 1.0000e-15 1.0000e-15 1.0000e-15 1.0000e-15
7.9200e+00 4.3606e-02 2.3393e-05 1.2549e-08 6.7363e-12 1.0000e-15 1.0000e-15 1.0000e-15 1.0000e-15 1.0000e-15 1.0000e-15
7.9300e+00 3.9688e-02 2.1291e-05 1.1422e-08 6.1389e-12 1.0000e-15 1.0000e-15 1.0000e-15 1.0000e-15 1.0000e-15 1.0000e-15
7.9400e+00 3.6123e-02 1.9379e-05 1.0396e-08 5.5849e-12 1.0000e-15 1.0000e-15 1.0000e-15 1.0000e-15 1.0000e-15 1.0000e-15
7.9500e+00 3.2878e-02 1.7638e-05 9.4619e-09 5.0911e-12 1.0000e-15 1.0000e-15 1.0000e-15 1.0000e-15 1.0000e-15 1.0000e-15
7.9600e+00 2.9924e-02 1.6053e-05 8.6119e-09 4.6219e-12 1.0000e-15 1.0000e-15 1.0000e-15 1.0000e-15 1.0000e-15 1.0000e-15
7.9700e+00 2.7236e-02 1.4611e-05 7.8382e-09 4.2075e-12 1.0000e-15 1.0000e-15 1.0000e-15 1.0000e-15 1.0000e-15 1.0000e-15
7.9800e+00 2.4789e-02 1.3298e-05 7.1341e-09 3.8275e-12 1.0000e-15 1.0000e-15 1.0000e-15 1.0000e-15 1.0000e-15 1.0000e-15
7.9900e+00 2.2562e-02 1.2104e-05 6.4932e-09 3.4833e-12 1.0000e-15 1.0000e-15 1.0000e-15 1.0000e-15 1.0000e-15 1.0000e-15
8.0000e+00 2.0535e-02 1.1016e-05 5.9098e-09 3.1626e-12 1.0000e-15 1.0000e-15 1.0000e-15 1.0000e-15 1.0000e-15 1.0000e-15
