# columns=iterations, rows=time
0.0000e+00 1.0000e-15 1.0000e-15 1.0000e-15 1.0000e-15 1.0000e-15 1.0000e-15 1.0000e-15 1.0000e-15 1.0000e-15 1.0000e-15
1.0000e-02 1.0000e-15 1.0000e-15 1.0000e-15 1.0000e-15 1.0000e-15 1.0000e-15 1.0000e-15 1.0000e-15 1.0000e-15 1.0000e-15
2.0000e-02 1.0000e-15 1.0000e-15 1.0000e-15 1.0000e-15 1.0000e-15 1.0000e-15 1.0000e-15 1.0000e-15 1.0000e-15 1.0000e-15
3.0000e-02 1.0000e-15 1.0000e-15 1.0000e-15 1.0000e-15 1.0000e-15 1.0000e-15 1.0000e-15 1.0000e-15 1.0000e-15 1.0000e-15
4.0000e-02 1.0000e-15 1.0000e-15 1.0000e-15 1.0000e-15 1.0000e-15 1.0000e-15 1.0000e-15 1.0000e-15 1.0000e-15 1.0000e-15
5.0000e-02 1.0000e-15 1.0000e-15 1.0000e-15 1.0000e-15 1.0000e-15 1.0000e-15 1.0000e-15 1.0000e-15 1.0000e-15 1.0000e-15
6.0000e-02 1.0000e-15 1.0000e-15 1.0000e-15 1.0000e-15 1.0000e-15 1.0000e-15 1.0000e-15 1.0000e-15 1.0000e-15 1.0000e-15
7.0000e-02 1.0000e-15 1.0000e-15 1.0000e-15 1.0000e-15 1.0000e-15 1.0000e-15 1.0000e-15 1.0000e-15 1.0000e-15 1.0000e-15
8.0000e-02 1.0000e-15 1.0000e-15 1.0000e-15 1.0000e-15 1.0000e-15 1.0000e-15 1.0000e-15 1.0000e-15 1.0000e-15 1.0000e-15
9.0000e-02 1.0000e-15 1.0000e-15 1.0000e-15 1.0000e-15 1.0000e-15 1.0000e-15 1.0000e-15 1.0000e-15 1.0000e-15 1.0000e-15
1.0000e-01 1.0000e-15 1.0000e-15 1.0000e-15 1.0000e-15 1.0000e-15 1.0000e-15 1.0000e-15 1.0000e-15 1.0000e-15 1.0000e-15
1.1000e-01 1.0000e-15 1.0000e-15 1.0000e-15 1.0000e-15 1.0000e-15 1.0000e-15 1.0000e-15 1.0000e-15 1.0000e-15 1.0000e-15
1.2000e-01 1.0000e-15 1.0000e-15 1.0000e-15 1.0000e-15 1.0000e-15 1.0000e-15 1.0000e-15 1.0000e-15 1.0000e-15 1.0000e-15
1.3000e-01 1.0000e-15 1.0000e-15 1.0000e-15 1.0000e-15 1.0000e-15 1.0000e-15 1.0000e-15 1.0000e-15 1.0000e-15 1.0000e-15
1.4000e-01 1.0000e-15 1.0000e-15 1.0000e-15 1.0000e-15 1.0000e-15 1.0000e-15 1.0000e-15 1.0000e-15 1.0000e-15 1.0000e-15
1.5000e-01 1.0000e-15 1.0000e-15 1.0000e-15 1.0000e-15 1.0000e-15 1.0000e-15 1.0000e-15 1.0000e-15 1.0000e-15 1.0000e-15
1.6000e-01 1.0000e-15 1.0000e-15 1.0000e-15 1.0000e-15 1.0000e-15 1.0000e-15 1.0000e-15 1.0000e-15 1.0000e-15 1.0000e-15
1.7000e-01 1.0000e-15 1.0000e-15 1.0000e-15 1.0000e-15 1.0000e-15 1.0000e-15 1.0000e-15 1.0000e-15 1.0000e-15 1.0000e-15
1.8000e-01 1.0000e-15 1.0000e-15 1.0000e-15 1.0000e-15 1.0000e-15 1.0000e-15 1.0000e-15 1.0000e-15 1.0000e-15 1.0000e-15
1.9000e-01 1.0000e-15 1.0000e-15 1.0000e-15 1.0000e-15 1.0000e-15 1.0000e-15 1.0000e-15 1.0000e-15 1.0000e-15 1.0000e-15
2.0000e-01 1.0000e-15 1.0000e-15 1.0000e-15 1.0000e-15 1.0000e-15 1.0000e-15 1.0000e-15 1.0000e-15 1.0000e-15 1.0000e-15
2.1000e-01 1.0000e-15 1.0000e-15 1.0000e-15 1.0000e-15 1.0000e-15 1.0000e-15 1.0000e-15 1.0000e-15 1.0000e-15 1.0000e-15
2.2000e-01 1.0000e-15 1.0000e-15 1.0000e-15 1.0000e-15 1.0000e-15 1.0000e-15 1.0000e-15 1.0000e-15 1.0000e-15 1.0000e-15
2.3000e-01 1.0000e-15 1.0000e-15 1.0000e-15 1.0000e-15 1.0000e-15 1.0000e-15 1.0000e-15 1.0000e-15 1.0000e-15 1.0000e-15
2.4000e-01 1.0000e-15 1.0000e-15 1.0000e-15 1.0000e-15 1.0000e-15 1.0000e-15 1.0000e-15 1.0000e-15 1.0000e-15 1.0000e-15
2.5000e-01 1.0000e-15 1.0000e-15 1.0000e-15 1.0000e-15 1.0000e-15 1.0000e-15 1.0000e-15 1.0000e-15 1.0000e-15 1.0000e-15
2.6000e-01 1.0000e-15 1.0000e-15 1.0000e-15 1.0000e-15 1.0000e-15 1.0000e-15 1.0000e-15 1.0000e-15 1.0000e-15 1.0000e-15
2.7000e-01 1.0000e-15 1.0000e-15 1.0000e-15 1.0000e-15 1.0000e-15 1.0000e-15 1.0000e-15 1.0000e-15 1.0000e-15 1.0000e-15
2.8000e-01 1.0000e-15 1.0000e-15 1.0000e-15 1.0000e-15 1.0000e-15 1.0000e-15 1.0000e-15 1.0000e-15 1.0000e-15 1.0000e-15
2.9000e-01 1.0000e-15 1.0000e-15 1.0000e-15 1.0000e-15 1.0000e-15 1.0000e-15 1.0000e-15 1.0000e-15 1.0000e-15 1.0000e-15
3.0000e-01 1.0000e-15 1.0000e-15 1.0000e-15 1.0000e-15 1.0000e-15 1.0000e-15 1.0000e-15 1.0000e-15 1.0000e-15 1.0000e-15
3.1000e-01 1.0000e-15 1.0000e-15 1.0000e-15 1.0000e-15 1.0000e-15 1.0000e-15 1.0000e-15 1.0000e-15 1.0000e-15 1.0000e-15
3.2000e-01 1.0000e-15 1.0000e-15 1.0000e-15 1.0000e-15 1.0000e-15 1.0000e-15 1.0000e-15 1.0000e-15 1.0000e-15 1.0000e-15
3.3000e-01 1.0000e-15 1.0000e-15 1.0000e-15 1.0000e-15 1.0000e-15 1.0000e-15 1.0000e-15 1.0000e-15 1.0000e-15 1.0000e-15
3.4000e-01 1.0000e-15 1.0000e-15 1.0000e-15 1.0000e-15 1.0000e-15 1.0000e-15 1.0000e-15 1.0000e-15 1.0000e-15 1.0000e-15
3.5000e-01 1.0000e-15 1.0000e-15 1.0000e-15 1.0000e-15 1.0000e-15 1.0000e-15 1.0000e-15 1.0000e-15 1.0000e-15 1.0000e-15
3.6000e-01 1.0000e-15 1.0000e-15 1.0000e-15 1.0000e-15 1.0000e-15 1.0000e-15 1.0000e-15 1.0000e-15 1.0000e-15 1.0000e-15
3.7000e-01 1.0000e-15 1.0000e-15 1.0000e-15 1.0000e-15 1.0000e-15 1.0000e-15 1.0000e-15 1.0000e-15 1.0000e-15 1.0000e-15
3.8000e-01 1.0000e-15 1.0000e-15 1.0000e-15 1.0000e-15 1.0000e-15 1.0000e-15 1.0000e-15 1.0000e-15 1.0000e-15 1.0000e-15
3.9000e-01 1.0000e-15 1.0000e-15 1.0000e-15 1.0000e-15 1.0000e-15 1.0000e-15 1.0000e-15 1.0000e-15 1.0000e-15 1.0000e-15
4.0000e-01 1.0000e-15 1.0000e-15 1.0000e-15 1.0000e-15 1.0000e-15 1.0000e-15 1.0000e-15 1.0000e-15 1.0000e-15 1.0000e-15
4.1000e-01 1.0000e-15 1.0000e-15 1.0000e-15 1.0000e-15 1.0000e-15 1.0000e-15 1.0000e-15 1.0000e-15 1.0000e-15 1.0000e-15
4.2000e-01 1.0000e-15 1.0000e-15 1.0000e-15 1.0000e-15 1.0000e-15 1.0000e-15 1.0000e-15 1.0000e-15 1.0000e-15 1.0000e-15
4.3000e-01 1.0000e-15 1.0000e-15 1.0000e-15 1.0000e-15 1.0000e-15 1.0000e-15 1.0000e-15 1.0000e-15 1.0000e-15 1.0000e-15
4.4000e-01 1.0000e-15 1.0000e-15 1.0000e-15 1.0000e-15 1.0000e-15 1.0000e-15 1.0000e-15 1.0000e-15 1.0000e-15 1.0000e-15
4.5000e-01 1.0000e-15 1.0000e-15 1.0000e-15 1.0000e-15 1.0000e-15 1.0000e-15 1.0000e-15 1.0000e-15 1.0000e-15 1.0000e-15
4.6000e-01 1.0000e-15 1.0000e-15 1.0000e-15 1.0000e-15 1.0000e-15 1.0000e-15 1.0000e-15 1.0000e-15 1.0000e-15 1.0000e-15
4.7000e-01 1.0000e-15 1.0000e-15 1.0000e-15 1.0000e-15 1.0000e-15 1.0000e-15 1.0000e-15 1.0000e-15 1.0000e-15 1.0000e-15
4.8000e-01 1.0000e-15 1.0000e-15 1.0000e-15 1.0000e-15 1.0000e-15 1.0000e-15 1.0000e-15 1.0000e-15 1.0000e-15 1.0000e-15
4.9000e-01 1.0000e-15 1.0000e-15 1.0000e-15 1.0000e-15 1.0000e-15 1.0000e-15 1.0000e-15 1.0000e-15 1.0000e-15 1.0000e-15
5.0000e-01 1.0000e-15 1.0000e-15 1.0000e-15 1.0000e-15 1.0000e-15 1.0000e-15 1.0000e-15 1.0000e-15 1.0000e-15 1.0000e-15
5.1000e-01 1.0000e-15 1.0000e-15 1.0000e-15 1.0000e-15 1.0000e-15 1.0000e-15 1.0000e-15 1.0000e-15 1.0000e-15 1.0000e-15
5.2000e-01 1.0000e-15 1.0000e-15 1.0000e-15 1.0000e-15 1.0000e-15 1.0000e-15 1.0000e-15 1.0000e-15 1.0000e-15 1.0000e-15
5.3000e-01 1.0000e-15 1.0000e-15 1.0000e-15 1.0000e-15 1.0000e-15 1.0000e-15 1.0000e-15 1.0000e-15 1.0000e-15 1.0000e-15
5.4000e-01 1.0000e-15 1.0000e-15 1.0000e-15 1.0000e-15 1.0000e-15 1.0000e-15 1.0000e-15 1.0000e-15 1.0000e-15 1.0000e-15
5.5000e-01 1.0000e-15 1.0000e-15 1.0000e-15 1.0000e-15 1.0000e-15 1.0000e-15 1.0000e-15 1.0000e-15 1.0000e-15 1.0000e-15
5.6000e-01 1.0000e-15 1.0000e-15 1.0000e-15 1.0000e-15 1.0000e-15 1.0000e-15 1.0000e-15 1.0000e-15 1.0000e-15 1.0000e-15
5.7000e-01 1.0000e-15 1.0000e-15 1.0000e-15 1.0000e-15 1.0000e-15 1.0000e-15 1.0000e-15 1.0000e-15 1.0000e-15 1.0000e-15
5.8000e-01 1.0000e-15 1.0000e-15 1.0000e-15 1.0000e-15 1.0000e-15 1.0000e-15 1.0000e-15 1.0000e-15 1.0000e-15 1.0000e-15
5.9000e-01 1.0000e-15 1.0000e-15 1.0000e-15 1.0000e-15 1.0000e-15 1.0000e-15 1.0000e-15 1.0000e-15 1.0000e-15 1.0000e-15
6.0000e-01 1.0000e-15 1.0000e-15 1.0000e-15 1.0000e-15 1.0000e-15 1.0000e-15 1.0000e-15 1.0000e-15 1.0000e-15 1.0000e-15
6.1000e-01 1.0000e-15 1.0000e-15 1.0000e-15 1.0000e-15 1.0000e-15 1.0000e-15 1.0000e-15 1.0000e-15 1.0000e-15 1.0000e-15
6.2000e-01 1.0000e-15 1.0000e-15 1.0000e-15 1.0000e-15 1.0000e-15 1.0000e-15 1.0000e-15 1.0000e-15 1.0000e-15 1.0000e-15
6.3000e-01 1.0000e-15 1.0000e-15 1.0000e-15 1.0000e-15 1.0000e-15 1.0000e-15 1.0000e-15 1.0000e-15 1.0000e-15 1.0000e-15
6.4000e-01 1.0000e-15 1.0000e-15 1.0000e-15 1.0000e-15 1.0000e-15 1.0000e-15 1.0000e-15 1.0000e-15 1.0000e-15 1.0000e-15
6.5000e-01 1.0000e-15 1.0000e-15 1.0000e-15 1.0000e-15 1.0000e-15 1.0000e-15 1.0000e-15 1.0000e-15 1.0000e-15 1.0000e-15
6.6000e-01 1.0000e-15 1.0000e-15 1.0000e-15 1.0000e-15 1.0000e-15 1.0000e-15 1.0000e-15 1.0000e-15 1.0000e-15 1.0000e-15
6.7000e-01 1.0000e-15 1.0000e-15 1.0000e-15 1.0000e-15 1.0000e-15 1.0000e-15 1.0000e-15 1.0000e-15 1.0000e-15 1.0000e-15
6.8000e-01 1.0000e-15 1.0000e-15 1.0000e-15 1.0000e-15 1.0000e-15 1.0000e-15 1.0000e-15 1.0000e-15 1.0000e-15 1.0000e-15
6.9000e-01 1.0000e-15 1.0000e-15 1.0000e-15 1.0000e-15 1.0000e-15 1.0000e-15 1.0000e-15 1.0000e-15 1.0000e-15 1.0000e-15
7.0000e-01 1.0000e-15 1.0000e-15 1.0000e-15 1.0000e-15 1.0000e-15 1.0000e-15 1.0000e-15 1.0000e-15 1.0000e-15 1.0000e-15
7.1000e-01 1.0000e-15 1.0000e-15 1.0000e-15 1.0000e-15 1.0000e-15 1.0000e-15 1.0000e-15 1.0000e-15 1.0000e-15 1.0000e-15
7.2000e-01 1.0000e-15 1.0000e-15 1.0000e-15 1.0000e-15 1.0000e-15 1.0000e-15 1.0000e-15 1.0000e-15 1.0000e-15 1.0000e-15
7.3000e-01 1.0000e-15 1.0000e-15 1.0000e-15 1.0000e-15 1.0000e-15 1.0000e-15 1.0000e-15 1.0000e-15 1.0000e-15 1.0000e-15
7.4000e-01 1.0000e-15 1.0000e-15 1.0000e-15 1.0000e-15 1.0000e-15 1.0000e-15 1.0000e-15 1.0000e-15 1.0000e-15 1.0000e-15
7.5000e-01 1.0000e-15 1.0000e-15 1.0000e-15 1.0000e-15 1.0000e-15 1.0000e-15 1.0000e-15 1.0000e-15 1.0000e-15 1.0000e-15
7.6000e-01 1.0000e-15 1.0000e-15 1.0000e-15 1.0000e-15 1.0000e-15 1.0000e-15 1.0000e-15 1.0000e-15 1.0000e-15 1.0000e-15
7.7000e-01 1.0000e-15 1.0000e-15 1.0000e-15 1.0000e-15 1.0000e-15 1.0000e-15 1.0000e-15 1.0000e-15 1.0000e-15 1.0000e-15
7.8000e-01 1.0000e-15 1.0000e-15 1.0000e-15 1.0000e-15 1.0000e-15 1.0000e-15 1.0000e-15 1.0000e-15 1.0000e-15 1.0000e-15
7.9000e-01 1.0000e-15 1.0000e-15 1.0000e-15 1.0000e-15 1.0000e-15 1.0000e-15 1.0000e-15 1.0000e-15 1.0000e-15 1.0000e-15
8.0000e-01 1.0000e-15 1.0000e-15 1.0000e-15 1.0000e-15 1.0000e-15 1.0000e-15 1.0000e-15 1.0000e-15 1.0000e-15 1.0000e-15
8.1000e-01 3.7323e+01 5.5173e-15 5.5173e-15 5.5173e-15 5.5173e-15 5.5173e-15 5.5173e-15 5.5173e-15 5.5173e-15 5.5173e-15
8.2000e-01 3.3935e+01 5.9979e-15 5.9979e-15 5.9979e-15 5.9979e-15 5.9979e-15 5.9979e-15 5.9979e-15 5.9979e-15 5.9979e-15
8.3000e-01 3.0867e+01 7.3081e-15 7.3081e-15 7.3081e-15 7.3081e-15 7.3081e-15 7.3081e-15 7.3081e-15 7.3081e-15 7.3081e-15
8.4000e-01 2.8083e+01 5.9020e-15 5.9020e-15 5.9020e-15 5.9020e-15 5.9020e-15 5.9020e-15 5.9020e-15 5.9020e-15 5.9020e-15
8.5000e-01 2.5554e+01 4.6193e-15 4.6193e-15 4.6193e-15 4.6193e-15 4.6193e-15 4.6193e-15 4.6193e-15 4.6193e-15 4.6193e-15
8.6000e-01 2.3255e+01 4.7941e-15 4.7941e-15 4.7941e-15 4.7941e-15 4.7941e-15 4.7941e-15 4.7941e-15 4.7941e-15 4.7941e-15
8.7000e-01 2.1164e+01 3.1566e-15 3.1566e-15 3.1566e-15 3.1566e-15 3.1566e-15 3.1566e-15 3.1566e-15 3.1566e-15 3.1566e-15
8.8000e-01 1.9262e+01 2.9328e-15 2.9328e-15 2.9328e-15 2.9328e-15 2.9328e-15 2.9328e-15 2.9328e-15 2.9328e-15 2.9328e-15
8.9000e-01 1.7531e+01 3.7984e-15 3.7984e-15 3.7984e-15 3.7984e-15 3.7984e-15 3.7984e-15 3.7984e-15 3.7984e-15 3.7984e-15
9.0000e-01 1.5955e+01 1.9930e-15 1.9930e-15 1.9930e-15 1.9930e-15 1.9930e-15 1.9930e-15 1.9930e-15 1.9930e-15 1.9930e-15
9.1000e-01 1.4522e+01 2.0190e-15 2.0190e-15 2.0190e-15 2.0190e-15 2.0190e-15 2.0190e-15 2.0190e-15 2.0190e-15 2.0190e-15
9.2000e-01 1.3217e+01 1.5118e-15 1.5118e-15 1.5118e-15 1.5118e-15 1.5118e-15 1.5118e-15 1.5118e-15 1.5118e-15 1.5118e-15
9.3000e-01 1.2030e+01 1.0000e-15 1.0000e-15 1.0000e-15 1.0000e-15 1.0000e-15 1.0000e-15 1.0000e-15 1.0000e-15 1.0000e-15
9.4000e-01 1.0949e+01 1.0000e-15 1.0000e-15 1.0000e-15 1.0000e-15 1.0000e-15 1.0000e-15 1.0000e-15 1.0000e-15 1.0000e-15
9.5000e-01 9.9653e+00 1.0000e-15 1.0000e-15 1.0000e-15 1.0000e-15 1.0000e-15 1.0000e-15 1.0000e-15 1.0000e-15 1.0000e-15
9.6000e-01 9.0700e+00 1.0000e-15 1.0000e-15 1.0000e-15 1.0000e-15 1.0000e-15 1.0000e-15 1.0000e-15 1.0000e-15 1.0000e-15
9.7000e-01 8.2552e+00 1.0000e-15 1.0000e-15 1.0000e-15 1.0000e-15 1.0000e-15 1.0000e-15 1.0000e-15 1.0000e-15 1.0000e-15
9.8000e-01 7.5136e+00 1.0000e-15 1.0000e-15 1.0000e-15 1.0000e-15 1.0000e-15 1.0000e-15 1.0000e-15 1.0000e-15 1.0000e-15
9.9000e-01 6.8386e+00 1.0000e-15 1.0000e-15 1.0000e-15 1.0000e-15 1.0000e-15 1.0000e-15 1.0000e-15 1.0000e-15 1.0000e-15
1.0000e+00 6.2242e+00 1.0000e-15 1.0000e-15 1.0000e-15 1.0000e-15 1.0000e-15 1.0000e-15 1.0000e-15 1.0000e-15 1.0000e-15
1.0100e+00 5.6651e+00 1.0000e-15 1.0000e-15 1.0000e-15 1.0000e-15 1.0000e-15 1.0000e-15 1.0000e-15 1.0000e-15 1.0000e-15
1.0200e+00 5.1561e+00 1.0000e-15 1.0000e-15 1.0000e-15 1.0000e-15 1.0000e-15 1.0000e-15 1.0000e-15 1.0000e-15 1.0000e-15
1.0300e+00 4.6929e+00 1.0000e-15 1.0000e-15 1.0000e-15 1.0000e-15 1.0000e-15 1.0000e-15 1.0000e-15 1.0000e-15 1.0000e-15
1.0400e+00 4.2713e+00 1.0000e-15 1.0000e-15 1.0000e-15 1.0000e-15 1.0000e-15 1.0000e-15 1.0000e-15 1.0000e-15 1.0000e-15
1.0500e+00 3.8876e+00 1.0000e-15 1.0000e-15 1.0000e-15 1.0000e-15 1.0000e-15 1.0000e-15 1.0000e-15 1.0000e-15 1.0000e-15
1.0600e+00 3.5383e+00 1.0000e-15 1.0000e-15 1.0000e-15 1.0000e-15 1.0000e-15 1.0000e-15 1.0000e-15 1.0000e-15 1.0000e-15
1.0700e+00 3.2205e+00 1.0000e-15 1.0000e-15 1.0000e-15 1.0000e-15 1.0000e-15 1.0000e-15 1.0000e-15 1.0000e-15 1.0000e-15
1.0800e+00 2.9312e+00 1.0000e-15 1.0000e-15 1.0000e-15 1.0000e-15 1.0000e-15 1.0000e-15 1.0000e-15 1.0000e-15 1.0000e-15
1.0900e+00 2.6678e+00 1.0000e-15 1.0000e-15 1.0000e-15 1.0000e-15 1.0000e-15 1.0000e-15 1.0000e-15 1.0000e-15 1.0000e-15
1.1000e+00 2.4282e+00 1.0000e-15 1.0000e-15 1.0000e-15 1.0000e-15 1.0000e-15 1.0000e-15 1.0000e-15 1.0000e-15 1.0000e-15
1.1100e+00 2.2100e+00 1.0000e-15 1.0000e-15 1.0000e-15 1.0000e-15 1.0000e-15 1.0000e-15 1.0000e-15 1.0000e-15 1.0000e-15
1.1200e+00 2.0115e+00 1.0000e-15 1.0000e-15 1.0000e-15 1.0000e-15 1.0000e-15 1.0000e-15 1.0000e-15 1.0000e-15 1.0000e-15
1.1300e+00 1.8308e+00 1.0000e-15 1.0000e-15 1.0000e-15 1.0000e-15 1.0000e-15 1.0000e-15 1.0000e-15 1.0000e-15 1.0000e-15
1.1400e+00 1.6663e+00 1.0000e-15 1.0000e-15 1.0000e-15 1.0000e-15 1.0000e-15 1.0000e-15 1.0000e-15 1.0000e-15 1.0000e-15
1.1500e+00 1.5166e+00 1.0000e-15 1.0000e-15 1.0000e-15 1.0000e-15 1.0000e-15 1.0000e-15 1.0000e-15 1.0000e-15 1.0000e-15
1.1600e+00 1.3804e+00 1.0000e-15 1.0000e-15 1.0000e-15 1.0000e-15 1.0000e-15 1.0000e-15 1.0000e-15 1.0000e-15 1.0000e-15
1.1700e+00 1.2564e+00 1.0000e-15 1.0000e-15 1.0000e-15 1.0000e-15 1.0000e-15 1.0000e-15 1.0000e-15 1.0000e-15 1.0000e-15
1.1800e+00 1.1435e+00 1.0000e-15 1.0000e-15 1.0000e-15 1.0000e-15 1.0000e-15 1.0000e-15 1.0000e-15 1.0000e-15 1.0000e-15
1.1900e+00 1.0408e+00 1.0000e-15 1.0000e-15 1.0000e-15 1.0000e-15 1.0000e-15 1.0000e-15 1.0000e-15 1.0000e-15 1.0000e-15
1.2000e+00 9.4726e-01 1.0000e-15 1.0000e-15 1.0000e-15 1.0000e-15 1.0000e-15 1.0000e-15 1.0000e-15 1.0000e-15 1.0000e-15
1.2100e+00 8.6216e-01 1.0000e-15 1.0000e-15 1.0000e-15 1.0000e-15 1.0000e-15 1.0000e-15 1.0000e-15 1.0000e-15 1.0000e-15
1.2200e+00 7.8471e-01 1.0000e-15 1.0000e-15 1.0000e-15 1.0000e-15 1.0000e-15 1.0000e-15 1.0000e-15 1.0000e-15 1.0000e-15
1.2300e+00 7.1421e-01 1.0000e-15 1.0000e-15 1.0000e-15 1.0000e-15 1.0000e-15 1.0000e-15 1.0000e-15 1.0000e-15 1.0000e-15
1.2400e+00 6.5005e-01 1.0000e-15 1.0000e-15 1.0000e-15 1.0000e-15 1.0000e-15 1.0000e-15 1.0000e-15 1.0000e-15 1.0000e-15
1.2500e+00 5.9165e-01 1.0000e-15 1.0000e-15 1.0000e-15 1.0000e-15 1.0000e-15 1.0000e-15 1.0000e-15 1.0000e-15 1.0000e-15
1.2600e+00 5.3850e-01 1.0000e-15 1.0000e-15 1.0000e-15 1.0000e-15 1.0000e-15 1.0000e-15 1.0000e-15 1.0000e-15 1.0000e-15
1.2700e+00 4.9012e-01 1.0000e-15 1.0000e-15 1.0000e-15 1.0000e-15 1.0000e-15 1.0000e-15 1.0000e-15 1.0000e-15 1.0000e-15
1.2800e+00 4.4609e-01 1.0000e-15 1.0000e-15 1.0000e-15 1.0000e-15 1.0000e-15 1.0000e-15 1.0000e-15 1.0000e-15 1.0000e-15
1.2900e+00 4.0602e-01 1.0000e-15 1.0000e-15 1.0000e-15 1.0000e-15 1.0000e-15 1.0000e-15 1.0000e-15 1.0000e-15 1.0000e-15
1.3000e+00 3.6954e-01 1.0000e-15 1.0000e-15 1.0000e-15 1.0000e-15 1.0000e-15 1.0000e-15 1.0000e-15 1.0000e-15 1.0000e-15
1.3100e+00 3.3634e-01 1.0000e-15 1.0000e-15 1.0000e-15 1.0000e-15 1.0000e-15 1.0000e-15 1.0000e-15 1.0000e-15 1.0000e-15
1.3200e+00 3.0613e-01 1.0000e-15 1.0000e-15 1.0000e-15 1.0000e-15 1.0000e-15 1.0000e-15 1.0000e-15 1.0000e-15 1.0000e-15
1.3300e+00 2.7862e-01 1.0000e-15 1.0000e-15 1.0000e-15 1.0000e-15 1.0000e-15 1.0000e-15 1.0000e-15 1.0000e-15 1.0000e-15
1.3400e+00 2.5359e-01 1.0000e-15 1.0000e-15 1.0000e-15 1.0000e-15 1.0000e-15 1.0000e-15 1.0000e-15 1.0000e-15 1.0000e-15
1.3500e+00 2.3081e-01 1.0000e-15 1.0000e-15 1.0000e-15 1.0000e-15 1.0000e-15 1.0000e-15 1.0000e-15 1.0000e-15 1.0000e-15
1.3600e+00 2.1008e-01 1.0000e-15 1.0000e-15 1.0000e-15 1.0000e-15 1.0000e-15 1.0000e-15 1.0000e-15 1.0000e-15 1.0000e-15
1.3700e+00 1.9120e-01 1.0000e-15 1.0000e-15 1.0000e-15 1.0000e-15 1.0000e-15 1.0000e-15 1.0000e-15 1.0000e-15 1.0000e-15
1.3800e+00 1.7403e-01 1.0000e-15 1.0000e-15 1.0000e-15 1.0000e-15 1.0000e-15 1.0000e-15 1.0000e-15 1.0000e-15 1.0000e-15
1.3900e+00 1.5839e-01 1.0000e-15 1.0000e-15 1.0000e-15 1.0000e-15 1.0000e-15 1.0000e-15 1.0000e-15 1.0000e-15 1.0000e-15
1.4000e+00 1.4416e-01 1.0000e-15 1.0000e-15 1.0000e-15 1.0000e-15 1.0000e-15 1.0000e-15 1.0000e-15 1.0000e-15 1.0000e-15
1.4100e+00 1.3121e-01 1.0000e-15 1.0000e-15 1.0000e-15 1.0000e-15 1.0000e-15 1.0000e-15 1.0000e-15 1.0000e-15 1.0000e-15
1.4200e+00 1.1942e-01 1.0000e-15 1.0000e-15 1.0000e-15 1.0000e-15 1.0000e-15 1.0000e-15 1.0000e-15 1.0000e-15 1.0000e-15
1.4300e+00 1.0870e-01 1.0000e-15 1.0000e-15 1.0000e-15 1.0000e-15 1.0000e-15 1.0000e-15 1.0000e-15 1.0000e-15 1.0000e-15
1.4400e+00 9.8931e-02 1.0000e-15 1.0000e-15 1.0000e-15 1.0000e-15 1.0000e-15 1.0000e-15 1.0000e-15 1.0000e-15 1.0000e-15
1.4500e+00 9.0043e-02 1.0000e-15 1.0000e-15 1.0000e-15 1.0000e-15 1.0000e-15 1.0000e-15 1.0000e-15 1.0000e-15 1.0000e-15
1.4600e+00 8.1954e-02 1.0000e-15 1.0000e-15 1.0000e-15 1.0000e-15 1.0000e-15 1.0000e-15 1.0000e-15 1.0000e-15 1.0000e-15
1.4700e+00 7.4591e-02 1.0000e-15 1.0000e-15 1.0000e-15 1.0000e-15 1.0000e-15 1.0000e-15 1.0000e-15 1.0000e-15 1.0000e-15
1.4800e+00 6.7890e-02 1.0000e-15 1.0000e-15 1.0000e-15 1.0000e-15 1.0000e-15 1.0000e-15 1.0000e-15 1.0000e-15 1.0000e-15
1.4900e+00 6.1791e-02 1.0000e-15 1.0000e-15 1.0000e-15 1.0000e-15 1.0000e-15 1.0000e-15 1.0000e-15 1.0000e-15 1.0000e-15
1.5000e+00 5.6240e-02 1.0000e-15 1.0000e-15 1.0000e-15 1.0000e-15 1.0000e-15 1.0000e-15 1.0000e-15 1.0000e-15 1.0000e-15
1.5100e+00 5.1188e-02 1.0000e-15 1.0000e-15 1.0000e-15 1.0000e-15 1.0000e-15 1.0000e-15 1.0000e-15 1.0000e-15 1.0000e-15
1.5200e+00 4.6589e-02 1.0000e-15 1.0000e-15 1.0000e-15 1.0000e-15 1.0000e-15 1.0000e-15 1.0000e-15 1.0000e-15 1.0000e-15
1.5300e+00 4.2404e-02 1.0000e-15 1.0000e-15 1.0000e-15 1.0000e-15 1.0000e-15 1.0000e-15 1.0000e-15 1.0000e-15 1.0000e-15
1.5400e+00 3.8594e-02 1.0000e-15 1.0000e-15 1.0000e-15 1.0000e-15 1.0000e-15 1.0000e-15 1.0000e-15 1.0000e-15 1.0000e-15
1.5500e+00 3.5127e-02 1.0000e-15 1.0000e-15 1.0000e-15 1.0000e-15 1.0000e-15 1.0000e-15 1.0000e-15 1.0000e-15 1.0000e-15
1.5600e+00 3.1971e-02 1.0000e-15 1.0000e-15 1.0000e-15 1.0000e-15 1.0000e-15 1.0000e-15 1.0000e-15 1.0000e-15 1.0000e-15
1.5700e+00 2.9099e-02 1.0000e-15 1.0000e-15 1.0000e-15 1.0000e-15 1.0000e-15 1.0000e-15 1.0000e-15 1.0000e-15 1.0000e-15
1.5800e+00 2.6485e-02 1.0000e-15 1.0000e-15 1.0000e-15 1.0000e-15 1.0000e-15 1.0000e-15 1.0000e-15 1.0000e-15 1.0000e-15
1.5900e+00 2.4106e-02 1.0000e-15 1.0000e-15 1.0000e-15 1.0000e-15 1.0000e-15 1.0000e-15 1.0000e-15 1.0000e-15 1.0000e-15
1.6000e+00 2.1940e-02 1.0000e-15 1.0000e-15 1.0000e-15 1.0000e-15 1.0000e-15 1.0000e-15 1.0000e-15 1.0000e-15 1.0000e-15
1.6100e+00 3.5178e+01 4.1650e+00 1.0000e-15 1.0000e-15 1.0000e-15 1.0000e-15 1.0000e-15 1.0000e-15 1.0000e-15 1.0000e-15
1.6200e+00 3.1994e+01 3.7906e+00 1.0000e-15 1.0000e-15 1.0000e-15 1.0000e-15 1.0000e-15 1.0000e-15 1.0000e-15 1.0000e-15
1.6300e+00 2.9107e+01 3.4499e+00 1.0000e-15 1.0000e-15 1.0000e-15 1.0000e-15 1.0000e-15 1.0000e-15 1.0000e-15 1.0000e-15
1.6400e+00 2.6485e+01 3.1399e+00 1.0000e-15 1.0000e-15 1.0000e-15 1.0000e-15 1.0000e-15 1.0000e-15 1.0000e-15 1.0000e-15
1.6500e+00 2.4102e+01 2.8577e+00 1.0000e-15 1.0000e-15 1.0000e-15 1.0000e-15 1.0000e-15 1.0000e-15 1.0000e-15 1.0000e-15
1.6600e+00 2.1934e+01 2.6010e+00 1.0000e-15 1.0000e-15 1.0000e-15 1.0000e-15 1.0000e-15 1.0000e-15 1.0000e-15 1.0000e-15
1.6700e+00 1.9962e+01 2.3673e+00 1.0000e-15 1.0000e-15 1.0000e-15 1.0000e-15 1.0000e-15 1.0000e-15 1.0000e-15 1.0000e-15
1.6800e+00 1.8168e+01 2.1546e+00 1.0000e-15 1.0000e-15 1.0000e-15 1.0000e-15 1.0000e-15 1.0000e-15 1.0000e-15 1.0000e-15
1.6900e+00 1.6536e+01 1.9610e+00 1.0000e-15 1.0000e-15 1.0000e-15 1.0000e-15 1.0000e-15 1.0000e-15 1.0000e-15 1.0000e-15
1.7000e+00 1.5050e+01 1.7849e+00 1.0000e-15 1.0000e-15 1.0000e-15 1.0000e-15 1.0000e-15 1.0000e-15 1.0000e-15 1.0000e-15
1.7100e+00 1.3698e+01 1.6245e+00 1.0000e-15 1.0000e-15 1.0000e-15 1.0000e-15 1.0000e-15 1.0000e-15 1.0000e-15 1.0000e-15
1.7200e+00 1.2467e+01 1.4786e+00 1.0000e-15 1.0000e-15 1.0000e-15 1.0000e-15 1.0000e-15 1.0000e-15 1.0000e-15 1.0000e-15
1.7300e+00 1.1347e+01 1.3457e+00 1.0000e-15 1.0000e-15 1.0000e-15 1.0000e-15 1.0000e-15 1.0000e-15 1.0000e-15 1.0000e-15
1.7400e+00 1.0328e+01 1.2248e+00 1.0000e-15 1.0000e-15 1.0000e-15 1.0000e-15 1.0000e-15 1.0000e-15 1.0000e-15 1.0000e-15
1.7500e+00 9.3998e+00 1.1148e+00 1.0000e-15 1.0000e-15 1.0000e-15 1.0000e-15 1.0000e-15 1.0000e-15 1.0000e-15 1.0000e-15
1.7600e+00 8.5553e+00 1.0147e+00 1.0000e-15 1.0000e-15 1.0000e-15 1.0000e-15 1.0000e-15 1.0000e-15 1.0000e-15 1.0000e-15
1.7700e+00 7.7867e+00 9.2350e-01 1.0000e-15 1.0000e-15 1.0000e-15 1.0000e-15 1.0000e-15 1.0000e-15 1.0000e-15 1.0000e-15
1.7800e+00 7.0872e+00 8.4054e-01 1.0000e-15 1.0000e-15 1.0000e-15 1.0000e-15 1.0000e-15 1.0000e-15 1.0000e-15 1.0000e-15
1.7900e+00 6.4505e+00 7.6503e-01 1.0000e-15 1.0000e-15 1.0000e-15 1.0000e-15 1.0000e-15 1.0000e-15 1.0000e-15 1.0000e-15
1.8000e+00 5.8710e+00 6.9630e-01 1.0000e-15 1.0000e-15 1.0000e-15 1.0000e-15 1.0000e-15 1.0000e-15 1.0000e-15 1.0000e-15
1.8100e+00 5.3436e+00 6.3375e-01 1.0000e-15 1.0000e-15 1.0000e-15 1.0000e-15 1.0000e-15 1.0000e-15 1.0000e-15 1.0000e-15
1.8200e+00 4.8635e+00 5.7681e-01 1.0000e-15 1.0000e-15 1.0000e-15 1.0000e-15 1.0000e-15 1.0000e-15 1.0000e-15 1.0000e-15
1.8300e+00 4.4266e+00 5.2499e-01 1.0000e-15 1.0000e-15 1.0000e-15 1.0000e-15 1.0000e-15 1.0000e-15 1.0000e-15 1.0000e-15
1.8400e+00 4.0289e+00 4.7783e-01 1.0000e-15 1.0000e-15 1.0000e-15 1.0000e-15 1.0000e-15 1.0000e-15 1.0000e-15 1.0000e-15
1.8500e+00 3.6670e+00 4.3490e-01 1.0000e-15 1.0000e-15 1.0000e-15 1.0000e-15 1.0000e-15 1.0000e-15 1.0000e-15 1.0000e-15
1.8600e+00 3.3376e+00 3.9583e-01 1.0000e-15 1.0000e-15 1.0000e-15 1.0000e-15 1.0000e-15 1.0000e-15 1.0000e-15 1.0000e-15
1.8700e+00 3.0377e+00 3.6027e-01 1.0000e-15 1.0000e-15 1.0000e-15 1.0000e-15 1.0000e-15 1.0000e-15 1.0000e-15 1.0000e-15
1.8800e+00 2.7648e+00 3.2791e-01 1.0000e-15 1.0000e-15 1.0000e-15 1.0000e-15 1.0000e-15 1.0000e-15 1.0000e-15 1.0000e-15
1.8900e+00 2.5164e+00 2.9845e-01 1.0000e-15 1.0000e-15 1.0000e-15 1.0000e-15 1.0000e-15 1.0000e-15 1.0000e-15 1.0000e-15
1.9000e+00 2.2904e+00 2.7164e-01 1.0000e-15 1.0000e-15 1.0000e-15 1.0000e-15 1.0000e-15 1.0000e-15 1.0000e-15 1.0000e-15
1.9100e+00 2.0846e+00 2.4723e-01 1.0000e-15 1.0000e-15 1.0000e-15 1.0000e-15 1.0000e-15 1.0000e-15 1.0000e-15 1.0000e-15
1.9200e+00 1.8973e+00 2.2502e-01 1.0000e-15 1.0000e-15 1.0000e-15 1.0000e-15 1.0000e-15 1.0000e-15 1.0000e-15 1.0000e-15
1.9300e+00 1.7269e+00 2.0481e-01 1.0000e-15 1.0000e-15 1.0000e-15 1.0000e-15 1.0000e-15 1.0000e-15 1.0000e-15 1.0000e-15
1.9400e+00 1.5717e+00 1.8641e-01 1.0000e-15 1.0000e-15 1.0000e-15 1.0000e-15 1.0000e-15 1.0000e-15 1.0000e-15 1.0000e-15
1.9500e+00 1.4305e+00 1.6966e-01 1.0000e-15 1.0000e-15 1.0000e-15 1.0000e-15 1.0000e-15 1.0000e-15 1.0000e-15 1.0000e-15
1.9600e+00 1.3020e+00 1.5442e-01 1.0000e-15 1.0000e-15 1.0000e-15 1.0000e-15 1.0000e-15 1.0000e-15 1.0000e-15 1.0000e-15
1.9700e+00 1.1851e+00 1.4055e-01 1.0000e-15 1.0000e-15 1.0000e-15 1.0000e-15 1.0000e-15 1.0000e-15 1.0000e-15 1.0000e-15
1.9800e+00 1.0786e+00 1.2792e-01 1.0000e-15 1.0000e-15 1.0000e-15 1.0000e-15 1.0000e-15 1.0000e-15 1.0000e-15 1.0000e-15
1.9900e+00 9.8170e-01 1.1643e-01 1.0000e-15 1.0000e-15 1.0000e-15 1.0000e-15 1.0000e-15 1.0000e-15 1.0000e-15 1.0000e-15
2.0000e+00 8.9351e-01 1.0597e-01 1.0000e-15 1.0000e-15 1.0000e-15 1.0000e-15 1.0000e-15 1.0000e-15 1.0000e-15 1.0000e-15
2.0100e+00 8.1324e-01 9.6450e-02 1.0000e-15 1.0000e-15 1.0000e-15 1.0000e-15 1.0000e-15 1.0000e-15 1.0000e-15 1.0000e-15
2.0200e+00 7.4018e-01 8.7785e-02 1.0000e-15 1.0000e-15 1.0000e-15 1.0000e-15 1.0000e-15 1.0000e-15 1.0000e-15 1.0000e-15
2.0300e+00 6.7368e-01 7.9899e-02 1.0000e-15 1.0000e-15 1.0000e-15 1.0000e-15 1.0000e-15 1.0000e-15 1.0000e-15 1.0000e-15
2.0400e+00 6.1316e-01 7.2721e-02 1.0000e-15 1.0000e-15 1.0000e-15 1.0000e-15 1.0000e-15 1.0000e-15 1.0000e-15 1.0000e-15
2.0500e+00 5.5808e-01 6.6188e-02 1.0000e-15 1.0000e-15 1.0000e-15 1.0000e-15 1.0000e-15 1.0000e-15 1.0000e-15 1.0000e-15
2.0600e+00 5.0794e-01 6.0242e-02 1.0000e-15 1.0000e-15 1.0000e-15 1.0000e-15 1.0000e-15 1.0000e-15 1.0000e-15 1.0000e-15
2.0700e+00 4.6231e-01 5.4830e-02 1.0000e-15 1.0000e-15 1.0000e-15 1.0000e-15 1.0000e-15 1.0000e-15 1.0000e-15 1.0000e-15
2.0800e+00 4.2078e-01 4.9904e-02 1.0000e-15 1.0000e-15 1.0000e-15 1.0000e-15 1.0000e-15 1.0000e-15 1.0000e-15 1.0000e-15
2.0900e+00 3.8298e-01 4.5421e-02 1.0000e-15 1.0000e-15 1.0000e-15 1.0000e-15 1.0000e-15 1.0000e-15 1.0000e-15 1.0000e-15
2.1000e+00 3.4857e-01 4.1340e-02 1.0000e-15 1.0000e-15 1.0000e-15 1.0000e-15 1.0000e-15 1.0000e-15 1.0000e-15 1.0000e-15
2.1100e+00 3.1726e-01 3.7626e-02 1.0000e-15 1.0000e-15 1.0000e-15 1.0000e-15 1.0000e-15 1.0000e-15 1.0000e-15 1.0000e-15
2.1200e+00 2.8875e-01 3.4246e-02 1.0000e-15 1.0000e-15 1.0000e-15 1.0000e-15 1.0000e-15 1.0000e-15 1.0000e-15 1.0000e-15
2.1300e+00 2.6281e-01 3.1170e-02 1.0000e-15 1.0000e-15 1.0000e-15 1.0000e-15 1.0000e-15 1.0000e-15 1.0000e-15 1.0000e-15
2.1400e+00 2.3920e-01 2.8369e-02 1.0000e-15 1.0000e-15 1.0000e-15 1.0000e-15 1.0000e-15 1.0000e-15 1.0000e-15 1.0000e-15
2.1500e+00 2.1771e-01 2.5821e-02 1.0000e-15 1.0000e-15 1.0000e-15 1.0000e-15 1.0000e-15 1.0000e-15 1.0000e-15 1.0000e-15
2.1600e+00 1.9816e-01 2.3501e-02 1.0000e-15 1.0000e-15 1.0000e-15 1.0000e-15 1.0000e-15 1.0000e-15 1.0000e-15 1.0000e-15
2.1700e+00 1.8035e-01 2.1390e-02 1.0000e-15 1.0000e-15 1.0000e-15 1.0000e-15 1.0000e-15 1.0000e-15 1.0000e-15 1.0000e-15
2.1800e+00 1.6415e-01 1.9468e-02 1.0000e-15 1.0000e-15 1.0000e-15 1.0000e-15 1.0000e-15 1.0000e-15 1.0000e-15 1.0000e-15
2.1900e+00 1.4940e-01 1.7719e-02 1.0000e-15 1.0000e-15 1.0000e-15 1.0000e-15 1.0000e-15 1.0000e-15 1.0000e-15 1.0000e-15
2.2000e+00 1.3598e-01 1.6127e-02 1.0000e-15 1.0000e-15 1.0000e-15 1.0000e-15 1.0000e-15 1.0000e-15 1.0000e-15 1.0000e-15
2.2100e+00 1.2377e-01 1.4679e-02 1.0000e-15 1.0000e-15 1.0000e-15 1.0000e-15 1.0000e-15 1.0000e-15 1.0000e-15 1.0000e-15
2.2200e+00 1.1265e-01 1.3360e-02 1.0000e-15 1.0000e-15 1.0000e-15 1.0000e-15 1.0000e-15 1.0000e-15 1.0000e-15 1.0000e-15
2.2300e+00 1.0253e-01 1.2160e-02 1.0000e-15 1.0000e-15 1.0000e-15 1.0000e-15 1.0000e-15 1.0000e-15 1.0000e-15 1.0000e-15
2.2400e+00 9.3317e-02 1.1067e-02 1.0000e-15 1.0000e-15 1.0000e-15 1.0000e-15 1.0000e-15 1.0000e-15 1.0000e-15 1.0000e-15
2.2500e+00 8.4933e-02 1.0073e-02 1.0000e-15 1.0000e-15 1.0000e-15 1.0000e-15 1.0000e-15 1.0000e-15 1.0000e-15 1.0000e-15
2.2600e+00 7.7303e-02 9.1681e-03 1.0000e-15 1.0000e-15 1.0000e-15 1.0000e-15 1.0000e-15 1.0000e-15 1.0000e-15 1.0000e-15
2.2700e+00 7.0359e-02 8.3445e-03 1.0000e-15 1.0000e-15 1.0000e-15 1.0000e-15 1.0000e-15 1.0000e-15 1.0000e-15 1.0000e-15
2.2800e+00 6.4038e-02 7.5949e-03 1.0000e-15 1.0000e-15 1.0000e-15 1.0000e-15 1.0000e-15 1.0000e-15 1.0000e-15 1.0000e-15
2.2900e+00 5.8285e-02 6.9126e-03 1.0000e-15 1.0000e-15 1.0000e-15 1.0000e-15 1.0000e-15 1.0000e-15 1.0000e-15 1.0000e-15
2.3000e+00 5.3049e-02 6.2916e-03 1.0000e-15 1.0000e-15 1.0000e-15 1.0000e-15 1.0000e-15 1.0000e-15 1.0000e-15 1.0000e-15
2.3100e+00 4.8283e-02 5.7263e-03 1.0000e-15 1.0000e-15 1.0000e-15 1.0000e-15 1.0000e-15 1.0000e-15 1.0000e-15 1.0000e-15
2.3200e+00 4.3945e-02 5.2119e-03 1.0000e-15 1.0000e-15 1.0000e-15 1.0000e-15 1.0000e-15 1.0000e-15 1.0000e-15 1.0000e-15
2.3300e+00 3.9997e-02 4.7437e-03 1.0000e-15 1.0000e-15 1.0000e-15 1.0000e-15 1.0000e-15 1.0000e-15 1.0000e-15 1.0000e-15
2.3400e+00 3.6404e-02 4.3175e-03 1.0000e-15 1.0000e-15 1.0000e-15 1.0000e-15 1.0000e-15 1.0000e-15 1.0000e-15 1.0000e-15
2.3500e+00 3.3134e-02 3.9297e-03 1.0000e-15 1.0000e-15 1.0000e-15 1.0000e-15 1.0000e-15 1.0000e-15 1.0000e-15 1.0000e-15
2.3600e+00 3.0157e-02 3.5766e-03 1.0000e-15 1.0000e-15 1.0000e-15 1.0000e-15 1.0000e-15 1.0000e-15 1.0000e-15 1.0000e-15
2.3700e+00 2.7448e-02 3.2553e-03 1.0000e-15 1.0000e-15 1.0000e-15 1.0000e-15 1.0000e-15 1.0000e-15 1.0000e-15 1.0000e-15
2.3800e+00 2.4982e-02 2.9629e-03 1.0000e-15 1.0000e-15 1.0000e-15 1.0000e-15 1.0000e-15 1.0000e-15 1.0000e-15 1.0000e-15
2.3900e+00 2.2738e-02 2.6967e-03 1.0000e-15 1.0000e-15 1.0000e-15 1.0000e-15 1.0000e-15 1.0000e-15 1.0000e-15 1.0000e-15
2.4000e+00 2.0695e-02 2.4544e-03 1.0000e-15 1.0000e-15 1.0000e-15 1.0000e-15 1.0000e-15 1.0000e-15 1.0000e-15 1.0000e-15
2.4100e+00 3.4937e+01 4.3965e+00 4.6585e-01 1.0000e-15 1.0000e-15 1.0000e-15 1.0000e-15 1.0000e-15 1.0000e-15 1.0000e-15
2.4200e+00 3.1775e+01 4.0013e+00 4.2400e-01 1.0000e-15 1.0000e-15 1.0000e-15 1.0000e-15 1.0000e-15 1.0000e-15 1.0000e-15
2.4300e+00 2.8907e+01 3.6418e+00 3.8591e-01 1.0000e-15 1.0000e-15 1.0000e-15 1.0000e-15 1.0000e-15 1.0000e-15 1.0000e-15
2.4400e+00 2.6303e+01 3.3146e+00 3.5124e-01 1.0000e-15 1.0000e-15 1.0000e-15 1.0000e-15 1.0000e-15 1.0000e-15 1.0000e-15
2.4500e+00 2.3936e+01 3.0167e+00 3.1968e-01 1.0000e-15 1.0000e-15 1.0000e-15 1.0000e-15 1.0000e-15 1.0000e-15 1.0000e-15
2.4600e+00 2.1784e+01 2.7457e+00 2.9096e-01 1.0000e-15 1.0000e-15 1.0000e-15 1.0000e-15 1.0000e-15 1.0000e-15 1.0000e-15
2.4700e+00 1.9825e+01 2.4990e+00 2.6482e-01 1.0000e-15 1.0000e-15 1.0000e-15 1.0000e-15 1.0000e-15 1.0000e-15 1.0000e-15
2.4800e+00 1.8044e+01 2.2745e+00 2.4103e-01 1.0000e-15 1.0000e-15 1.0000e-15 1.0000e-15 1.0000e-15 1.0000e-15 1.0000e-15
2.4900e+00 1.6422e+01 2.0702e+00 2.1938e-01 1.0000e-15 1.0000e-15 1.0000e-15 1.0000e-15 1.0000e-15 1.0000e-15 1.0000e-15
2.5000e+00 1.4947e+01 1.8842e+00 1.9967e-01 1.0000e-15 1.0000e-15 1.0000e-15 1.0000e-15 1.0000e-15 1.0000e-15 1.0000e-15
2.5100e+00 1.3604e+01 1.7149e+00 1.8173e-01 1.0000e-15 1.0000e-15 1.0000e-15 1.0000e-15 1.0000e-15 1.0000e-15 1.0000e-15
2.5200e+00 1.2382e+01 1.5609e+00 1.6541e-01 1.0000e-15 1.0000e-15 1.0000e-15 1.0000e-15 1.0000e-15 1.0000e-15 1.0000e-15
2.5300e+00 1.1269e+01 1.4206e+00 1.5055e-01 1.0000e-15 1.0000e-15 1.0000e-15 1.0000e-15 1.0000e-15 1.0000e-15 1.0000e-15
2.5400e+00 1.0257e+01 1.2930e+00 1.3702e-01 1.0000e-15 1.0000e-15 1.0000e-15 1.0000e-15 1.0000e-15 1.0000e-15 1.0000e-15
2.5500e+00 9.3353e+00 1.1769e+00 1.2471e-01 1.0000e-15 1.0000e-15 1.0000e-15 1.0000e-15 1.0000e-15 1.0000e-15 1.0000e-15
2.5600e+00 8.4967e+00 1.0711e+00 1.1351e-01 1.0000e-15 1.0000e-15 1.0000e-15 1.0000e-15 1.0000e-15 1.0000e-15 1.0000e-15
2.5700e+00 7.7333e+00 9.7491e-01 1.0331e-01 1.0000e-15 1.0000e-15 1.0000e-15 1.0000e-15 1.0000e-15 1.0000e-15 1.0000e-15
2.5800e+00 7.0386e+00 8.8732e-01 9.4031e-02 1.0000e-15 1.0000e-15 1.0000e-15 1.0000e-15 1.0000e-15 1.0000e-15 1.0000e-15
2.5900e+00 6.4063e+00 8.0761e-01 8.5583e-02 1.0000e-15 1.0000e-15 1.0000e-15 1.0000e-15 1.0000e-15 1.0000e-15 1.0000e-15
2.6000e+00 5.8307e+00 7.3506e-01 7.7895e-02 1.0000e-15 1.0000e-15 1.0000e-15 1.0000e-15 1.0000e-15 1.0000e-15 1.0000e-15
2.6100e+00 5.3069e+00 6.6902e-01 7.0897e-02 1.0000e-15 1.0000e-15 1.0000e-15 1.0000e-15 1.0000e-15 1.0000e-15 1.0000e-15
2.6200e+00 4.8302e+00 6.0892e-01 6.4528e-02 1.0000e-15 1.0000e-15 1.0000e-15 1.0000e-15 1.0000e-15 1.0000e-15 1.0000e-15
2.6300e+00 4.3962e+00 5.5421e-01 5.8731e-02 1.0000e-15 1.0000e-15 1.0000e-15 1.0000e-15 1.0000e-15 1.0000e-15 1.0000e-15
2.6400e+00 4.0013e+00 5.0443e-01 5.3455e-02 1.0000e-15 1.0000e-15 1.0000e-15 1.0000e-15 1.0000e-15 1.0000e-15 1.0000e-15
2.6500e+00 3.6418e+00 4.5911e-01 4.8652e-02 1.0000e-15 1.0000e-15 1.0000e-15 1.0000e-15 1.0000e-15 1.0000e-15 1.0000e-15
2.6600e+00 3.3147e+00 4.1786e-01 4.4282e-02 1.0000e-15 1.0000e-15 1.0000e-15 1.0000e-15 1.0000e-15 1.0000e-15 1.0000e-15
2.6700e+00 3.0169e+00 3.8032e-01 4.0303e-02 1.0000e-15 1.0000e-15 1.0000e-15 1.0000e-15 1.0000e-15 1.0000e-15 1.0000e-15
2.6800e+00 2.7459e+00 3.4616e-01 3.6683e-02 1.0000e-15 1.0000e-15 1.0000e-15 1.0000e-15 1.0000e-15 1.0000e-15 1.0000e-15
2.6900e+00 2.4992e+00 3.1506e-01 3.3387e-02 1.0000e-15 1.0000e-15 1.0000e-15 1.0000e-15 1.0000e-15 1.0000e-15 1.0000e-15
2.7000e+00 2.2747e+00 2.8676e-01 3.0388e-02 1.0000e-15 1.0000e-15 1.0000e-15 1.0000e-15 1.0000e-15 1.0000e-15 1.0000e-15
2.7100e+00 2.0703e+00 2.6099e-01 2.7658e-02 1.0000e-15 1.0000e-15 1.0000e-15 1.0000e-15 1.0000e-15 1.0000e-15 1.0000e-15
2.7200e+00 1.8843e+00 2.3755e-01 2.5173e-02 1.0000e-15 1.0000e-15 1.0000e-15 1.0000e-15 1.0000e-15 1.0000e-15 1.0000e-15
2.7300e+00 1.7150e+00 2.1621e-01 2.2912e-02 1.0000e-15 1.0000e-15 1.0000e-15 1.0000e-15 1.0000e-15 1.0000e-15 1.0000e-15
2.7400e+00 1.5610e+00 1.9678e-01 2.0853e-02 1.0000e-15 1.0000e-15 1.0000e-15 1.0000e-15 1.0000e-15 1.0000e-15 1.0000e-15
2.7500e+00 1.4207e+00 1.7911e-01 1.8980e-02 1.0000e-15 1.0000e-15 1.0000e-15 1.0000e-15 1.0000e-15 1.0000e-15 1.0000e-15
2.7600e+00 1.2931e+00 1.6302e-01 1.7275e-02 1.0000e-15 1.0000e-15 1.0000e-15 1.0000e-15 1.0000e-15 1.0000e-15 1.0000e-15
2.7700e+00 1.1769e+00 1.4837e-01 1.5723e-02 1.0000e-15 1.0000e-15 1.0000e-15 1.0000e-15 1.0000e-15 1.0000e-15 1.0000e-15
2.7800e+00 1.0712e+00 1.3504e-01 1.4310e-02 1.0000e-15 1.0000e-15 1.0000e-15 1.0000e-15 1.0000e-15 1.0000e-15 1.0000e-15
2.7900e+00 9.7497e-01 1.2291e-01 1.3025e-02 1.0000e-15 1.0000e-15 1.0000e-15 1.0000e-15 1.0000e-15 1.0000e-15 1.0000e-15
2.8000e+00 8.8738e-01 1.1187e-01 1.1855e-02 1.0000e-15 1.0000e-15 1.0000e-15 1.0000e-15 1.0000e-15 1.0000e-15 1.0000e-15
2.8100e+00 8.0766e-01 1.0182e-01 1.0790e-02 1.0000e-15 1.0000e-15 1.0000e-15 1.0000e-15 1.0000e-15 1.0000e-15 1.0000e-15
2.8200e+00 7.3510e-01 9.2671e-02 9.8204e-03 1.0000e-15 1.0000e-15 1.0000e-15 1.0000e-15 1.0000e-15 1.0000e-15 1.0000e-15
2.8300e+00 6.6906e-01 8.4346e-02 8.9382e-03 1.0000e-15 1.0000e-15 1.0000e-15 1.0000e-15 1.0000e-15 1.0000e-15 1.0000e-15
2.8400e+00 6.0896e-01 7.6768e-02 8.1352e-03 1.0000e-15 1.0000e-15 1.0000e-15 1.0000e-15 1.0000e-15 1.0000e-15 1.0000e-15
2.8500e+00 5.5425e-01 6.9872e-02 7.4044e-03 1.0000e-15 1.0000e-15 1.0000e-15 1.0000e-15 1.0000e-15 1.0000e-15 1.0000e-15
2.8600e+00 5.0446e-01 6.3595e-02 6.7392e-03 1.0000e-15 1.0000e-15 1.0000e-15 1.0000e-15 1.0000e-15 1.0000e-15 1.0000e-15
2.8700e+00 4.5914e-01 5.7881e-02 6.1338e-03 1.0000e-15 1.0000e-15 1.0000e-15 1.0000e-15 1.0000e-15 1.0000e-15 1.0000e-15
2.8800e+00 4.1789e-01 5.2682e-02 5.5827e-03 1.0000e-15 1.0000e-15 1.0000e-15 1.0000e-15 1.0000e-15 1.0000e-15 1.0000e-15
2.8900e+00 3.8035e-01 4.7949e-02 5.0812e-03 1.0000e-15 1.0000e-15 1.0000e-15 1.0000e-15 1.0000e-15 1.0000e-15 1.0000e-15
2.9000e+00 3.4618e-01 4.3641e-02 4.6247e-03 1.0000e-15 1.0000e-15 1.0000e-15 1.0000e-15 1.0000e-15 1.0000e-15 1.0000e-15
2.9100e+00 3.1508e-01 3.9721e-02 4.2092e-03 1.0000e-15 1.0000e-15 1.0000e-15 1.0000e-15 1.0000e-15 1.0000e-15 1.0000e-15
2.9200e+00 2.8677e-01 3.6152e-02 3.8311e-03 1.0000e-15 1.0000e-15 1.0000e-15 1.0000e-15 1.0000e-15 1.0000e-15 1.0000e-15
2.9300e+00 2.6101e-01 3.2904e-02 3.4869e-03 1.0000e-15 1.0000e-15 1.0000e-15 1.0000e-15 1.0000e-15 1.0000e-15 1.0000e-15
2.9400e+00 2.3756e-01 2.9948e-02 3.1737e-03 1.0000e-15 1.0000e-15 1.0000e-15 1.0000e-15 1.0000e-15 1.0000e-15 1.0000e-15
2.9500e+00 2.1622e-01 2.7258e-02 2.8886e-03 1.0000e-15 1.0000e-15 1.0000e-15 1.0000e-15 1.0000e-15 1.0000e-15 1.0000e-15
2.9600e+00 1.9680e-01 2.4809e-02 2.6291e-03 1.0000e-15 1.0000e-15 1.0000e-15 1.0000e-15 1.0000e-15 1.0000e-15 1.0000e-15
2.9700e+00 1.7912e-01 2.2580e-02 2.3929e-03 1.0000e-15 1.0000e-15 1.0000e-15 1.0000e-15 1.0000e-15 1.0000e-15 1.0000e-15
2.9800e+00 1.6303e-01 2.0552e-02 2.1779e-03 1.0000e-15 1.0000e-15 1.0000e-15 1.0000e-15 1.0000e-15 1.0000e-15 1.0000e-15
2.9900e+00 1.4838e-01 1.8706e-02 1.9822e-03 1.0000e-15 1.0000e-15 1.0000e-15 1.0000e-15 1.0000e-15 1.0000e-15 1.0000e-15
3.0000e+00 1.3505e-01 1.7025e-02 1.8042e-03 1.0000e-15 1.0000e-15 1.0000e-15 1.0000e-15 1.0000e-15 1.0000e-15 1.0000e-15
3.0100e+00 1.2292e-01 1.5496e-02 1.6421e-03 1.0000e-15 1.0000e-15 1.0000e-15 1.0000e-15 1.0000e-15 1.0000e-15 1.0000e-15
3.0200e+00 1.1187e-01 1.4104e-02 1.4946e-03 1.0000e-15 1.0000e-15 1.0000e-15 1.0000e-15 1.0000e-15 1.0000e-15 1.0000e-15
3.0300e+00 1.0182e-01 1.2837e-02 1.3603e-03 1.0000e-15 1.0000e-15 1.0000e-15 1.0000e-15 1.0000e-15 1.0000e-15 1.0000e-15
3.0400e+00 9.2677e-02 1.1683e-02 1.2381e-03 1.0000e-15 1.0000e-15 1.0000e-15 1.0000e-15 1.0000e-15 1.0000e-15 1.0000e-15
3.0500e+00 8.4351e-02 1.0634e-02 1.1269e-03 1.0000e-15 1.0000e-15 1.0000e-15 1.0000e-15 1.0000e-15 1.0000e-15 1.0000e-15
3.0600e+00 7.6773e-02 9.6784e-03 1.0256e-03 1.0000e-15 1.0000e-15 1.0000e-15 1.0000e-15 1.0000e-15 1.0000e-15 1.0000e-15
3.0700e+00 6.9876e-02 8.8089e-03 9.3349e-04 1.0000e-15 1.0000e-15 1.0000e-15 1.0000e-15 1.0000e-15 1.0000e-15 1.0000e-15
3.0800e+00 6.3599e-02 8.0176e-03 8.4963e-04 1.0000e-15 1.0000e-15 1.0000e-15 1.0000e-15 1.0000e-15 1.0000e-15 1.0000e-15
3.0900e+00 5.7885e-02 7.2973e-03 7.7330e-04 1.0000e-15 1.0000e-15 1.0000e-15 1.0000e-15 1.0000e-15 1.0000e-15 1.0000e-15
3.1000e+00 5.2685e-02 6.6417e-03 7.0383e-04 1.0000e-15 1.0000e-15 1.0000e-15 1.0000e-15 1.0000e-15 1.0000e-15 1.0000e-15
3.1100e+00 4.7952e-02 6.0451e-03 6.4060e-04 1.0000e-15 1.0000e-15 1.0000e-15 1.0000e-15 1.0000e-15 1.0000e-15 1.0000e-15
3.1200e+00 4.3644e-02 5.5020e-03 5.8305e-04 1.0000e-15 1.0000e-15 1.0000e-15 1.0000e-15 1.0000e-15 1.0000e-15 1.0000e-15
3.1300e+00 3.9723e-02 5.0077e-03 5.3067e-04 1.0000e-15 1.0000e-15 1.0000e-15 1.0000e-15 1.0000e-15 1.0000e-15 1.0000e-15
3.1400e+00 3.6155e-02 4.5578e-03 4.8300e-04 1.0000e-15 1.0000e-15 1.0000e-15 1.0000e-15 1.0000e-15 1.0000e-15 1.0000e-15
3.1500e+00 3.2907e-02 4.1484e-03 4.3961e-04 1.0000e-15 1.0000e-15 1.0000e-15 1.0000e-15 1.0000e-15 1.0000e-15 1.0000e-15
3.1600e+00 2.9950e-02 3.7757e-03 4.0011e-04 1.0000e-15 1.0000e-15 1.0000e-15 1.0000e-15 1.0000e-15 1.0000e-15 1.0000e-15
3.1700e+00 2.7260e-02 3.4365e-03 3.6417e-04 1.0000e-15 1.0000e-15 1.0000e-15 1.0000e-15 1.0000e-15 1.0000e-15 1.0000e-15
3.1800e+00 2.4811e-02 3.1278e-03 3.3145e-04 1.0000e-15 1.0000e-15 1.0000e-15 1.0000e-15 1.0000e-15 1.0000e-15 1.0000e-15
3.1900e+00 2.2582e-02 2.8468e-03 3.0168e-04 1.0000e-15 1.0000e-15 1.0000e-15 1.0000e-15 1.0000e-15 1.0000e-15 1.0000e-15
3.2000e+00 2.0553e-02 2.5910e-03 2.7458e-04 1.0000e-15 1.0000e-15 1.0000e-15 1.0000e-15 1.0000e-15 1.0000e-15 1.0000e-15
3.2100e+00 3.4910e+01 4.3956e+00 5.4414e-01 5.2114e-02 1.0000e-15 1.0000e-15 1.0000e-15 1.0000e-15 1.0000e-15 1.0000e-15
3.2200e+00 3.1750e+01 4.0005e+00 4.9526e-01 4.7432e-02 1.0000e-15 1.0000e-15 1.0000e-15 1.0000e-15 1.0000e-15 1.0000e-15
3.2300e+00 2.8885e+01 3.6410e+00 4.5076e-01 4.3171e-02 1.0000e-15 1.0000e-15 1.0000e-15 1.0000e-15 1.0000e-15 1.0000e-15
3.2400e+00 2.6283e+01 3.3139e+00 4.1027e-01 3.9293e-02 1.0000e-15 1.0000e-15 1.0000e-15 1.0000e-15 1.0000e-15 1.0000e-15
3.2500e+00 2.3918e+01 3.0161e+00 3.7341e-01 3.5763e-02 1.0000e-15 1.0000e-15 1.0000e-15 1.0000e-15 1.0000e-15 1.0000e-15
3.2600e+00 2.1767e+01 2.7452e+00 3.3986e-01 3.2550e-02 1.0000e-15 1.0000e-15 1.0000e-15 1.0000e-15 1.0000e-15 1.0000e-15
3.2700e+00 1.9810e+01 2.4985e+00 3.0933e-01 2.9626e-02 1.0000e-15 1.0000e-15 1.0000e-15 1.0000e-15 1.0000e-15 1.0000e-15
3.2800e+00 1.8030e+01 2.2741e+00 2.8154e-01 2.6964e-02 1.0000e-15 1.0000e-15 1.0000e-15 1.0000e-15 1.0000e-15 1.0000e-15
3.2900e+00 1.6409e+01 2.0698e+00 2.5625e-01 2.4542e-02 1.0000e-15 1.0000e-15 1.0000e-15 1.0000e-15 1.0000e-15 1.0000e-15
3.3000e+00 1.4935e+01 1.8838e+00 2.3323e-01 2.2337e-02 1.0000e-15 1.0000e-15 1.0000e-15 1.0000e-15 1.0000e-15 1.0000e-15
3.3100e+00 1.3593e+01 1.7146e+00 2.1228e-01 2.0330e-02 1.0000e-15 1.0000e-15 1.0000e-15 1.0000e-15 1.0000e-15 1.0000e-15
3.3200e+00 1.2372e+01 1.5606e+00 1.9321e-01 1.8504e-02 1.0000e-15 1.0000e-15 1.0000e-15 1.0000e-15 1.0000e-15 1.0000e-15
3.3300e+00 1.1260e+01 1.4204e+00 1.7585e-01 1.6842e-02 1.0000e-15 1.0000e-15 1.0000e-15 1.0000e-15 1.0000e-15 1.0000e-15
3.3400e+00 1.0249e+01 1.2928e+00 1.6005e-01 1.5329e-02 1.0000e-15 1.0000e-15 1.0000e-15 1.0000e-15 1.0000e-15 1.0000e-15
3.3500e+00 9.3281e+00 1.1766e+00 1.4567e-01 1.3952e-02 1.0000e-15 1.0000e-15 1.0000e-15 1.0000e-15 1.0000e-15 1.0000e-15
3.3600e+00 8.4901e+00 1.0709e+00 1.3259e-01 1.2698e-02 1.0000e-15 1.0000e-15 1.0000e-15 1.0000e-15 1.0000e-15 1.0000e-15
3.3700e+00 7.7273e+00 9.7471e-01 1.2067e-01 1.1557e-02 1.0000e-15 1.0000e-15 1.0000e-15 1.0000e-15 1.0000e-15 1.0000e-15
3.3800e+00 7.0331e+00 8.8714e-01 1.0983e-01 1.0519e-02 1.0000e-15 1.0000e-15 1.0000e-15 1.0000e-15 1.0000e-15 1.0000e-15
3.3900e+00 6.4013e+00 8.0745e-01 9.9967e-02 9.5741e-03 1.0000e-15 1.0000e-15 1.0000e-15 1.0000e-15 1.0000e-15 1.0000e-15
3.4000e+00 5.8262e+00 7.3491e-01 9.0986e-02 8.7140e-03 1.0000e-15 1.0000e-15 1.0000e-15 1.0000e-15 1.0000e-15 1.0000e-15
3.4100e+00 5.3028e+00 6.6889e-01 8.2812e-02 7.9312e-03 1.0000e-15 1.0000e-15 1.0000e-15 1.0000e-15 1.0000e-15 1.0000e-15
3.4200e+00 4.8264e+00 6.0879e-01 7.5373e-02 7.2187e-03 1.0000e-15 1.0000e-15 1.0000e-15 1.0000e-15 1.0000e-15 1.0000e-15
3.4300e+00 4.3928e+00 5.5410e-01 6.8601e-02 6.5702e-03 1.0000e-15 1.0000e-15 1.0000e-15 1.0000e-15 1.0000e-15 1.0000e-15
3.4400e+00 3.9982e+00 5.0432e-01 6.2438e-02 5.9799e-03 1.0000e-15 1.0000e-15 1.0000e-15 1.0000e-15 1.0000e-15 1.0000e-15
3.4500e+00 3.6390e+00 4.5902e-01 5.6829e-02 5.4427e-03 1.0000e-15 1.0000e-15 1.0000e-15 1.0000e-15 1.0000e-15 1.0000e-15
3.4600e+00 3.3121e+00 4.1778e-01 5.1724e-02 4.9538e-03 1.0000e-15 1.0000e-15 1.0000e-15 1.0000e-15 1.0000e-15 1.0000e-15
3.4700e+00 3.0145e+00 3.8025e-01 4.7077e-02 4.5087e-03 1.0000e-15 1.0000e-15 1.0000e-15 1.0000e-15 1.0000e-15 1.0000e-15
3.4800e+00 2.7437e+00 3.4609e-01 4.2848e-02 4.1037e-03 1.0000e-15 1.0000e-15 1.0000e-15 1.0000e-15 1.0000e-15 1.0000e-15
3.4900e+00 2.4972e+00 3.1500e-01 3.8998e-02 3.7350e-03 1.0000e-15 1.0000e-15 1.0000e-15 1.0000e-15 1.0000e-15 1.0000e-15
3.5000e+00 2.2729e+00 2.8670e-01 3.5495e-02 3.3995e-03 1.0000e-15 1.0000e-15 1.0000e-15 1.0000e-15 1.0000e-15 1.0000e-15
3.5100e+00 2.0687e+00 2.6094e-01 3.2306e-02 3.0941e-03 1.0000e-15 1.0000e-15 1.0000e-15 1.0000e-15 1.0000e-15 1.0000e-15
3.5200e+00 1.8829e+00 2.3750e-01 2.9404e-02 2.8161e-03 1.0000e-15 1.0000e-15 1.0000e-15 1.0000e-15 1.0000e-15 1.0000e-15
3.5300e+00 1.7137e+00 2.1616e-01 2.6762e-02 2.5631e-03 1.0000e-15 1.0000e-15 1.0000e-15 1.0000e-15 1.0000e-15 1.0000e-15
3.5400e+00 1.5598e+00 1.9674e-01 2.4358e-02 2.3329e-03 1.0000e-15 1.0000e-15 1.0000e-15 1.0000e-15 1.0000e-15 1.0000e-15
3.5500e+00 1.4196e+00 1.7907e-01 2.2170e-02 2.1233e-03 1.0000e-15 1.0000e-15 1.0000e-15 1.0000e-15 1.0000e-15 1.0000e-15
3.5600e+00 1.2921e+00 1.6298e-01 2.0178e-02 1.9325e-03 1.0000e-15 1.0000e-15 1.0000e-15 1.0000e-15 1.0000e-15 1.0000e-15
3.5700e+00 1.1760e+00 1.4834e-01 1.8365e-02 1.7589e-03 1.0000e-15 1.0000e-15 1.0000e-15 1.0000e-15 1.0000e-15 1.0000e-15
3.5800e+00 1.0704e+00 1.3501e-01 1.6716e-02 1.6009e-03 1.0000e-15 1.0000e-15 1.0000e-15 1.0000e-15 1.0000e-15 1.0000e-15
3.5900e+00 9.7421e-01 1.2288e-01 1.5214e-02 1.4571e-03 1.0000e-15 1.0000e-15 1.0000e-15 1.0000e-15 1.0000e-15 1.0000e-15
3.6000e+00 8.8669e-01 1.1185e-01 1.3847e-02 1.3262e-03 1.0000e-15 1.0000e-15 1.0000e-15 1.0000e-15 1.0000e-15 1.0000e-15
3.6100e+00 8.0703e-01 1.0180e-01 1.2603e-02 1.2070e-03 1.0000e-15 1.0000e-15 1.0000e-15 1.0000e-15 1.0000e-15 1.0000e-15
3.6200e+00 7.3453e-01 9.2652e-02 1.1471e-02 1.0986e-03 1.0000e-15 1.0000e-15 1.0000e-15 1.0000e-15 1.0000e-15 1.0000e-15
3.6300e+00 6.6854e-01 8.4329e-02 1.0440e-02 9.9991e-04 1.0000e-15 1.0000e-15 1.0000e-15 1.0000e-15 1.0000e-15 1.0000e-15
3.6400e+00 6.0848e-01 7.6753e-02 9.5025e-03 9.1008e-04 1.0000e-15 1.0000e-15 1.0000e-15 1.0000e-15 1.0000e-15 1.0000e-15
3.6500e+00 5.5382e-01 6.9858e-02 8.6488e-03 8.2832e-04 1.0000e-15 1.0000e-15 1.0000e-15 1.0000e-15 1.0000e-15 1.0000e-15
3.6600e+00 5.0407e-01 6.3582e-02 7.8718e-03 7.5391e-04 1.0000e-15 1.0000e-15 1.0000e-15 1.0000e-15 1.0000e-15 1.0000e-15
3.6700e+00 4.5878e-01 5.7870e-02 7.1646e-03 6.8618e-04 1.0000e-15 1.0000e-15 1.0000e-15 1.0000e-15 1.0000e-15 1.0000e-15
3.6800e+00 4.1757e-01 5.2671e-02 6.5210e-03 6.2454e-04 1.0000e-15 1.0000e-15 1.0000e-15 1.0000e-15 1.0000e-15 1.0000e-15
3.6900e+00 3.8005e-01 4.7939e-02 5.9352e-03 5.6843e-04 1.0000e-15 1.0000e-15 1.0000e-15 1.0000e-15 1.0000e-15 1.0000e-15
3.7000e+00 3.4591e-01 4.3632e-02 5.4020e-03 5.1736e-04 1.0000e-15 1.0000e-15 1.0000e-15 1.0000e-15 1.0000e-15 1.0000e-15
3.7100e+00 3.1484e-01 3.9713e-02 4.9167e-03 4.7089e-04 1.0000e-15 1.0000e-15 1.0000e-15 1.0000e-15 1.0000e-15 1.0000e-15
3.7200e+00 2.8655e-01 3.6145e-02 4.4750e-03 4.2858e-04 1.0000e-15 1.0000e-15 1.0000e-15 1.0000e-15 1.0000e-15 1.0000e-15
3.7300e+00 2.6081e-01 3.2898e-02 4.0730e-03 3.9008e-04 1.0000e-15 1.0000e-15 1.0000e-15 1.0000e-15 1.0000e-15 1.0000e-15
3.7400e+00 2.3738e-01 2.9942e-02 3.7071e-03 3.5504e-04 1.0000e-15 1.0000e-15 1.0000e-15 1.0000e-15 1.0000e-15 1.0000e-15
3.7500e+00 2.1605e-01 2.7252e-02 3.3740e-03 3.2314e-04 1.0000e-15 1.0000e-15 1.0000e-15 1.0000e-15 1.0000e-15 1.0000e-15
3.7600e+00 1.9664e-01 2.4804e-02 3.0709e-03 2.9411e-04 1.0000e-15 1.0000e-15 1.0000e-15 1.0000e-15 1.0000e-15 1.0000e-15
3.7700e+00 1.7898e-01 2.2576e-02 2.7950e-03 2.6769e-04 1.0000e-15 1.0000e-15 1.0000e-15 1.0000e-15 1.0000e-15 1.0000e-15
3.7800e+00 1.6290e-01 2.0548e-02 2.5439e-03 2.4364e-04 1.0000e-15 1.0000e-15 1.0000e-15 1.0000e-15 1.0000e-15 1.0000e-15
3.7900e+00 1.4826e-01 1.8702e-02 2.3154e-03 2.2175e-04 1.0000e-15 1.0000e-15 1.0000e-15 1.0000e-15 1.0000e-15 1.0000e-15
3.8000e+00 1.3494e-01 1.7022e-02 2.1074e-03 2.0183e-04 1.0000e-15 1.0000e-15 1.0000e-15 1.0000e-15 1.0000e-15 1.0000e-15
3.8100e+00 1.2282e-01 1.5492e-02 1.9181e-03 1.8370e-04 1.0000e-15 1.0000e-15 1.0000e-15 1.0000e-15 1.0000e-15 1.0000e-15
3.8200e+00 1.1179e-01 1.4101e-02 1.7458e-03 1.6720e-04 1.0000e-15 1.0000e-15 1.0000e-15 1.0000e-15 1.0000e-15 1.0000e-15
3.8300e+00 1.0175e-01 1.2834e-02 1.5889e-03 1.5218e-04 1.0000e-15 1.0000e-15 1.0000e-15 1.0000e-15 1.0000e-15 1.0000e-15
3.8400e+00 9.2605e-02 1.1681e-02 1.4462e-03 1.3850e-04 1.0000e-15 1.0000e-15 1.0000e-15 1.0000e-15 1.0000e-15 1.0000e-15
3.8500e+00 8.4285e-02 1.0632e-02 1.3163e-03 1.2606e-04 1.0000e-15 1.0000e-15 1.0000e-15 1.0000e-15 1.0000e-15 1.0000e-15
3.8600e+00 7.6713e-02 9.6765e-03 1.1980e-03 1.1474e-04 1.0000e-15 1.0000e-15 1.0000e-15 1.0000e-15 1.0000e-15 1.0000e-15
3.8700e+00 6.9822e-02 8.8072e-03 1.0904e-03 1.0443e-04 1.0000e-15 1.0000e-15 1.0000e-15 1.0000e-15 1.0000e-15 1.0000e-15
3.8800e+00 6.3549e-02 8.0160e-03 9.9242e-04 9.5048e-05 1.0000e-15 1.0000e-15 1.0000e-15 1.0000e-15 1.0000e-15 1.0000e-15
3.8900e+00 5.7840e-02 7.2958e-03 9.0327e-04 8.6509e-05 1.0000e-15 1.0000e-15 1.0000e-15 1.0000e-15 1.0000e-15 1.0000e-15
3.9000e+00 5.2644e-02 6.6404e-03 8.2212e-04 7.8737e-05 1.0000e-15 1.0000e-15 1.0000e-15 1.0000e-15 1.0000e-15 1.0000e-15
3.9100e+00 4.7915e-02 6.0438e-03 7.4826e-04 7.1664e-05 1.0000e-15 1.0000e-15 1.0000e-15 1.0000e-15 1.0000e-15 1.0000e-15
3.9200e+00 4.3610e-02 5.5009e-03 6.8104e-04 6.5226e-05 1.0000e-15 1.0000e-15 1.0000e-15 1.0000e-15 1.0000e-15 1.0000e-15
3.9300e+00 3.9692e-02 5.0067e-03 6.1986e-04 5.9366e-05 1.0000e-15 1.0000e-15 1.0000e-15 1.0000e-15 1.0000e-15 1.0000e-15
3.9400e+00 3.6126e-02 4.5569e-03 5.6417e-04 5.4033e-05 1.0000e-15 1.0000e-15 1.0000e-15 1.0000e-15 1.0000e-15 1.0000e-15
3.9500e+00 3.2881e-02 4.1475e-03 5.1349e-04 4.9179e-05 1.0000e-15 1.0000e-15 1.0000e-15 1.0000e-15 1.0000e-15 1.0000e-15
3.9600e+00 2.9927e-02 3.7749e-03 4.6736e-04 4.4761e-05 1.0000e-15 1.0000e-15 1.0000e-15 1.0000e-15 1.0000e-15 1.0000e-15
3.9700e+00 2.7238e-02 3.4358e-03 4.2537e-04 4.0739e-05 1.0000e-15 1.0000e-15 1.0000e-15 1.0000e-15 1.0000e-15 1.0000e-15
3.9800e+00 2.4791e-02 3.1271e-03 3.8716e-04 3.7080e-05 1.0000e-15 1.0000e-15 1.0000e-15 1.0000e-15 1.0000e-15 1.0000e-15
3.9900e+00 2.2564e-02 2.8462e-03 3.5238e-04 3.3748e-05 1.0000e-15 1.0000e-15 1.0000e-15 1.0000e-15 1.0000e-15 1.0000e-15
4.0000e+00 2.0537e-02 2.5905e-03 3.2072e-04 3.0717e-05 1.0000e-15 1.0000e-15 1.0000e-15 1.0000e-15 1.0000e-15 1.0000e-15
4.0100e+00 3.4906e+01 4.3925e+00 5.5284e-01 6.6730e-02 5.8300e-03 2.3506e-15 2.3506e-15 2.3506e-15 2.3506e-15 2.3506e-15
4.0200e+00 3.1747e+01 3.9977e+00 5.0318e-01 6.0736e-02 5.3062e-03 1.0000e-15 1.0000e-15 1.0000e-15 1.0000e-15 1.0000e-15
4.0300e+00 2.8882e+01 3.6384e+00 4.5797e-01 5.5279e-02 4.8295e-03 1.0000e-15 1.0000e-15 1.0000e-15 1.0000e-15 1.0000e-15
4.0400e+00 2.6281e+01 3.3115e+00 4.1683e-01 5.0313e-02 4.3956e-03 1.0000e-15 1.0000e-15 1.0000e-15 1.0000e-15 1.0000e-15
4.0500e+00 2.3916e+01 3.0140e+00 3.7938e-01 4.5793e-02 4.0008e-03 1.0000e-15 1.0000e-15 1.0000e-15 1.0000e-15 1.0000e-15
4.0600e+00 2.1765e+01 2.7432e+00 3.4530e-01 4.1679e-02 3.6413e-03 1.0000e-15 1.0000e-15 1.0000e-15 1.0000e-15 1.0000e-15
4.0700e+00 1.9808e+01 2.4968e+00 3.1428e-01 3.7935e-02 3.3142e-03 1.0000e-15 1.0000e-15 1.0000e-15 1.0000e-15 1.0000e-15
4.0800e+00 1.8028e+01 2.2724e+00 2.8604e-01 3.4527e-02 3.0165e-03 1.0000e-15 1.0000e-15 1.0000e-15 1.0000e-15 1.0000e-15
4.0900e+00 1.6408e+01 2.0683e+00 2.6035e-01 3.1425e-02 2.7455e-03 1.0000e-15 1.0000e-15 1.0000e-15 1.0000e-15 1.0000e-15
4.1000e+00 1.4934e+01 1.8825e+00 2.3696e-01 2.8602e-02 2.4988e-03 1.0000e-15 1.0000e-15 1.0000e-15 1.0000e-15 1.0000e-15
4.1100e+00 1.3592e+01 1.7134e+00 2.1567e-01 2.6032e-02 2.2744e-03 1.0000e-15 1.0000e-15 1.0000e-15 1.0000e-15 1.0000e-15
4.1200e+00 1.2371e+01 1.5594e+00 1.9630e-01 2.3694e-02 2.0700e-03 1.0000e-15 1.0000e-15 1.0000e-15 1.0000e-15 1.0000e-15
4.1300e+00 1.1259e+01 1.4193e+00 1.7866e-01 2.1565e-02 1.8841e-03 1.0000e-15 1.0000e-15 1.0000e-15 1.0000e-15 1.0000e-15
4.1400e+00 1.0248e+01 1.2918e+00 1.6261e-01 1.9628e-02 1.7148e-03 1.0000e-15 1.0000e-15 1.0000e-15 1.0000e-15 1.0000e-15
4.1500e+00 9.3273e+00 1.1758e+00 1.4800e-01 1.7865e-02 1.5608e-03 1.0000e-15 1.0000e-15 1.0000e-15 1.0000e-15 1.0000e-15
4.1600e+00 8.4893e+00 1.0702e+00 1.3471e-01 1.6260e-02 1.4205e-03 1.0000e-15 1.0000e-15 1.0000e-15 1.0000e-15 1.0000e-15
4.1700e+00 7.7267e+00 9.7401e-01 1.2260e-01 1.4799e-02 1.2929e-03 1.0000e-15 1.0000e-15 1.0000e-15 1.0000e-15 1.0000e-15
4.1800e+00 7.0325e+00 8.8651e-01 1.1159e-01 1.3469e-02 1.1768e-03 1.0000e-15 1.0000e-15 1.0000e-15 1.0000e-15 1.0000e-15
4.1900e+00 6.4007e+00 8.0687e-01 1.0157e-01 1.2259e-02 1.0711e-03 1.0000e-15 1.0000e-15 1.0000e-15 1.0000e-15 1.0000e-15
4.2000e+00 5.8257e+00 7.3438e-01 9.2441e-02 1.1158e-02 9.7483e-04 1.0000e-15 1.0000e-15 1.0000e-15 1.0000e-15 1.0000e-15
4.2100e+00 5.3023e+00 6.6841e-01 8.4136e-02 1.0156e-02 8.8726e-04 1.0000e-15 1.0000e-15 1.0000e-15 1.0000e-15 1.0000e-15
4.2200e+00 4.8260e+00 6.0836e-01 7.6578e-02 9.2433e-03 8.0755e-04 1.0000e-15 1.0000e-15 1.0000e-15 1.0000e-15 1.0000e-15
4.2300e+00 4.3924e+00 5.5371e-01 6.9698e-02 8.4129e-03 7.3500e-04 1.0000e-15 1.0000e-15 1.0000e-15 1.0000e-15 1.0000e-15
4.2400e+00 3.9978e+00 5.0396e-01 6.3437e-02 7.6571e-03 6.6897e-04 1.0000e-15 1.0000e-15 1.0000e-15 1.0000e-15 1.0000e-15
4.2500e+00 3.6387e+00 4.5869e-01 5.7738e-02 6.9692e-03 6.0887e-04 1.0000e-15 1.0000e-15 1.0000e-15 1.0000e-15 1.0000e-15
4.2600e+00 3.3118e+00 4.1748e-01 5.2551e-02 6.3431e-03 5.5417e-04 1.0000e-15 1.0000e-15 1.0000e-15 1.0000e-15 1.0000e-15
4.2700e+00 3.0143e+00 3.7998e-01 4.7830e-02 5.7733e-03 5.0439e-04 1.0000e-15 1.0000e-15 1.0000e-15 1.0000e-15 1.0000e-15
4.2800e+00 2.7435e+00 3.4584e-01 4.3533e-02 5.2546e-03 4.5908e-04 1.0000e-15 1.0000e-15 1.0000e-15 1.0000e-15 1.0000e-15
4.2900e+00 2.4970e+00 3.1477e-01 3.9622e-02 4.7826e-03 4.1783e-04 1.0000e-15 1.0000e-15 1.0000e-15 1.0000e-15 1.0000e-15
4.3000e+00 2.2727e+00 2.8649e-01 3.6063e-02 4.3529e-03 3.8030e-04 1.0000e-15 1.0000e-15 1.0000e-15 1.0000e-15 1.0000e-15
4.3100e+00 2.0685e+00 2.6076e-01 3.2823e-02 3.9619e-03 3.4613e-04 1.0000e-15 1.0000e-15 1.0000e-15 1.0000e-15 1.0000e-15
4.3200e+00 1.8827e+00 2.3733e-01 2.9874e-02 3.6059e-03 3.1504e-04 1.0000e-15 1.0000e-15 1.0000e-15 1.0000e-15 1.0000e-15
4.3300e+00 1.7136e+00 2.1601e-01 2.7190e-02 3.2820e-03 2.8673e-04 1.0000e-15 1.0000e-15 1.0000e-15 1.0000e-15 1.0000e-15
4.3400e+00 1.5596e+00 1.9660e-01 2.4748e-02 2.9872e-03 2.6098e-04 1.0000e-15 1.0000e-15 1.0000e-15 1.0000e-15 1.0000e-15
4.3500e+00 1.4195e+00 1.7894e-01 2.2524e-02 2.7188e-03 2.3753e-04 1.0000e-15 1.0000e-15 1.0000e-15 1.0000e-15 1.0000e-15
4.3600e+00 1.2920e+00 1.6287e-01 2.0501e-02 2.4746e-03 2.1619e-04 1.0000e-15 1.0000e-15 1.0000e-15 1.0000e-15 1.0000e-15
4.3700e+00 1.1759e+00 1.4823e-01 1.8659e-02 2.2522e-03 1.9677e-04 1.0000e-15 1.0000e-15 1.0000e-15 1.0000e-15 1.0000e-15
4.3800e+00 1.0703e+00 1.3492e-01 1.6983e-02 2.0499e-03 1.7909e-04 1.0000e-15 1.0000e-15 1.0000e-15 1.0000e-15 1.0000e-15
4.3900e+00 9.7412e-01 1.2280e-01 1.5457e-02 1.8658e-03 1.6300e-04 1.0000e-15 1.0000e-15 1.0000e-15 1.0000e-15 1.0000e-15
4.4000e+00 8.8661e-01 1.1177e-01 1.4069e-02 1.6981e-03 1.4836e-04 1.0000e-15 1.0000e-15 1.0000e-15 1.0000e-15 1.0000e-15
4.4100e+00 8.0696e-01 1.0172e-01 1.2805e-02 1.5456e-03 1.3503e-04 1.0000e-15 1.0000e-15 1.0000e-15 1.0000e-15 1.0000e-15
4.4200e+00 7.3447e-01 9.2586e-02 1.1654e-02 1.4067e-03 1.2290e-04 1.0000e-15 1.0000e-15 1.0000e-15 1.0000e-15 1.0000e-15
4.4300e+00 6.6848e-01 8.4269e-02 1.0607e-02 1.2804e-03 1.1186e-04 1.0000e-15 1.0000e-15 1.0000e-15 1.0000e-15 1.0000e-15
4.4400e+00 6.0843e-01 7.6698e-02 9.6544e-03 1.1653e-03 1.0181e-04 1.0000e-15 1.0000e-15 1.0000e-15 1.0000e-15 1.0000e-15
4.4500e+00 5.5377e-01 6.9808e-02 8.7871e-03 1.0606e-03 9.2664e-05 1.0000e-15 1.0000e-15 1.0000e-15 1.0000e-15 1.0000e-15
4.4600e+00 5.0402e-01 6.3536e-02 7.9977e-03 9.6536e-04 8.4339e-05 1.0000e-15 1.0000e-15 1.0000e-15 1.0000e-15 1.0000e-15
4.4700e+00 4.5874e-01 5.7829e-02 7.2792e-03 8.7863e-04 7.6763e-05 1.0000e-15 1.0000e-15 1.0000e-15 1.0000e-15 1.0000e-15
4.4800e+00 4.1753e-01 5.2633e-02 6.6253e-03 7.9970e-04 6.9866e-05 1.0000e-15 1.0000e-15 1.0000e-15 1.0000e-15 1.0000e-15
4.4900e+00 3.8002e-01 4.7905e-02 6.0301e-03 7.2786e-04 6.3590e-05 1.0000e-15 1.0000e-15 1.0000e-15 1.0000e-15 1.0000e-15
4.5000e+00 3.4588e-01 4.3601e-02 5.4883e-03 6.6247e-04 5.7877e-05 1.0000e-15 1.0000e-15 1.0000e-15 1.0000e-15 1.0000e-15
4.5100e+00 3.1481e-01 3.9684e-02 4.9953e-03 6.0295e-04 5.2678e-05 1.0000e-15 1.0000e-15 1.0000e-15 1.0000e-15 1.0000e-15
4.5200e+00 2.8653e-01 3.6119e-02 4.5465e-03 5.4879e-04 4.7945e-05 1.0000e-15 1.0000e-15 1.0000e-15 1.0000e-15 1.0000e-15
4.5300e+00 2.6079e-01 3.2874e-02 4.1381e-03 4.9949e-04 4.3638e-05 1.0000e-15 1.0000e-15 1.0000e-15 1.0000e-15 1.0000e-15
4.5400e+00 2.3736e-01 2.9921e-02 3.7663e-03 4.5461e-04 3.9718e-05 1.0000e-15 1.0000e-15 1.0000e-15 1.0000e-15 1.0000e-15
4.5500e+00 2.1603e-01 2.7233e-02 3.4280e-03 4.1377e-04 3.6150e-05 1.0000e-15 1.0000e-15 1.0000e-15 1.0000e-15 1.0000e-15
4.5600e+00 1.9663e-01 2.4787e-02 3.1200e-03 3.7660e-04 3.2902e-05 1.0000e-15 1.0000e-15 1.0000e-15 1.0000e-15 1.0000e-15
4.5700e+00 1.7896e-01 2.2560e-02 2.8397e-03 3.4277e-04 2.9946e-05 1.0000e-15 1.0000e-15 1.0000e-15 1.0000e-15 1.0000e-15
4.5800e+00 1.6288e-01 2.0533e-02 2.5846e-03 3.1197e-04 2.7256e-05 1.0000e-15 1.0000e-15 1.0000e-15 1.0000e-15 1.0000e-15
4.5900e+00 1.4825e-01 1.8688e-02 2.3524e-03 2.8395e-04 2.4807e-05 1.0000e-15 1.0000e-15 1.0000e-15 1.0000e-15 1.0000e-15
4.6000e+00 1.3493e-01 1.7010e-02 2.1411e-03 2.5844e-04 2.2579e-05 1.0000e-15 1.0000e-15 1.0000e-15 1.0000e-15 1.0000e-15
4.6100e+00 1.2281e-01 1.5481e-02 1.9487e-03 2.3522e-04 2.0550e-05 1.0000e-15 1.0000e-15 1.0000e-15 1.0000e-15 1.0000e-15
4.6200e+00 1.1178e-01 1.4091e-02 1.7737e-03 2.1409e-04 1.8704e-05 1.0000e-15 1.0000e-15 1.0000e-15 1.0000e-15 1.0000e-15
4.6300e+00 1.0174e-01 1.2825e-02 1.6143e-03 1.9486e-04 1.7024e-05 1.0000e-15 1.0000e-15 1.0000e-15 1.0000e-15 1.0000e-15
4.6400e+00 9.2597e-02 1.1673e-02 1.4693e-03 1.7735e-04 1.5494e-05 1.0000e-15 1.0000e-15 1.0000e-15 1.0000e-15 1.0000e-15
4.6500e+00 8.4278e-02 1.0624e-02 1.3373e-03 1.6142e-04 1.4102e-05 1.0000e-15 1.0000e-15 1.0000e-15 1.0000e-15 1.0000e-15
4.6600e+00 7.6707e-02 9.6696e-03 1.2172e-03 1.4692e-04 1.2836e-05 1.0000e-15 1.0000e-15 1.0000e-15 1.0000e-15 1.0000e-15
4.6700e+00 6.9816e-02 8.8009e-03 1.1078e-03 1.3372e-04 1.1682e-05 1.0000e-15 1.0000e-15 1.0000e-15 1.0000e-15 1.0000e-15
4.6800e+00 6.3544e-02 8.0103e-03 1.0083e-03 1.2171e-04 1.0633e-05 1.0000e-15 1.0000e-15 1.0000e-15 1.0000e-15 1.0000e-15
4.6900e+00 5.7835e-02 7.2906e-03 9.1771e-04 1.1077e-04 9.6777e-06 1.0000e-15 1.0000e-15 1.0000e-15 1.0000e-15 1.0000e-15
4.7000e+00 5.2639e-02 6.6357e-03 8.3527e-04 1.0082e-04 8.8083e-06 1.0000e-15 1.0000e-15 1.0000e-15 1.0000e-15 1.0000e-15
4.7100e+00 4.7910e-02 6.0395e-03 7.6023e-04 9.1763e-05 8.0170e-06 1.0000e-15 1.0000e-15 1.0000e-15 1.0000e-15 1.0000e-15
4.7200e+00 4.3606e-02 5.4970e-03 6.9193e-04 8.3520e-05 7.2968e-06 1.0000e-15 1.0000e-15 1.0000e-15 1.0000e-15 1.0000e-15
4.7300e+00 3.9689e-02 5.0031e-03 6.2977e-04 7.6016e-05 6.6412e-06 1.0000e-15 1.0000e-15 1.0000e-15 1.0000e-15 1.0000e-15
4.7400e+00 3.6123e-02 4.5537e-03 5.7320e-04 6.9187e-05 6.0446e-06 1.0000e-15 1.0000e-15 1.0000e-15 1.0000e-15 1.0000e-15
4.7500e+00 3.2878e-02 4.1446e-03 5.2170e-04 6.2972e-05 5.5016e-06 1.0000e-15 1.0000e-15 1.0000e-15 1.0000e-15 1.0000e-15
4.7600e+00 2.9924e-02 3.7722e-03 4.7483e-04 5.7315e-05 5.0073e-06 1.0000e-15 1.0000e-15 1.0000e-15 1.0000e-15 1.0000e-15
4.7700e+00 2.7236e-02 3.4334e-03 4.3218e-04 5.2166e-05 4.5575e-06 1.0000e-15 1.0000e-15 1.0000e-15 1.0000e-15 1.0000e-15
4.7800e+00 2.4789e-02 3.1249e-03 3.9335e-04 4.7479e-05 4.1481e-06 1.0000e-15 1.0000e-15 1.0000e-15 1.0000e-15 1.0000e-15
4.7900e+00 2.2562e-02 2.8442e-03 3.5801e-04 4.3214e-05 3.7754e-06 1.0000e-15 1.0000e-15 1.0000e-15 1.0000e-15 1.0000e-15
4.8000e+00 2.0535e-02 2.5887e-03 3.2585e-04 3.9332e-05 3.4362e-06 1.0000e-15 1.0000e-15 1.0000e-15 1.0000e-15 1.0000e-15
4.8100e+00 3.4906e+01 4.3918e+00 5.5347e-01 6.9347e-02 8.1204e-03 6.5219e-04 1.0000e-15 1.0000e-15 1.0000e-15 1.0000e-15
4.8200e+00 3.1747e+01 3.9971e+00 5.0375e-01 6.3117e-02 7.3909e-03 5.9360e-04 1.0000e-15 1.0000e-15 1.0000e-15 1.0000e-15
4.8300e+00 2.8882e+01 3.6379e+00 4.5849e-01 5.7447e-02 6.7269e-03 5.4027e-04 1.0000e-15 1.0000e-15 1.0000e-15 1.0000e-15
4.8400e+00 2.6280e+01 3.3110e+00 4.1730e-01 5.2286e-02 6.1226e-03 4.9174e-04 1.0000e-15 1.0000e-15 1.0000e-15 1.0000e-15
4.8500e+00 2.3915e+01 3.0135e+00 3.7981e-01 4.7589e-02 5.5726e-03 4.4756e-04 1.0000e-15 1.0000e-15 1.0000e-15 1.0000e-15
4.8600e+00 2.1765e+01 2.7428e+00 3.4569e-01 4.3313e-02 5.0719e-03 4.0735e-04 1.0000e-15 1.0000e-15 1.0000e-15 1.0000e-15
4.8700e+00 1.9808e+01 2.4964e+00 3.1464e-01 3.9422e-02 4.6163e-03 3.7076e-04 1.0000e-15 1.0000e-15 1.0000e-15 1.0000e-15
4.8800e+00 1.8028e+01 2.2721e+00 2.8637e-01 3.5881e-02 4.2016e-03 3.3745e-04 1.0000e-15 1.0000e-15 1.0000e-15 1.0000e-15
4.8900e+00 1.6408e+01 2.0680e+00 2.6064e-01 3.2657e-02 3.8241e-03 3.0714e-04 1.0000e-15 1.0000e-15 1.0000e-15 1.0000e-15
4.9000e+00 1.4934e+01 1.8822e+00 2.3723e-01 2.9723e-02 3.4806e-03 2.7954e-04 1.0000e-15 1.0000e-15 1.0000e-15 1.0000e-15
4.9100e+00 1.3592e+01 1.7131e+00 2.1592e-01 2.7053e-02 3.1679e-03 2.5443e-04 1.0000e-15 1.0000e-15 1.0000e-15 1.0000e-15
4.9200e+00 1.2371e+01 1.5592e+00 1.9652e-01 2.4623e-02 2.8833e-03 2.3157e-04 1.0000e-15 1.0000e-15 1.0000e-15 1.0000e-15
4.9300e+00 1.1259e+01 1.4191e+00 1.7886e-01 2.2411e-02 2.6243e-03 2.1077e-04 1.0000e-15 1.0000e-15 1.0000e-15 1.0000e-15
4.9400e+00 1.0248e+01 1.2916e+00 1.6280e-01 2.0397e-02 2.3885e-03 1.9183e-04 1.0000e-15 1.0000e-15 1.0000e-15 1.0000e-15
4.9500e+00 9.3272e+00 1.1756e+00 1.4817e-01 1.8565e-02 2.1739e-03 1.7460e-04 1.0000e-15 1.0000e-15 1.0000e-15 1.0000e-15
4.9600e+00 8.4892e+00 1.0700e+00 1.3486e-01 1.6897e-02 1.9786e-03 1.5891e-04 1.0000e-15 1.0000e-15 1.0000e-15 1.0000e-15
4.9700e+00 7.7266e+00 9.7386e-01 1.2274e-01 1.5379e-02 1.8009e-03 1.4464e-04 1.0000e-15 1.0000e-15 1.0000e-15 1.0000e-15
4.9800e+00 7.0324e+00 8.8637e-01 1.1172e-01 1.3998e-02 1.6391e-03 1.3164e-04 1.0000e-15 1.0000e-15 1.0000e-15 1.0000e-15
4.9900e+00 6.4007e+00 8.0674e-01 1.0168e-01 1.2740e-02 1.4918e-03 1.1982e-04 1.0000e-15 1.0000e-15 1.0000e-15 1.0000e-15
5.0000e+00 5.8257e+00 7.3427e-01 9.2546e-02 1.1596e-02 1.3578e-03 1.0905e-04 1.0000e-15 1.0000e-15 1.0000e-15 1.0000e-15
5.0100e+00 5.3023e+00 6.6830e-01 8.4232e-02 1.0554e-02 1.2358e-03 9.9257e-05 1.0000e-15 1.0000e-15 1.0000e-15 1.0000e-15
5.0200e+00 4.8260e+00 6.0827e-01 7.6665e-02 9.6057e-03 1.1248e-03 9.0340e-05 1.0000e-15 1.0000e-15 1.0000e-15 1.0000e-15
5.0300e+00 4.3924e+00 5.5362e-01 6.9777e-02 8.7428e-03 1.0238e-03 8.2224e-05 1.0000e-15 1.0000e-15 1.0000e-15 1.0000e-15
5.0400e+00 3.9978e+00 5.0389e-01 6.3509e-02 7.9573e-03 9.3179e-04 7.4837e-05 1.0000e-15 1.0000e-15 1.0000e-15 1.0000e-15
5.0500e+00 3.6387e+00 4.5862e-01 5.7803e-02 7.2425e-03 8.4808e-04 6.8114e-05 1.0000e-15 1.0000e-15 1.0000e-15 1.0000e-15
5.0600e+00 3.3118e+00 4.1742e-01 5.2611e-02 6.5918e-03 7.7190e-04 6.1995e-05 1.0000e-15 1.0000e-15 1.0000e-15 1.0000e-15
5.0700e+00 3.0143e+00 3.7992e-01 4.7884e-02 5.9996e-03 7.0255e-04 5.6426e-05 1.0000e-15 1.0000e-15 1.0000e-15 1.0000e-15
5.0800e+00 2.7435e+00 3.4579e-01 4.3582e-02 5.4607e-03 6.3944e-04 5.1357e-05 1.0000e-15 1.0000e-15 1.0000e-15 1.0000e-15
5.0900e+00 2.4970e+00 3.1472e-01 3.9667e-02 4.9701e-03 5.8199e-04 4.6743e-05 1.0000e-15 1.0000e-15 1.0000e-15 1.0000e-15
5.1000e+00 2.2727e+00 2.8645e-01 3.6104e-02 4.5236e-03 5.2971e-04 4.2544e-05 1.0000e-15 1.0000e-15 1.0000e-15 1.0000e-15
5.1100e+00 2.0685e+00 2.6072e-01 3.2860e-02 4.1172e-03 4.8212e-04 3.8722e-05 1.0000e-15 1.0000e-15 1.0000e-15 1.0000e-15
5.1200e+00 1.8827e+00 2.3729e-01 2.9908e-02 3.7473e-03 4.3881e-04 3.5243e-05 1.0000e-15 1.0000e-15 1.0000e-15 1.0000e-15
5.1300e+00 1.7135e+00 2.1598e-01 2.7221e-02 3.4107e-03 3.9939e-04 3.2077e-05 1.0000e-15 1.0000e-15 1.0000e-15 1.0000e-15
5.1400e+00 1.5596e+00 1.9657e-01 2.4776e-02 3.1043e-03 3.6351e-04 2.9195e-05 1.0000e-15 1.0000e-15 1.0000e-15 1.0000e-15
5.1500e+00 1.4195e+00 1.7891e-01 2.2550e-02 2.8254e-03 3.3085e-04 2.6572e-05 1.0000e-15 1.0000e-15 1.0000e-15 1.0000e-15
5.1600e+00 1.2920e+00 1.6284e-01 2.0524e-02 2.5716e-03 3.0113e-04 2.4185e-05 1.0000e-15 1.0000e-15 1.0000e-15 1.0000e-15
5.1700e+00 1.1759e+00 1.4821e-01 1.8680e-02 2.3406e-03 2.7408e-04 2.2012e-05 1.0000e-15 1.0000e-15 1.0000e-15 1.0000e-15
5.1800e+00 1.0703e+00 1.3490e-01 1.7002e-02 2.1303e-03 2.4945e-04 2.0035e-05 1.0000e-15 1.0000e-15 1.0000e-15 1.0000e-15
5.1900e+00 9.7411e-01 1.2278e-01 1.5475e-02 1.9389e-03 2.2704e-04 1.8235e-05 1.0000e-15 1.0000e-15 1.0000e-15 1.0000e-15
5.2000e+00 8.8660e-01 1.1175e-01 1.4085e-02 1.7647e-03 2.0665e-04 1.6597e-05 1.0000e-15 1.0000e-15 1.0000e-15 1.0000e-15
5.2100e+00 8.0695e-01 1.0171e-01 1.2819e-02 1.6062e-03 1.8808e-04 1.5106e-05 1.0000e-15 1.0000e-15 1.0000e-15 1.0000e-15
5.2200e+00 7.3446e-01 9.2572e-02 1.1668e-02 1.4619e-03 1.7119e-04 1.3749e-05 1.0000e-15 1.0000e-15 1.0000e-15 1.0000e-15
5.2300e+00 6.6848e-01 8.4255e-02 1.0619e-02 1.3306e-03 1.5581e-04 1.2514e-05 1.0000e-15 1.0000e-15 1.0000e-15 1.0000e-15
5.2400e+00 6.0842e-01 7.6686e-02 9.6654e-03 1.2110e-03 1.4181e-04 1.1389e-05 1.0000e-15 1.0000e-15 1.0000e-15 1.0000e-15
5.2500e+00 5.5377e-01 6.9797e-02 8.7971e-03 1.1022e-03 1.2907e-04 1.0366e-05 1.0000e-15 1.0000e-15 1.0000e-15 1.0000e-15
5.2600e+00 5.0402e-01 6.3526e-02 8.0068e-03 1.0032e-03 1.1747e-04 9.4350e-06 1.0000e-15 1.0000e-15 1.0000e-15 1.0000e-15
5.2700e+00 4.5874e-01 5.7819e-02 7.2875e-03 9.1308e-04 1.0692e-04 8.5874e-06 1.0000e-15 1.0000e-15 1.0000e-15 1.0000e-15
5.2800e+00 4.1753e-01 5.2625e-02 6.6328e-03 8.3105e-04 9.7315e-05 7.8159e-06 1.0000e-15 1.0000e-15 1.0000e-15 1.0000e-15
5.2900e+00 3.8002e-01 4.7897e-02 6.0369e-03 7.5640e-04 8.8573e-05 7.1138e-06 1.0000e-15 1.0000e-15 1.0000e-15 1.0000e-15
5.3000e+00 3.4588e-01 4.3594e-02 5.4946e-03 6.8844e-04 8.0616e-05 6.4747e-06 1.0000e-15 1.0000e-15 1.0000e-15 1.0000e-15
5.3100e+00 3.1480e-01 3.9678e-02 5.0010e-03 6.2660e-04 7.3373e-05 5.8930e-06 1.0000e-15 1.0000e-15 1.0000e-15 1.0000e-15
5.3200e+00 2.8652e-01 3.6114e-02 4.5517e-03 5.7030e-04 6.6782e-05 5.3636e-06 1.0000e-15 1.0000e-15 1.0000e-15 1.0000e-15
5.3300e+00 2.6078e-01 3.2869e-02 4.1428e-03 5.1907e-04 6.0782e-05 4.8818e-06 1.0000e-15 1.0000e-15 1.0000e-15 1.0000e-15
5.3400e+00 2.3736e-01 2.9916e-02 3.7706e-03 4.7244e-04 5.5322e-05 4.4432e-06 1.0000e-15 1.0000e-15 1.0000e-15 1.0000e-15
5.3500e+00 2.1603e-01 2.7229e-02 3.4319e-03 4.3000e-04 5.0352e-05 4.0440e-06 1.0000e-15 1.0000e-15 1.0000e-15 1.0000e-15
5.3600e+00 1.9662e-01 2.4783e-02 3.1236e-03 3.9137e-04 4.5828e-05 3.6807e-06 1.0000e-15 1.0000e-15 1.0000e-15 1.0000e-15
5.3700e+00 1.7896e-01 2.2556e-02 2.8429e-03 3.5621e-04 4.1711e-05 3.3501e-06 1.0000e-15 1.0000e-15 1.0000e-15 1.0000e-15
5.3800e+00 1.6288e-01 2.0530e-02 2.5875e-03 3.2421e-04 3.7964e-05 3.0491e-06 1.0000e-15 1.0000e-15 1.0000e-15 1.0000e-15
5.3900e+00 1.4825e-01 1.8685e-02 2.3551e-03 2.9508e-04 3.4554e-05 2.7752e-06 1.0000e-15 1.0000e-15 1.0000e-15 1.0000e-15
5.4000e+00 1.3493e-01 1.7007e-02 2.1435e-03 2.6857e-04 3.1449e-05 2.5259e-06 1.0000e-15 1.0000e-15 1.0000e-15 1.0000e-15
5.4100e+00 1.2281e-01 1.5479e-02 1.9509e-03 2.4444e-04 2.8624e-05 2.2990e-06 1.0000e-15 1.0000e-15 1.0000e-15 1.0000e-15
5.4200e+00 1.1178e-01 1.4088e-02 1.7757e-03 2.2248e-04 2.6053e-05 2.0924e-06 1.0000e-15 1.0000e-15 1.0000e-15 1.0000e-15
5.4300e+00 1.0174e-01 1.2823e-02 1.6162e-03 2.0250e-04 2.3712e-05 1.9044e-06 1.0000e-15 1.0000e-15 1.0000e-15 1.0000e-15
5.4400e+00 9.2596e-02 1.1671e-02 1.4710e-03 1.8431e-04 2.1582e-05 1.7334e-06 1.0000e-15 1.0000e-15 1.0000e-15 1.0000e-15
5.4500e+00 8.4277e-02 1.0622e-02 1.3388e-03 1.6775e-04 1.9643e-05 1.5776e-06 1.0000e-15 1.0000e-15 1.0000e-15 1.0000e-15
5.4600e+00 7.6706e-02 9.6681e-03 1.2185e-03 1.5268e-04 1.7878e-05 1.4359e-06 1.0000e-15 1.0000e-15 1.0000e-15 1.0000e-15
5.4700e+00 6.9815e-02 8.7995e-03 1.1091e-03 1.3896e-04 1.6272e-05 1.3069e-06 1.0000e-15 1.0000e-15 1.0000e-15 1.0000e-15
5.4800e+00 6.3543e-02 8.0090e-03 1.0094e-03 1.2648e-04 1.4810e-05 1.1895e-06 1.0000e-15 1.0000e-15 1.0000e-15 1.0000e-15
5.4900e+00 5.7835e-02 7.2895e-03 9.1876e-04 1.1512e-04 1.3480e-05 1.0826e-06 1.0000e-15 1.0000e-15 1.0000e-15 1.0000e-15
5.5000e+00 5.2639e-02 6.6346e-03 8.3622e-04 1.0477e-04 1.2269e-05 9.8538e-07 1.0000e-15 1.0000e-15 1.0000e-15 1.0000e-15
5.5100e+00 4.7910e-02 6.0386e-03 7.6109e-04 9.5361e-05 1.1167e-05 8.9686e-07 1.0000e-15 1.0000e-15 1.0000e-15 1.0000e-15
5.5200e+00 4.3606e-02 5.4961e-03 6.9272e-04 8.6794e-05 1.0163e-05 8.1628e-07 1.0000e-15 1.0000e-15 1.0000e-15 1.0000e-15
5.5300e+00 3.9688e-02 5.0023e-03 6.3049e-04 7.8997e-05 9.2504e-06 7.4295e-07 1.0000e-15 1.0000e-15 1.0000e-15 1.0000e-15
5.5400e+00 3.6123e-02 4.5530e-03 5.7385e-04 7.1900e-05 8.4194e-06 6.7621e-07 1.0000e-15 1.0000e-15 1.0000e-15 1.0000e-15
5.5500e+00 3.2878e-02 4.1439e-03 5.2229e-04 6.5441e-05 7.6630e-06 6.1546e-07 1.0000e-15 1.0000e-15 1.0000e-15 1.0000e-15
5.5600e+00 2.9924e-02 3.7717e-03 4.7537e-04 5.9562e-05 6.9746e-06 5.6017e-07 1.0000e-15 1.0000e-15 1.0000e-15 1.0000e-15
5.5700e+00 2.7236e-02 3.4328e-03 4.3267e-04 5.4211e-05 6.3480e-06 5.0984e-07 1.0000e-15 1.0000e-15 1.0000e-15 1.0000e-15
5.5800e+00 2.4789e-02 3.1244e-03 3.9380e-04 4.9341e-05 5.7777e-06 4.6404e-07 1.0000e-15 1.0000e-15 1.0000e-15 1.0000e-15
5.5900e+00 2.2562e-02 2.8437e-03 3.5842e-04 4.4908e-05 5.2587e-06 4.2235e-07 1.0000e-15 1.0000e-15 1.0000e-15 1.0000e-15
5.6000e+00 2.0535e-02 2.5883e-03 3.2622e-04 4.0874e-05 4.7863e-06 3.8441e-07 1.0000e-15 1.0000e-15 1.0000e-15 1.0000e-15
5.6100e+00 3.4906e+01 4.3917e+00 5.5346e-01 6.9711e-02 8.6706e-03 9.8173e-04 7.2960e-05 1.0000e-15 1.0000e-15 1.0000e-15
5.6200e+00 3.1747e+01 3.9969e+00 5.0374e-01 6.3448e-02 7.8916e-03 8.9354e-04 6.6406e-05 1.0000e-15 1.0000e-15 1.0000e-15
5.6300e+00 2.8882e+01 3.6378e+00 4.5849e-01 5.7748e-02 7.1827e-03 8.1327e-04 6.0440e-05 1.0000e-15 1.0000e-15 1.0000e-15
5.6400e+00 2.6280e+01 3.3109e+00 4.1730e-01 5.2560e-02 6.5374e-03 7.4020e-04 5.5010e-05 1.0000e-15 1.0000e-15 1.0000e-15
5.6500e+00 2.3915e+01 3.0134e+00 3.7981e-01 4.7839e-02 5.9501e-03 6.7371e-04 5.0069e-05 1.0000e-15 1.0000e-15 1.0000e-15
5.6600e+00 2.1765e+01 2.7427e+00 3.4569e-01 4.3541e-02 5.4156e-03 6.1318e-04 4.5571e-05 1.0000e-15 1.0000e-15 1.0000e-15
5.6700e+00 1.9808e+01 2.4963e+00 3.1463e-01 3.9629e-02 4.9290e-03 5.5810e-04 4.1477e-05 1.0000e-15 1.0000e-15 1.0000e-15
5.6800e+00 1.8028e+01 2.2720e+00 2.8637e-01 3.6069e-02 4.4862e-03 5.0796e-04 3.7750e-05 1.0000e-15 1.0000e-15 1.0000e-15
5.6900e+00 1.6408e+01 2.0679e+00 2.6064e-01 3.2829e-02 4.0832e-03 4.6233e-04 3.4359e-05 1.0000e-15 1.0000e-15 1.0000e-15
5.7000e+00 1.4934e+01 1.8821e+00 2.3722e-01 2.9880e-02 3.7164e-03 4.2079e-04 3.1272e-05 1.0000e-15 1.0000e-15 1.0000e-15
5.7100e+00 1.3592e+01 1.7131e+00 2.1591e-01 2.7195e-02 3.3825e-03 3.8299e-04 2.8463e-05 1.0000e-15 1.0000e-15 1.0000e-15
5.7200e+00 1.2371e+01 1.5592e+00 1.9652e-01 2.4752e-02 3.0786e-03 3.4858e-04 2.5906e-05 1.0000e-15 1.0000e-15 1.0000e-15
5.7300e+00 1.1259e+01 1.4191e+00 1.7886e-01 2.2529e-02 2.8021e-03 3.1727e-04 2.3579e-05 1.0000e-15 1.0000e-15 1.0000e-15
5.7400e+00 1.0248e+01 1.2916e+00 1.6279e-01 2.0505e-02 2.5503e-03 2.8876e-04 2.1460e-05 1.0000e-15 1.0000e-15 1.0000e-15
5.7500e+00 9.3272e+00 1.1756e+00 1.4817e-01 1.8663e-02 2.3212e-03 2.6282e-04 1.9532e-05 1.0000e-15 1.0000e-15 1.0000e-15
5.7600e+00 8.4892e+00 1.0700e+00 1.3486e-01 1.6986e-02 2.1127e-03 2.3921e-04 1.7778e-05 1.0000e-15 1.0000e-15 1.0000e-15
5.7700e+00 7.7266e+00 9.7384e-01 1.2274e-01 1.5460e-02 1.9229e-03 2.1772e-04 1.6181e-05 1.0000e-15 1.0000e-15 1.0000e-15
5.7800e+00 7.0324e+00 8.8635e-01 1.1172e-01 1.4071e-02 1.7501e-03 1.9816e-04 1.4727e-05 1.0000e-15 1.0000e-15 1.0000e-15
5.7900e+00 6.4007e+00 8.0672e-01 1.0168e-01 1.2807e-02 1.5929e-03 1.8036e-04 1.3404e-05 1.0000e-15 1.0000e-15 1.0000e-15
5.8000e+00 5.8257e+00 7.3425e-01 9.2545e-02 1.1656e-02 1.4498e-03 1.6416e-04 1.2200e-05 1.0000e-15 1.0000e-15 1.0000e-15
5.8100e+00 5.3023e+00 6.6829e-01 8.4231e-02 1.0609e-02 1.3196e-03 1.4941e-04 1.1104e-05 1.0000e-15 1.0000e-15 1.0000e-15
5.8200e+00 4.8260e+00 6.0825e-01 7.6664e-02 9.6562e-03 1.2010e-03 1.3599e-04 1.0106e-05 1.0000e-15 1.0000e-15 1.0000e-15
5.8300e+00 4.3924e+00 5.5361e-01 6.9777e-02 8.7887e-03 1.0931e-03 1.2377e-04 9.1984e-06 1.0000e-15 1.0000e-15 1.0000e-15
5.8400e+00 3.9978e+00 5.0387e-01 6.3508e-02 7.9992e-03 9.9492e-04 1.1265e-04 8.3720e-06 1.0000e-15 1.0000e-15 1.0000e-15
5.8500e+00 3.6387e+00 4.5861e-01 5.7803e-02 7.2805e-03 9.0554e-04 1.0253e-04 7.6199e-06 1.0000e-15 1.0000e-15 1.0000e-15
5.8600e+00 3.3118e+00 4.1741e-01 5.2610e-02 6.6265e-03 8.2419e-04 9.3320e-05 6.9354e-06 1.0000e-15 1.0000e-15 1.0000e-15
5.8700e+00 3.0142e+00 3.7991e-01 4.7884e-02 6.0312e-03 7.5015e-04 8.4936e-05 6.3123e-06 1.0000e-15 1.0000e-15 1.0000e-15
5.8800e+00 2.7435e+00 3.4578e-01 4.3582e-02 5.4894e-03 6.8276e-04 7.7306e-05 5.7452e-06 1.0000e-15 1.0000e-15 1.0000e-15
5.8900e+00 2.4970e+00 3.1471e-01 3.9667e-02 4.9962e-03 6.2142e-04 7.0361e-05 5.2291e-06 1.0000e-15 1.0000e-15 1.0000e-15
5.9000e+00 2.2727e+00 2.8644e-01 3.6103e-02 4.5474e-03 5.6559e-04 6.4040e-05 4.7593e-06 1.0000e-15 1.0000e-15 1.0000e-15
5.9100e+00 2.0685e+00 2.6071e-01 3.2860e-02 4.1388e-03 5.1478e-04 5.8287e-05 4.3318e-06 1.0000e-15 1.0000e-15 1.0000e-15
5.9200e+00 1.8827e+00 2.3729e-01 2.9908e-02 3.7670e-03 4.6854e-04 5.3051e-05 3.9426e-06 1.0000e-15 1.0000e-15 1.0000e-15
5.9300e+00 1.7135e+00 2.1597e-01 2.7221e-02 3.4286e-03 4.2644e-04 4.8285e-05 3.5884e-06 1.0000e-15 1.0000e-15 1.0000e-15
5.9400e+00 1.5596e+00 1.9657e-01 2.4775e-02 3.1206e-03 3.8813e-04 4.3947e-05 3.2660e-06 1.0000e-15 1.0000e-15 1.0000e-15
5.9500e+00 1.4195e+00 1.7891e-01 2.2550e-02 2.8402e-03 3.5327e-04 3.9999e-05 2.9726e-06 1.0000e-15 1.0000e-15 1.0000e-15
5.9600e+00 1.2920e+00 1.6284e-01 2.0524e-02 2.5851e-03 3.2153e-04 3.6406e-05 2.7056e-06 1.0000e-15 1.0000e-15 1.0000e-15
5.9700e+00 1.1759e+00 1.4821e-01 1.8680e-02 2.3528e-03 2.9264e-04 3.3135e-05 2.4625e-06 1.0000e-15 1.0000e-15 1.0000e-15
5.9800e+00 1.0703e+00 1.3489e-01 1.7002e-02 2.1415e-03 2.6635e-04 3.0158e-05 2.2413e-06 1.0000e-15 1.0000e-15 1.0000e-15
5.9900e+00 9.7411e-01 1.2277e-01 1.5475e-02 1.9491e-03 2.4243e-04 2.7449e-05 2.0399e-06 1.0000e-15 1.0000e-15 1.0000e-15
6.0000e+00 8.8660e-01 1.1174e-01 1.4084e-02 1.7740e-03 2.2065e-04 2.4983e-05 1.8567e-06 1.0000e-15 1.0000e-15 1.0000e-15
6.0100e+00 8.0695e-01 1.0171e-01 1.2819e-02 1.6146e-03 2.0082e-04 2.2739e-05 1.6899e-06 1.0000e-15 1.0000e-15 1.0000e-15
6.0200e+00 7.3446e-01 9.2569e-02 1.1667e-02 1.4696e-03 1.8278e-04 2.0696e-05 1.5381e-06 1.0000e-15 1.0000e-15 1.0000e-15
6.0300e+00 6.6848e-01 8.4253e-02 1.0619e-02 1.3375e-03 1.6636e-04 1.8837e-05 1.3999e-06 1.0000e-15 1.0000e-15 1.0000e-15
6.0400e+00 6.0842e-01 7.6684e-02 9.6653e-03 1.2174e-03 1.5142e-04 1.7144e-05 1.2741e-06 1.0000e-15 1.0000e-15 1.0000e-15
6.0500e+00 5.5376e-01 6.9795e-02 8.7970e-03 1.1080e-03 1.3781e-04 1.5604e-05 1.1597e-06 1.0000e-15 1.0000e-15 1.0000e-15
6.0600e+00 5.0402e-01 6.3525e-02 8.0067e-03 1.0085e-03 1.2543e-04 1.4202e-05 1.0555e-06 1.0000e-15 1.0000e-15 1.0000e-15
6.0700e+00 4.5874e-01 5.7818e-02 7.2874e-03 9.1788e-04 1.1416e-04 1.2926e-05 9.6067e-07 1.0000e-15 1.0000e-15 1.0000e-15
6.0800e+00 4.1753e-01 5.2624e-02 6.6327e-03 8.3542e-04 1.0391e-04 1.1765e-05 8.7436e-07 1.0000e-15 1.0000e-15 1.0000e-15
6.0900e+00 3.8002e-01 4.7896e-02 6.0368e-03 7.6037e-04 9.4574e-05 1.0708e-05 7.9581e-07 1.0000e-15 1.0000e-15 1.0000e-15
6.1000e+00 3.4588e-01 4.3593e-02 5.4945e-03 6.9206e-04 8.6077e-05 9.7462e-06 7.2432e-07 1.0000e-15 1.0000e-15 1.0000e-15
6.1100e+00 3.1480e-01 3.9677e-02 5.0009e-03 6.2989e-04 7.8344e-05 8.8707e-06 6.5925e-07 1.0000e-15 1.0000e-15 1.0000e-15
6.1200e+00 2.8652e-01 3.6113e-02 4.5516e-03 5.7330e-04 7.1306e-05 8.0737e-06 6.0002e-07 1.0000e-15 1.0000e-15 1.0000e-15
6.1300e+00 2.6078e-01 3.2868e-02 4.1427e-03 5.2180e-04 6.4900e-05 7.3484e-06 5.4612e-07 1.0000e-15 1.0000e-15 1.0000e-15
6.1400e+00 2.3735e-01 2.9916e-02 3.7706e-03 4.7492e-04 5.9070e-05 6.6883e-06 4.9706e-07 1.0000e-15 1.0000e-15 1.0000e-15
6.1500e+00 2.1603e-01 2.7228e-02 3.4318e-03 4.3226e-04 5.3763e-05 6.0874e-06 4.5240e-07 1.0000e-15 1.0000e-15 1.0000e-15
6.1600e+00 1.9662e-01 2.4782e-02 3.1235e-03 3.9342e-04 4.8933e-05 5.5405e-06 4.1176e-07 1.0000e-15 1.0000e-15 1.0000e-15
6.1700e+00 1.7896e-01 2.2556e-02 2.8429e-03 3.5808e-04 4.4537e-05 5.0428e-06 3.7477e-07 1.0000e-15 1.0000e-15 1.0000e-15
6.1800e+00 1.6288e-01 2.0529e-02 2.5875e-03 3.2591e-04 4.0536e-05 4.5898e-06 3.4110e-07 1.0000e-15 1.0000e-15 1.0000e-15
6.1900e+00 1.4825e-01 1.8685e-02 2.3551e-03 2.9663e-04 3.6895e-05 4.1774e-06 3.1046e-07 1.0000e-15 1.0000e-15 1.0000e-15
6.2000e+00 1.3493e-01 1.7006e-02 2.1435e-03 2.6998e-04 3.3580e-05 3.8021e-06 2.8257e-07 1.0000e-15 1.0000e-15 1.0000e-15
6.2100e+00 1.2281e-01 1.5479e-02 1.9509e-03 2.4573e-04 3.0563e-05 3.4606e-06 2.5718e-07 1.0000e-15 1.0000e-15 1.0000e-15
6.2200e+00 1.1178e-01 1.4088e-02 1.7757e-03 2.2365e-04 2.7818e-05 3.1497e-06 2.3408e-07 1.0000e-15 1.0000e-15 1.0000e-15
6.2300e+00 1.0174e-01 1.2822e-02 1.6161e-03 2.0356e-04 2.5319e-05 2.8667e-06 2.1305e-07 1.0000e-15 1.0000e-15 1.0000e-15
6.2400e+00 9.2596e-02 1.1670e-02 1.4710e-03 1.8527e-04 2.3044e-05 2.6092e-06 1.9391e-07 1.0000e-15 1.0000e-15 1.0000e-15
6.2500e+00 8.4277e-02 1.0622e-02 1.3388e-03 1.6863e-04 2.0974e-05 2.3748e-06 1.7649e-07 1.0000e-15 1.0000e-15 1.0000e-15
6.2600e+00 7.6706e-02 9.6678e-03 1.2185e-03 1.5348e-04 1.9090e-05 2.1614e-06 1.6063e-07 1.0000e-15 1.0000e-15 1.0000e-15
6.2700e+00 6.9815e-02 8.7993e-03 1.1091e-03 1.3969e-04 1.7375e-05 1.9673e-06 1.4620e-07 1.0000e-15 1.0000e-15 1.0000e-15
6.2800e+00 6.3543e-02 8.0088e-03 1.0094e-03 1.2714e-04 1.5814e-05 1.7905e-06 1.3307e-07 1.0000e-15 1.0000e-15 1.0000e-15
6.2900e+00 5.7834e-02 7.2893e-03 9.1874e-04 1.1572e-04 1.4393e-05 1.6297e-06 1.2111e-07 1.0000e-15 1.0000e-15 1.0000e-15
6.3000e+00 5.2639e-02 6.6344e-03 8.3621e-04 1.0532e-04 1.3100e-05 1.4833e-06 1.1023e-07 1.0000e-15 1.0000e-15 1.0000e-15
6.3100e+00 4.7910e-02 6.0384e-03 7.6108e-04 9.5862e-05 1.1923e-05 1.3500e-06 1.0033e-07 1.0000e-15 1.0000e-15 1.0000e-15
6.3200e+00 4.3606e-02 5.4960e-03 6.9271e-04 8.7250e-05 1.0852e-05 1.2287e-06 9.1317e-08 1.0000e-15 1.0000e-15 1.0000e-15
6.3300e+00 3.9688e-02 5.0022e-03 6.3048e-04 7.9412e-05 9.8771e-06 1.1184e-06 8.3114e-08 1.0000e-15 1.0000e-15 1.0000e-15
6.3400e+00 3.6123e-02 4.5528e-03 5.7384e-04 7.2278e-05 8.9898e-06 1.0179e-06 7.5647e-08 1.0000e-15 1.0000e-15 1.0000e-15
6.3500e+00 3.2878e-02 4.1438e-03 5.2229e-04 6.5785e-05 8.1822e-06 9.2644e-07 6.8851e-08 1.0000e-15 1.0000e-15 1.0000e-15
6.3600e+00 2.9924e-02 3.7716e-03 4.7537e-04 5.9875e-05 7.4471e-06 8.4321e-07 6.2666e-08 1.0000e-15 1.0000e-15 1.0000e-15
6.3700e+00 2.7236e-02 3.4327e-03 4.3266e-04 5.4496e-05 6.7781e-06 7.6746e-07 5.7036e-08 1.0000e-15 1.0000e-15 1.0000e-15
6.3800e+00 2.4789e-02 3.1243e-03 3.9379e-04 4.9600e-05 6.1692e-06 6.9851e-07 5.1912e-08 1.0000e-15 1.0000e-15 1.0000e-15
6.3900e+00 2.2562e-02 2.8437e-03 3.5842e-04 4.5144e-05 5.6150e-06 6.3576e-07 4.7248e-08 1.0000e-15 1.0000e-15 1.0000e-15
6.4000e+00 2.0535e-02 2.5882e-03 3.2622e-04 4.1089e-05 5.1105e-06 5.7865e-07 4.3004e-08 1.0000e-15 1.0000e-15 1.0000e-15
6.4100e+00 3.4906e+01 4.3916e+00 5.5345e-01 6.9751e-02 8.7732e-03 1.0803e-03 1.1803e-04 8.1620e-06 1.0000e-15 1.0000e-15
6.4200e+00 3.1747e+01 3.9969e+00 5.0373e-01 6.3485e-02 7.9850e-03 9.8327e-04 1.0742e-04 7.4288e-06 1.0000e-15 1.0000e-15
6.4300e+00 2.8882e+01 3.6378e+00 4.5848e-01 5.7782e-02 7.2677e-03 8.9494e-04 9.7773e-05 6.7614e-06 1.0000e-15 1.0000e-15
6.4400e+00 2.6280e+01 3.3109e+00 4.1729e-01 5.2591e-02 6.6148e-03 8.1454e-04 8.8990e-05 6.1540e-06 1.0000e-15 1.0000e-15
6.4500e+00 2.3915e+01 3.0134e+00 3.7980e-01 4.7866e-02 6.0205e-03 7.4136e-04 8.0995e-05 5.6011e-06 1.0000e-15 1.0000e-15
6.4600e+00 2.1765e+01 2.7427e+00 3.4568e-01 4.3566e-02 5.4796e-03 6.7476e-04 7.3719e-05 5.0979e-06 1.0000e-15 1.0000e-15
6.4700e+00 1.9808e+01 2.4963e+00 3.1462e-01 3.9652e-02 4.9874e-03 6.1414e-04 6.7096e-05 4.6400e-06 1.0000e-15 1.0000e-15
6.4800e+00 1.8028e+01 2.2720e+00 2.8636e-01 3.6090e-02 4.5393e-03 5.5897e-04 6.1068e-05 4.2231e-06 1.0000e-15 1.0000e-15
6.4900e+00 1.6408e+01 2.0679e+00 2.6063e-01 3.2848e-02 4.1315e-03 5.0875e-04 5.5582e-05 3.8437e-06 1.0000e-15 1.0000e-15
6.5000e+00 1.4934e+01 1.8821e+00 2.3722e-01 2.9897e-02 3.7604e-03 4.6305e-04 5.0589e-05 3.4984e-06 1.0000e-15 1.0000e-15
6.5100e+00 1.3592e+01 1.7130e+00 2.1591e-01 2.7211e-02 3.4225e-03 4.2145e-04 4.6044e-05 3.1841e-06 1.0000e-15 1.0000e-15
6.5200e+00 1.2371e+01 1.5591e+00 1.9651e-01 2.4766e-02 3.1151e-03 3.8359e-04 4.1908e-05 2.8981e-06 1.0000e-15 1.0000e-15
6.5300e+00 1.1259e+01 1.4191e+00 1.7886e-01 2.2542e-02 2.8352e-03 3.4913e-04 3.8143e-05 2.6377e-06 1.0000e-15 1.0000e-15
6.5400e+00 1.0248e+01 1.2916e+00 1.6279e-01 2.0516e-02 2.5805e-03 3.1776e-04 3.4716e-05 2.4008e-06 1.0000e-15 1.0000e-15
6.5500e+00 9.3272e+00 1.1756e+00 1.4816e-01 1.8673e-02 2.3487e-03 2.8922e-04 3.1597e-05 2.1851e-06 1.0000e-15 1.0000e-15
6.5600e+00 8.4892e+00 1.0700e+00 1.3485e-01 1.6996e-02 2.1377e-03 2.6323e-04 2.8759e-05 1.9888e-06 1.0000e-15 1.0000e-15
6.5700e+00 7.7266e+00 9.7383e-01 1.2274e-01 1.5469e-02 1.9456e-03 2.3959e-04 2.6175e-05 1.8101e-06 1.0000e-15 1.0000e-15
6.5800e+00 7.0324e+00 8.8635e-01 1.1171e-01 1.4079e-02 1.7709e-03 2.1806e-04 2.3824e-05 1.6475e-06 1.0000e-15 1.0000e-15
6.5900e+00 6.4007e+00 8.0672e-01 1.0168e-01 1.2814e-02 1.6118e-03 1.9847e-04 2.1683e-05 1.4995e-06 1.0000e-15 1.0000e-15
6.6000e+00 5.8256e+00 7.3425e-01 9.2543e-02 1.1663e-02 1.4670e-03 1.8064e-04 1.9735e-05 1.3648e-06 1.0000e-15 1.0000e-15
6.6100e+00 5.3023e+00 6.6828e-01 8.4229e-02 1.0615e-02 1.3352e-03 1.6441e-04 1.7963e-05 1.2422e-06 1.0000e-15 1.0000e-15
6.6200e+00 4.8259e+00 6.0825e-01 7.6662e-02 9.6618e-03 1.2152e-03 1.4964e-04 1.6349e-05 1.1306e-06 1.0000e-15 1.0000e-15
6.6300e+00 4.3924e+00 5.5360e-01 6.9775e-02 8.7938e-03 1.1061e-03 1.3620e-04 1.4880e-05 1.0290e-06 1.0000e-15 1.0000e-15
6.6400e+00 3.9978e+00 5.0387e-01 6.3507e-02 8.0038e-03 1.0067e-03 1.2396e-04 1.3543e-05 9.3657e-07 1.0000e-15 1.0000e-15
6.6500e+00 3.6387e+00 4.5860e-01 5.7801e-02 7.2847e-03 9.1626e-04 1.1283e-04 1.2327e-05 8.5243e-07 1.0000e-15 1.0000e-15
6.6600e+00 3.3118e+00 4.1740e-01 5.2609e-02 6.6303e-03 8.3394e-04 1.0269e-04 1.1219e-05 7.7585e-07 1.0000e-15 1.0000e-15
6.6700e+00 3.0142e+00 3.7991e-01 4.7882e-02 6.0346e-03 7.5902e-04 9.3466e-05 1.0211e-05 7.0615e-07 1.0000e-15 1.0000e-15
6.6800e+00 2.7435e+00 3.4578e-01 4.3581e-02 5.4925e-03 6.9084e-04 8.5069e-05 9.2940e-06 6.4271e-07 1.0000e-15 1.0000e-15
6.6900e+00 2.4970e+00 3.1471e-01 3.9666e-02 4.9991e-03 6.2877e-04 7.7427e-05 8.4590e-06 5.8498e-07 1.0000e-15 1.0000e-15
6.7000e+00 2.2727e+00 2.8644e-01 3.6102e-02 4.5500e-03 5.7229e-04 7.0471e-05 7.6991e-06 5.3242e-07 1.0000e-15 1.0000e-15
6.7100e+00 2.0685e+00 2.6071e-01 3.2859e-02 4.1412e-03 5.2087e-04 6.4140e-05 7.0074e-06 4.8459e-07 1.0000e-15 1.0000e-15
6.7200e+00 1.8827e+00 2.3729e-01 2.9907e-02 3.7692e-03 4.7408e-04 5.8378e-05 6.3779e-06 4.4106e-07 1.0000e-15 1.0000e-15
6.7300e+00 1.7135e+00 2.1597e-01 2.7220e-02 3.4306e-03 4.3149e-04 5.3134e-05 5.8049e-06 4.0143e-07 1.0000e-15 1.0000e-15
6.7400e+00 1.5596e+00 1.9657e-01 2.4775e-02 3.1224e-03 3.9273e-04 4.8360e-05 5.2834e-06 3.6537e-07 1.0000e-15 1.0000e-15
6.7500e+00 1.4195e+00 1.7891e-01 2.2549e-02 2.8419e-03 3.5745e-04 4.4016e-05 4.8088e-06 3.3255e-07 1.0000e-15 1.0000e-15
6.7600e+00 1.2920e+00 1.6284e-01 2.0523e-02 2.5866e-03 3.2533e-04 4.0061e-05 4.3768e-06 3.0267e-07 1.0000e-15 1.0000e-15
6.7700e+00 1.1759e+00 1.4821e-01 1.8680e-02 2.3542e-03 2.9611e-04 3.6462e-05 3.9836e-06 2.7548e-07 1.0000e-15 1.0000e-15
6.7800e+00 1.0703e+00 1.3489e-01 1.7002e-02 2.1427e-03 2.6951e-04 3.3187e-05 3.6257e-06 2.5073e-07 1.0000e-15 1.0000e-15
6.7900e+00 9.7411e-01 1.2277e-01 1.5474e-02 1.9502e-03 2.4529e-04 3.0205e-05 3.3000e-06 2.2821e-07 1.0000e-15 1.0000e-15
6.8000e+00 8.8660e-01 1.1174e-01 1.4084e-02 1.7750e-03 2.2326e-04 2.7492e-05 3.0035e-06 2.0771e-07 1.0000e-15 1.0000e-15
6.8100e+00 8.0695e-01 1.0171e-01 1.2819e-02 1.6156e-03 2.0320e-04 2.5022e-05 2.7337e-06 1.8905e-07 1.0000e-15 1.0000e-15
6.8200e+00 7.3446e-01 9.2569e-02 1.1667e-02 1.4704e-03 1.8495e-04 2.2774e-05 2.4881e-06 1.7206e-07 1.0000e-15 1.0000e-15
6.8300e+00 6.6848e-01 8.4253e-02 1.0619e-02 1.3383e-03 1.6833e-04 2.0728e-05 2.2646e-06 1.5661e-07 1.0000e-15 1.0000e-15
6.8400e+00 6.0842e-01 7.6684e-02 9.6650e-03 1.2181e-03 1.5321e-04 1.8866e-05 2.0611e-06 1.4254e-07 1.0000e-15 1.0000e-15
6.8500e+00 5.5376e-01 6.9795e-02 8.7967e-03 1.1087e-03 1.3944e-04 1.7171e-05 1.8760e-06 1.2973e-07 1.0000e-15 1.0000e-15
6.8600e+00 5.0402e-01 6.3525e-02 8.0065e-03 1.0091e-03 1.2692e-04 1.5629e-05 1.7074e-06 1.1808e-07 1.0000e-15 1.0000e-15
6.8700e+00 4.5874e-01 5.7818e-02 7.2872e-03 9.1841e-04 1.1552e-04 1.4225e-05 1.5541e-06 1.0747e-07 1.0000e-15 1.0000e-15
6.8800e+00 4.1753e-01 5.2624e-02 6.6325e-03 8.3590e-04 1.0514e-04 1.2947e-05 1.4144e-06 9.7814e-08 1.0000e-15 1.0000e-15
6.8900e+00 3.8002e-01 4.7896e-02 6.0367e-03 7.6081e-04 9.5693e-05 1.1784e-05 1.2874e-06 8.9027e-08 1.0000e-15 1.0000e-15
6.9000e+00 3.4588e-01 4.3593e-02 5.4944e-03 6.9246e-04 8.7096e-05 1.0725e-05 1.1717e-06 8.1029e-08 1.0000e-15 1.0000e-15
6.9100e+00 3.1480e-01 3.9677e-02 5.0008e-03 6.3025e-04 7.9272e-05 9.7615e-06 1.0665e-06 7.3750e-08 1.0000e-15 1.0000e-15
6.9200e+00 2.8652e-01 3.6112e-02 4.5515e-03 5.7363e-04 7.2150e-05 8.8845e-06 9.7065e-07 6.7124e-08 1.0000e-15 1.0000e-15
6.9300e+00 2.6078e-01 3.2868e-02 4.1426e-03 5.2210e-04 6.5668e-05 8.0864e-06 8.8345e-07 6.1094e-08 1.0000e-15 1.0000e-15
6.9400e+00 2.3735e-01 2.9915e-02 3.7705e-03 4.7519e-04 5.9769e-05 7.3599e-06 8.0408e-07 5.5606e-08 1.0000e-15 1.0000e-15
6.9500e+00 2.1603e-01 2.7228e-02 3.4317e-03 4.3250e-04 5.4399e-05 6.6987e-06 7.3185e-07 5.0610e-08 1.0000e-15 1.0000e-15
6.9600e+00 1.9662e-01 2.4782e-02 3.1234e-03 3.9365e-04 4.9512e-05 6.0969e-06 6.6610e-07 4.6063e-08 1.0000e-15 1.0000e-15
6.9700e+00 1.7896e-01 2.2556e-02 2.8428e-03 3.5829e-04 4.5064e-05 5.5492e-06 6.0626e-07 4.1925e-08 1.0000e-15 1.0000e-15
6.9800e+00 1.6288e-01 2.0529e-02 2.5875e-03 3.2610e-04 4.1016e-05 5.0507e-06 5.5180e-07 3.8159e-08 1.0000e-15 1.0000e-15
6.9900e+00 1.4825e-01 1.8685e-02 2.3550e-03 2.9680e-04 3.7331e-05 4.5969e-06 5.0222e-07 3.4731e-08 1.0000e-15 1.0000e-15
7.0000e+00 1.3493e-01 1.7006e-02 2.1434e-03 2.7014e-04 3.3977e-05 4.1840e-06 4.5711e-07 3.1611e-08 1.0000e-15 1.0000e-15
7.0100e+00 1.2281e-01 1.5479e-02 1.9509e-03 2.4587e-04 3.0925e-05 3.8081e-06 4.1604e-07 2.8771e-08 1.0000e-15 1.0000e-15
7.0200e+00 1.1178e-01 1.4088e-02 1.7756e-03 2.2378e-04 2.8147e-05 3.4660e-06 3.7867e-07 2.6186e-08 1.0000e-15 1.0000e-15
7.0300e+00 1.0174e-01 1.2822e-02 1.6161e-03 2.0368e-04 2.5618e-05 3.1546e-06 3.4465e-07 2.3834e-08 1.0000e-15 1.0000e-15
7.0400e+00 9.2596e-02 1.1670e-02 1.4709e-03 1.8538e-04 2.3317e-05 2.8712e-06 3.1369e-07 2.1693e-08 1.0000e-15 1.0000e-15
7.0500e+00 8.4277e-02 1.0622e-02 1.3388e-03 1.6873e-04 2.1222e-05 2.6133e-06 2.8550e-07 1.9744e-08 1.0000e-15 1.0000e-15
7.0600e+00 7.6706e-02 9.6678e-03 1.2185e-03 1.5357e-04 1.9315e-05 2.3785e-06 2.5986e-07 1.7970e-08 1.0000e-15 1.0000e-15
7.0700e+00 6.9815e-02 8.7992e-03 1.1090e-03 1.3977e-04 1.7580e-05 2.1648e-06 2.3651e-07 1.6356e-08 1.0000e-15 1.0000e-15
7.0800e+00 6.3543e-02 8.0087e-03 1.0094e-03 1.2722e-04 1.6001e-05 1.9703e-06 2.1526e-07 1.4886e-08 1.0000e-15 1.0000e-15
7.0900e+00 5.7834e-02 7.2893e-03 9.1872e-04 1.1579e-04 1.4563e-05 1.7933e-06 1.9593e-07 1.3549e-08 1.0000e-15 1.0000e-15
7.1000e+00 5.2639e-02 6.6344e-03 8.3619e-04 1.0539e-04 1.3255e-05 1.6322e-06 1.7832e-07 1.2332e-08 1.0000e-15 1.0000e-15
7.1100e+00 4.7910e-02 6.0384e-03 7.6107e-04 9.5918e-05 1.2064e-05 1.4856e-06 1.6230e-07 1.1224e-08 1.0000e-15 1.0000e-15
7.1200e+00 4.3606e-02 5.4959e-03 6.9269e-04 8.7301e-05 1.0980e-05 1.3521e-06 1.4772e-07 1.0216e-08 1.0000e-15 1.0000e-15
7.1300e+00 3.9688e-02 5.0022e-03 6.3046e-04 7.9458e-05 9.9940e-06 1.2307e-06 1.3445e-07 9.2979e-09 1.0000e-15 1.0000e-15
7.1400e+00 3.6123e-02 4.5528e-03 5.7383e-04 7.2320e-05 9.0962e-06 1.1201e-06 1.2237e-07 8.4626e-09 1.0000e-15 1.0000e-15
7.1500e+00 3.2878e-02 4.1438e-03 5.2227e-04 6.5823e-05 8.2790e-06 1.0195e-06 1.1138e-07 7.7023e-09 1.0000e-15 1.0000e-15
7.1600e+00 2.9924e-02 3.7715e-03 4.7536e-04 5.9909e-05 7.5353e-06 9.2789e-07 1.0137e-07 7.0104e-09 1.0000e-15 1.0000e-15
7.1700e+00 2.7236e-02 3.4327e-03 4.3265e-04 5.4527e-05 6.8583e-06 8.4453e-07 9.2266e-08 6.3806e-09 1.0000e-15 1.0000e-15
7.1800e+00 2.4789e-02 3.1243e-03 3.9378e-04 4.9629e-05 6.2422e-06 7.6866e-07 8.3978e-08 5.8074e-09 1.0000e-15 1.0000e-15
7.1900e+00 2.2562e-02 2.8436e-03 3.5841e-04 4.5170e-05 5.6814e-06 6.9961e-07 7.6433e-08 5.2857e-09 1.0000e-15 1.0000e-15
7.2000e+00 2.0535e-02 2.5882e-03 3.2621e-04 4.1112e-05 5.1710e-06 6.3676e-07 6.9567e-08 4.8108e-09 1.0000e-15 1.0000e-15
7.2100e+00 3.4906e+01 4.3916e+00 5.5345e-01 6.9754e-02 8.7892e-03 1.1029e-03 1.3412e-04 1.4121e-05 9.1308e-07 1.0000e-15
7.2200e+00 3.1747e+01 3.9969e+00 5.0373e-01 6.3488e-02 7.9996e-03 1.0038e-03 1.2207e-04 1.2853e-05 8.3105e-07 1.0000e-15
7.2300e+00 2.8882e+01 3.6378e+00 4.5847e-01 5.7784e-02 7.2809e-03 9.1362e-04 1.1111e-04 1.1698e-05 7.5640e-07 1.0000e-15
7.2400e+00 2.6280e+01 3.3109e+00 4.1728e-01 5.2593e-02 6.6268e-03 8.3155e-04 1.0112e-04 1.0647e-05 6.8844e-07 1.0000e-15
7.2500e+00 2.3915e+01 3.0134e+00 3.7980e-01 4.7868e-02 6.0315e-03 7.5684e-04 9.2040e-05 9.6905e-06 6.2660e-07 1.0000e-15
7.2600e+00 2.1765e+01 2.7427e+00 3.4568e-01 4.3568e-02 5.4897e-03 6.8885e-04 8.3771e-05 8.8199e-06 5.7030e-07 1.0000e-15
7.2700e+00 1.9808e+01 2.4963e+00 3.1462e-01 3.9654e-02 4.9965e-03 6.2697e-04 7.6246e-05 8.0276e-06 5.1907e-07 1.0000e-15
7.2800e+00 1.8028e+01 2.2720e+00 2.8636e-01 3.6092e-02 4.5476e-03 5.7064e-04 6.9396e-05 7.3064e-06 4.7244e-07 1.0000e-15
7.2900e+00 1.6408e+01 2.0679e+00 2.6063e-01 3.2849e-02 4.1391e-03 5.1938e-04 6.3162e-05 6.6500e-06 4.3000e-07 1.0000e-15
7.3000e+00 1.4934e+01 1.8821e+00 2.3722e-01 2.9898e-02 3.7672e-03 4.7272e-04 5.7487e-05 6.0526e-06 3.9137e-07 1.0000e-15
7.3100e+00 1.3592e+01 1.7130e+00 2.1591e-01 2.7212e-02 3.4288e-03 4.3025e-04 5.2323e-05 5.5089e-06 3.5621e-07 1.0000e-15
7.3200e+00 1.2371e+01 1.5591e+00 1.9651e-01 2.4767e-02 3.1208e-03 3.9160e-04 4.7622e-05 5.0140e-06 3.2421e-07 1.0000e-15
7.3300e+00 1.1259e+01 1.4191e+00 1.7886e-01 2.2542e-02 2.8404e-03 3.5642e-04 4.3344e-05 4.5635e-06 2.9508e-07 1.0000e-15
7.3400e+00 1.0248e+01 1.2916e+00 1.6279e-01 2.0517e-02 2.5852e-03 3.2440e-04 3.9450e-05 4.1535e-06 2.6857e-07 1.0000e-15
7.3500e+00 9.3272e+00 1.1756e+00 1.4816e-01 1.8674e-02 2.3530e-03 2.9526e-04 3.5906e-05 3.7804e-06 2.4444e-07 1.0000e-15
7.3600e+00 8.4892e+00 1.0700e+00 1.3485e-01 1.6996e-02 2.1416e-03 2.6873e-04 3.2680e-05 3.4408e-06 2.2248e-07 1.0000e-15
7.3700e+00 7.7266e+00 9.7383e-01 1.2274e-01 1.5470e-02 1.9492e-03 2.4459e-04 2.9745e-05 3.1317e-06 2.0250e-07 1.0000e-15
7.3800e+00 7.0324e+00 8.8634e-01 1.1171e-01 1.4080e-02 1.7741e-03 2.2262e-04 2.7072e-05 2.8503e-06 1.8431e-07 1.0000e-15
7.3900e+00 6.4007e+00 8.0672e-01 1.0168e-01 1.2815e-02 1.6147e-03 2.0262e-04 2.4640e-05 2.5943e-06 1.6775e-07 1.0000e-15
7.4000e+00 5.8256e+00 7.3425e-01 9.2542e-02 1.1664e-02 1.4697e-03 1.8441e-04 2.2427e-05 2.3612e-06 1.5268e-07 1.0000e-15
7.4100e+00 5.3023e+00 6.6828e-01 8.4228e-02 1.0616e-02 1.3376e-03 1.6785e-04 2.0412e-05 2.1491e-06 1.3896e-07 1.0000e-15
7.4200e+00 4.8259e+00 6.0825e-01 7.6661e-02 9.6622e-03 1.2175e-03 1.5277e-04 1.8578e-05 1.9560e-06 1.2648e-07 1.0000e-15
7.4300e+00 4.3924e+00 5.5360e-01 6.9774e-02 8.7941e-03 1.1081e-03 1.3904e-04 1.6909e-05 1.7803e-06 1.1512e-07 1.0000e-15
7.4400e+00 3.9978e+00 5.0387e-01 6.3506e-02 8.0041e-03 1.0085e-03 1.2655e-04 1.5390e-05 1.6204e-06 1.0477e-07 1.0000e-15
7.4500e+00 3.6387e+00 4.5860e-01 5.7801e-02 7.2850e-03 9.1793e-04 1.1518e-04 1.4008e-05 1.4748e-06 9.5361e-08 1.0000e-15
7.4600e+00 3.3118e+00 4.1740e-01 5.2608e-02 6.6306e-03 8.3547e-04 1.0484e-04 1.2749e-05 1.3423e-06 8.6794e-08 1.0000e-15
7.4700e+00 3.0142e+00 3.7991e-01 4.7882e-02 6.0349e-03 7.6041e-04 9.5418e-05 1.1604e-05 1.2217e-06 7.8997e-08 1.0000e-15
7.4800e+00 2.7435e+00 3.4578e-01 4.3581e-02 5.4927e-03 6.9210e-04 8.6846e-05 1.0561e-05 1.1120e-06 7.1900e-08 1.0000e-15
7.4900e+00 2.4970e+00 3.1471e-01 3.9665e-02 4.9993e-03 6.2992e-04 7.9044e-05 9.6125e-06 1.0121e-06 6.5441e-08 1.0000e-15
7.5000e+00 2.2727e+00 2.8644e-01 3.6102e-02 4.5502e-03 5.7333e-04 7.1943e-05 8.7490e-06 9.2114e-07 5.9562e-08 1.0000e-15
7.5100e+00 2.0685e+00 2.6071e-01 3.2859e-02 4.1414e-03 5.2183e-04 6.5480e-05 7.9630e-06 8.3839e-07 5.4211e-08 1.0000e-15
7.5200e+00 1.8827e+00 2.3729e-01 2.9907e-02 3.7694e-03 4.7495e-04 5.9597e-05 7.2476e-06 7.6307e-07 4.9341e-08 1.0000e-15
7.5300e+00 1.7135e+00 2.1597e-01 2.7220e-02 3.4307e-03 4.3228e-04 5.4243e-05 6.5965e-06 6.9452e-07 4.4908e-08 1.0000e-15
7.5400e+00 1.5596e+00 1.9657e-01 2.4775e-02 3.1225e-03 3.9344e-04 4.9370e-05 6.0039e-06 6.3213e-07 4.0874e-08 1.0000e-15
7.5500e+00 1.4195e+00 1.7891e-01 2.2549e-02 2.8420e-03 3.5810e-04 4.4935e-05 5.4645e-06 5.7534e-07 3.7202e-08 1.0000e-15
7.5600e+00 1.2920e+00 1.6284e-01 2.0523e-02 2.5867e-03 3.2593e-04 4.0898e-05 4.9736e-06 5.2365e-07 3.3860e-08 1.0000e-15
7.5700e+00 1.1759e+00 1.4821e-01 1.8680e-02 2.3543e-03 2.9665e-04 3.7224e-05 4.5268e-06 4.7661e-07 3.0818e-08 1.0000e-15
7.5800e+00 1.0703e+00 1.3489e-01 1.7001e-02 2.1428e-03 2.7000e-04 3.3880e-05 4.1201e-06 4.3379e-07 2.8049e-08 1.0000e-15
7.5900e+00 9.7411e-01 1.2277e-01 1.5474e-02 1.9503e-03 2.4574e-04 3.0836e-05 3.7500e-06 3.9482e-07 2.5529e-08 1.0000e-15
7.6000e+00 8.8660e-01 1.1174e-01 1.4084e-02 1.7751e-03 2.2367e-04 2.8066e-05 3.4131e-06 3.5935e-07 2.3236e-08 1.0000e-15
7.6100e+00 8.0695e-01 1.0171e-01 1.2819e-02 1.6156e-03 2.0357e-04 2.5545e-05 3.1065e-06 3.2707e-07 2.1148e-08 1.0000e-15
7.6200e+00 7.3446e-01 9.2569e-02 1.1667e-02 1.4705e-03 1.8528e-04 2.3250e-05 2.8274e-06 2.9769e-07 1.9249e-08 1.0000e-15
7.6300e+00 6.6848e-01 8.4253e-02 1.0619e-02 1.3384e-03 1.6864e-04 2.1161e-05 2.5734e-06 2.7094e-07 1.7519e-08 1.0000e-15
7.6400e+00 6.0842e-01 7.6684e-02 9.6650e-03 1.2181e-03 1.5349e-04 1.9260e-05 2.3422e-06 2.4660e-07 1.5945e-08 1.0000e-15
7.6500e+00 5.5376e-01 6.9795e-02 8.7967e-03 1.1087e-03 1.3970e-04 1.7530e-05 2.1318e-06 2.2445e-07 1.4513e-08 1.0000e-15
7.6600e+00 5.0402e-01 6.3524e-02 8.0064e-03 1.0091e-03 1.2715e-04 1.5955e-05 1.9403e-06 2.0428e-07 1.3209e-08 1.0000e-15
7.6700e+00 4.5874e-01 5.7818e-02 7.2872e-03 9.1845e-04 1.1573e-04 1.4522e-05 1.7660e-06 1.8593e-07 1.2022e-08 1.0000e-15
7.6800e+00 4.1753e-01 5.2623e-02 6.6325e-03 8.3594e-04 1.0533e-04 1.3217e-05 1.6073e-06 1.6923e-07 1.0942e-08 1.0000e-15
7.6900e+00 3.8002e-01 4.7896e-02 6.0367e-03 7.6084e-04 9.5868e-05 1.2030e-05 1.4629e-06 1.5403e-07 9.9594e-09 1.0000e-15
7.7000e+00 3.4588e-01 4.3593e-02 5.4943e-03 6.9249e-04 8.7255e-05 1.0949e-05 1.3315e-06 1.4019e-07 9.0647e-09 1.0000e-15
7.7100e+00 3.1480e-01 3.9677e-02 5.0007e-03 6.3028e-04 7.9416e-05 9.9653e-06 1.2119e-06 1.2759e-07 8.2503e-09 1.0000e-15
7.7200e+00 2.8652e-01 3.6112e-02 4.5515e-03 5.7366e-04 7.2282e-05 9.0701e-06 1.1030e-06 1.1613e-07 7.5091e-09 1.0000e-15
7.7300e+00 2.6078e-01 3.2868e-02 4.1426e-03 5.2212e-04 6.5788e-05 8.2552e-06 1.0039e-06 1.0570e-07 6.8345e-09 1.0000e-15
7.7400e+00 2.3735e-01 2.9915e-02 3.7704e-03 4.7521e-04 5.9878e-05 7.5136e-06 9.1373e-07 9.6203e-08 6.2206e-09 1.0000e-15
7.7500e+00 2.1603e-01 2.7228e-02 3.4317e-03 4.3252e-04 5.4499e-05 6.8386e-06 8.3165e-07 8.7560e-08 5.6617e-09 1.0000e-15
7.7600e+00 1.9662e-01 2.4782e-02 3.1234e-03 3.9367e-04 4.9603e-05 6.2242e-06 7.5693e-07 7.9694e-08 5.1531e-09 1.0000e-15
7.7700e+00 1.7896e-01 2.2556e-02 2.8428e-03 3.5830e-04 4.5147e-05 5.6651e-06 6.8893e-07 7.2535e-08 4.6901e-09 1.0000e-15
7.7800e+00 1.6288e-01 2.0529e-02 2.5874e-03 3.2611e-04 4.1091e-05 5.1561e-06 6.2704e-07 6.6018e-08 4.2688e-09 1.0000e-15
7.7900e+00 1.4825e-01 1.8685e-02 2.3550e-03 2.9682e-04 3.7399e-05 4.6929e-06 5.7071e-07 6.0088e-08 3.8853e-09 1.0000e-15
7.8000e+00 1.3493e-01 1.7006e-02 2.1434e-03 2.7015e-04 3.4040e-05 4.2713e-06 5.1944e-07 5.4689e-08 3.5363e-09 1.0000e-15
7.8100e+00 1.2281e-01 1.5479e-02 1.9509e-03 2.4588e-04 3.0982e-05 3.8876e-06 4.7277e-07 4.9776e-08 3.2186e-09 1.0000e-15
7.8200e+00 1.1178e-01 1.4088e-02 1.7756e-03 2.2379e-04 2.8198e-05 3.5384e-06 4.3030e-07 4.5305e-08 2.9294e-09 1.0000e-15
7.8300e+00 1.0174e-01 1.2822e-02 1.6161e-03 2.0369e-04 2.5665e-05 3.2205e-06 3.9164e-07 4.1235e-08 2.6663e-09 1.0000e-15
7.8400e+00 9.2596e-02 1.1670e-02 1.4709e-03 1.8539e-04 2.3359e-05 2.9312e-06 3.5646e-07 3.7530e-08 2.4267e-09 1.0000e-15
7.8500e+00 8.4277e-02 1.0622e-02 1.3388e-03 1.6873e-04 2.1261e-05 2.6678e-06 3.2444e-07 3.4159e-08 2.2087e-09 1.0000e-15
7.8600e+00 7.6706e-02 9.6678e-03 1.2185e-03 1.5358e-04 1.9351e-05 2.4282e-06 2.9529e-07 3.1090e-08 2.0103e-09 1.0000e-15
7.8700e+00 6.9815e-02 8.7992e-03 1.1090e-03 1.3978e-04 1.7612e-05 2.2100e-06 2.6876e-07 2.8297e-08 1.8297e-09 1.0000e-15
7.8800e+00 6.3543e-02 8.0087e-03 1.0094e-03 1.2722e-04 1.6030e-05 2.0115e-06 2.4462e-07 2.5755e-08 1.6653e-09 1.0000e-15
7.8900e+00 5.7834e-02 7.2893e-03 9.1872e-04 1.1579e-04 1.4590e-05 1.8308e-06 2.2264e-07 2.3441e-08 1.5157e-09 1.0000e-15
7.9000e+00 5.2639e-02 6.6344e-03 8.3618e-04 1.0539e-04 1.3279e-05 1.6663e-06 2.0264e-07 2.1335e-08 1.3796e-09 1.0000e-15
7.9100e+00 4.7910e-02 6.0384e-03 7.6106e-04 9.5922e-05 1.2086e-05 1.5166e-06 1.8444e-07 1.9418e-08 1.2556e-09 1.0000e-15
7.9200e+00 4.3606e-02 5.4959e-03 6.9269e-04 8.7304e-05 1.1001e-05 1.3804e-06 1.6787e-07 1.7674e-08 1.1428e-09 1.0000e-15
7.9300e+00 3.9688e-02 5.0022e-03 6.3046e-04 7.9461e-05 1.0012e-05 1.2564e-06 1.5279e-07 1.6086e-08 1.0402e-09 1.0000e-15
7.9400e+00 3.6123e-02 4.5528e-03 5.7382e-04 7.2323e-05 9.1128e-06 1.1435e-06 1.3906e-07 1.4641e-08 9.4673e-10 1.0000e-15
7.9500e+00 3.2878e-02 4.1438e-03 5.2227e-04 6.5825e-05 8.2941e-06 1.0408e-06 1.2657e-07 1.3326e-08 8.6167e-10 1.0000e-15
7.9600e+00 2.9924e-02 3.7715e-03 4.7535e-04 5.9912e-05 7.5490e-06 9.4726e-07 1.1520e-07 1.2129e-08 7.8426e-10 1.0000e-15
7.9700e+00 2.7236e-02 3.4327e-03 4.3265e-04 5.4530e-05 6.8708e-06 8.6217e-07 1.0485e-07 1.1039e-08 7.1381e-10 1.0000e-15
7.9800e+00 2.4789e-02 3.1243e-03 3.9378e-04 4.9631e-05 6.2536e-06 7.8471e-07 9.5429e-08 1.0047e-08 6.4967e-10 1.0000e-15
7.9900e+00 2.2562e-02 2.8436e-03 3.5840e-04 4.5172e-05 5.6918e-06 7.1422e-07 8.6856e-08 9.1447e-09 5.9132e-10 1.0000e-15
8.0000e+00 2.0535e-02 2.5882e-03 3.2621e-04 4.1114e-05 5.1805e-06 6.5005e-07 7.9053e-08 8.3232e-09 5.3819e-10 1.0000e-15
