# columns=time slice, rows=singular values
1.1047e-01 2.7426e-01 2.8295e-01 1.0472e-01 1.9212e-01 2.8258e-01 2.0547e-01 2.2515e-01 1.5201e-01 2.3284e-01
1.1484e-02 9.0090e-02 9.0353e-02 1.0879e-02 3.8210e-02 1.0152e-01 4.8581e-02 6.1319e-02 1.7575e-02 6.7005e-02
6.8131e-03 4.6943e-02 4.9349e-02 6.0086e-03 2.6249e-02 5.0263e-02 2.9597e-02 3.4850e-02 1.7172e-02 3.6850e-02
1.6590e-03 1.9997e-02 2.7792e-02 1.5875e-03 4.6615e-03 2.5921e-02 6.3889e-03 9.6534e-03 2.5227e-03 1.0698e-02
3.5307e-04 1.0011e-02 9.1719e-03 3.1216e-04 3.2593e-03 1.1244e-02 4.5049e-03 6.6490e-03 9.9670e-04 7.4450e-03
2.1930e-04 6.6909e-03 5.2062e-03 1.7652e-04 2.7820e-03 7.0827e-03 3.1687e-03 4.0333e-03 9.4988e-04 4.2532e-03
1.2808e-04 3.2238e-03 4.5354e-03 1.1992e-04 5.1919e-04 4.1552e-03 8.5235e-04 1.4100e-03 1.8953e-04 1.6623e-03
5.5166e-05 1.8030e-03 2.8690e-03 4.8869e-05 2.8347e-04 2.1709e-03 4.8106e-04 7.4324e-04 1.1210e-04 9.2119e-04
1.2164e-05 9.0112e-04 9.1129e-04 1.0387e-05 2.3924e-04 1.1596e-03 3.9661e-04 2.5564e-04 6.1017e-05 6.7055e-04
