# columns=iterations, rows=time
0.0000e+00 1.0000e-15 1.0000e-15 1.0000e-15 1.0000e-15 1.0000e-15 1.0000e-15 1.0000e-15 1.0000e-15 1.0000e-15 1.0000e-15
1.0000e-02 1.0000e-15 1.0000e-15 1.0000e-15 1.0000e-15 1.0000e-15 1.0000e-15 1.0000e-15 1.0000e-15 1.0000e-15 1.0000e-15
2.0000e-02 1.0000e-15 1.0000e-15 1.0000e-15 1.0000e-15 1.0000e-15 1.0000e-15 1.0000e-15 1.0000e-15 1.0000e-15 1.0000e-15
3.0000e-02 1.0000e-15 1.0000e-15 1.0000e-15 1.0000e-15 1.0000e-15 1.0000e-15 1.0000e-15 1.0000e-15 1.0000e-15 1.0000e-15
4.0000e-02 1.0000e-15 1.0000e-15 1.0000e-15 1.0000e-15 1.0000e-15 1.0000e-15 1.0000e-15 1.0000e-15 1.0000e-15 1.0000e-15
5.0000e-02 1.0000e-15 1.0000e-15 1.0000e-15 1.0000e-15 1.0000e-15 1.0000e-15 1.0000e-15 1.0000e-15 1.0000e-15 1.0000e-15
6.0000e-02 1.0000e-15 1.0000e-15 1.0000e-15 1.0000e-15 1.0000e-15 1.0000e-15 1.0000e-15 1.0000e-15 1.0000e-15 1.0000e-15
7.0000e-02 1.0000e-15 1.0000e-15 1.0000e-15 1.0000e-15 1.0000e-15 1.0000e-15 1.0000e-15 1.0000e-15 1.0000e-15 1.0000e-15
8.0000e-02 1.0000e-15 1.0000e-15 1.0000e-15 1.0000e-15 1.0000e-15 1.0000e-15 1.0000e-15 1.0000e-15 1.0000e-15 1.0000e-15
9.0000e-02 1.0000e-15 1.0000e-15 1.0000e-15 1.0000e-15 1.0000e-15 1.0000e-15 1.0000e-15 1.0000e-15 1.0000e-15 1.0000e-15
1.0000e-01 1.0000e-15 1.0000e-15 1.0000e-15 1.0000e-15 1.0000e-15 1.0000e-15 1.0000e-15 1.0000e-15 1.0000e-15 1.0000e-15
1.1000e-01 3.5244e-06 1.0000e-15 1.0000e-15 1.0000e-15 1.0000e-15 1.0000e-15 1.0000e-15 1.0000e-15 1.0000e-15 1.0000e-15
1.2000e-01 8.9156e-07 1.0000e-15 1.0000e-15 1.0000e-15 1.0000e-15 1.0000e-15 1.0000e-15 1.0000e-15 1.0000e-15 1.0000e-15
1.3000e-01 2.8116e-07 1.0000e-15 1.0000e-15 1.0000e-15 1.0000e-15 1.0000e-15 1.0000e-15 1.0000e-15 1.0000e-15 1.0000e-15
1.4000e-01 1.1670e-07 1.0000e-15 1.0000e-15 1.0000e-15 1.0000e-15 1.0000e-15 1.0000e-15 1.0000e-15 1.0000e-15 1.0000e-15
1.5000e-01 6.2614e-08 1.0000e-15 1.0000e-15 1.0000e-15 1.0000e-15 1.0000e-15 1.0000e-15 1.0000e-15 1.0000e-15 1.0000e-15
1.6000e-01 4.0824e-08 1.0000e-15 1.0000e-15 1.0000e-15 1.0000e-15 1.0000e-15 1.0000e-15 1.0000e-15 1.0000e-15 1.0000e-15
1.7000e-01 3.0432e-08 1.0000e-15 1.0000e-15 1.0000e-15 1.0000e-15 1.0000e-15 1.0000e-15 1.0000e-15 1.0000e-15 1.0000e-15
1.8000e-01 2.4771e-08 1.0000e-15 1.0000e-15 1.0000e-15 1.0000e-15 1.0000e-15 1.0000e-15 1.0000e-15 1.0000e-15 1.0000e-15
1.9000e-01 2.1263e-08 1.0000e-15 1.0000e-15 1.0000e-15 1.0000e-15 1.0000e-15 1.0000e-15 1.0000e-15 1.0000e-15 1.0000e-15
2.0000e-01 1.8694e-08 1.0000e-15 1.0000e-15 1.0000e-15 1.0000e-15 1.0000e-15 1.0000e-15 1.0000e-15 1.0000e-15 1.0000e-15
2.1000e-01 4.8434e-03 1.5383e-10 1.0000e-15 1.0000e-15 1.0000e-15 1.0000e-15 1.0000e-15 1.0000e-15 1.0000e-15 1.0000e-15
2.2000e-01 2.9346e-03 8.2908e-11 1.0000e-15 1.0000e-15 1.0000e-15 1.0000e-15 1.0000e-15 1.0000e-15 1.0000e-15 1.0000e-15
2.3000e-01 1.7115e-03 4.3156e-11 1.0000e-15 1.0000e-15 1.0000e-15 1.0000e-15 1.0000e-15 1.0000e-15 1.0000e-15 1.0000e-15
2.4000e-01 8.9815e-04 2.1008e-11 1.0000e-15 1.0000e-15 1.0000e-15 1.0000e-15 1.0000e-15 1.0000e-15 1.0000e-15 1.0000e-15
2.5000e-01 4.0874e-04 9.2787e-12 1.0000e-15 1.0000e-15 1.0000e-15 1.0000e-15 1.0000e-15 1.0000e-15 1.0000e-15 1.0000e-15
2.6000e-01 1.6237e-04 3.7213e-12 1.0000e-15 1.0000e-15 1.0000e-15 1.0000e-15 1.0000e-15 1.0000e-15 1.0000e-15 1.0000e-15
2.7000e-01 5.9120e-05 1.4211e-12 1.0000e-15 1.0000e-15 1.0000e-15 1.0000e-15 1.0000e-15 1.0000e-15 1.0000e-15 1.0000e-15
2.8000e-01 2.1691e-05 6.1090e-13 1.0000e-15 1.0000e-15 1.0000e-15 1.0000e-15 1.0000e-15 1.0000e-15 1.0000e-15 1.0000e-15
2.9000e-01 8.9157e-06 3.6609e-13 1.0000e-15 1.0000e-15 1.0000e-15 1.0000e-15 1.0000e-15 1.0000e-15 1.0000e-15 1.0000e-15
3.0000e-01 4.2281e-06 2.5511e-13 1.0000e-15 1.0000e-15 1.0000e-15 1.0000e-15 1.0000e-15 1.0000e-15 1.0000e-15 1.0000e-15
3.1000e-01 2.9253e-03 2.3524e-08 2.7673e-14 1.0000e-15 1.0000e-15 1.0000e-15 1.0000e-15 1.0000e-15 1.0000e-15 1.0000e-15
3.2000e-01 6.8554e-04 5.9890e-09 3.8373e-14 1.0000e-15 1.0000e-15 1.0000e-15 1.0000e-15 1.0000e-15 1.0000e-15 1.0000e-15
3.3000e-01 1.8526e-04 1.7227e-09 2.6258e-14 1.0000e-15 1.0000e-15 1.0000e-15 1.0000e-15 1.0000e-15 1.0000e-15 1.0000e-15
3.4000e-01 5.7807e-05 5.6355e-10 2.8753e-14 1.0000e-15 1.0000e-15 1.0000e-15 1.0000e-15 1.0000e-15 1.0000e-15 1.0000e-15
3.5000e-01 2.1029e-05 2.1083e-10 2.2546e-14 1.0000e-15 1.0000e-15 1.0000e-15 1.0000e-15 1.0000e-15 1.0000e-15 1.0000e-15
3.6000e-01 9.3636e-06 9.0927e-11 1.2421e-14 1.0000e-15 1.0000e-15 1.0000e-15 1.0000e-15 1.0000e-15 1.0000e-15 1.0000e-15
3.7000e-01 5.3042e-06 4.5416e-11 2.5330e-14 1.0000e-15 1.0000e-15 1.0000e-15 1.0000e-15 1.0000e-15 1.0000e-15 1.0000e-15
3.8000e-01 3.5981e-06 2.5742e-11 1.7633e-14 1.0000e-15 1.0000e-15 1.0000e-15 1.0000e-15 1.0000e-15 1.0000e-15 1.0000e-15
3.9000e-01 2.6676e-06 1.5925e-11 1.2658e-14 1.0000e-15 1.0000e-15 1.0000e-15 1.0000e-15 1.0000e-15 1.0000e-15 1.0000e-15
4.0000e-01 2.0575e-06 1.0405e-11 3.9110e-15 1.0000e-15 1.0000e-15 1.0000e-15 1.0000e-15 1.0000e-15 1.0000e-15 1.0000e-15
4.1000e-01 4.5324e-06 1.8048e-10 6.8988e-14 1.5579e-14 1.0000e-15 1.0000e-15 1.0000e-15 1.0000e-15 1.0000e-15 1.0000e-15
4.2000e-01 1.5237e-06 3.9033e-11 5.3836e-14 1.5248e-14 1.0000e-15 1.0000e-15 1.0000e-15 1.0000e-15 1.0000e-15 1.0000e-15
4.3000e-01 1.0649e-06 9.9956e-12 4.2925e-14 9.6198e-15 1.0000e-15 1.0000e-15 1.0000e-15 1.0000e-15 1.0000e-15 1.0000e-15
4.4000e-01 8.6705e-07 3.8546e-12 3.6805e-14 1.4363e-14 1.0000e-15 1.0000e-15 1.0000e-15 1.0000e-15 1.0000e-15 1.0000e-15
4.5000e-01 7.2274e-07 2.3555e-12 3.4071e-14 1.9327e-14 1.0000e-15 1.0000e-15 1.0000e-15 1.0000e-15 1.0000e-15 1.0000e-15
4.6000e-01 6.1169e-07 1.7698e-12 3.6093e-14 2.2364e-14 1.0000e-15 1.0000e-15 1.0000e-15 1.0000e-15 1.0000e-15 1.0000e-15
4.7000e-01 5.2564e-07 1.4409e-12 4.6518e-14 3.4376e-14 1.0000e-15 1.0000e-15 1.0000e-15 1.0000e-15 1.0000e-15 1.0000e-15
4.8000e-01 4.5881e-07 1.2437e-12 3.2538e-14 2.5425e-14 1.0000e-15 1.0000e-15 1.0000e-15 1.0000e-15 1.0000e-15 1.0000e-15
4.9000e-01 4.0659e-07 1.0823e-12 3.5924e-14 2.3748e-14 1.0000e-15 1.0000e-15 1.0000e-15 1.0000e-15 1.0000e-15 1.0000e-15
5.0000e-01 3.6458e-07 9.6375e-13 2.8019e-14 1.6107e-14 1.0000e-15 1.0000e-15 1.0000e-15 1.0000e-15 1.0000e-15 1.0000e-15
5.1000e-01 1.8030e-04 1.1695e-11 5.0428e-14 3.0944e-14 1.5590e-14 1.0000e-15 1.0000e-15 1.0000e-15 1.0000e-15 1.0000e-15
5.2000e-01 7.4932e-05 4.9625e-12 5.1318e-14 3.7076e-14 6.0312e-15 1.0000e-15 1.0000e-15 1.0000e-15 1.0000e-15 1.0000e-15
5.3000e-01 2.6263e-05 1.8568e-12 4.4022e-14 3.1521e-14 3.7983e-15 1.0000e-15 1.0000e-15 1.0000e-15 1.0000e-15 1.0000e-15
5.4000e-01 8.4267e-06 7.7647e-13 3.7606e-14 1.7565e-14 1.2220e-15 1.0000e-15 1.0000e-15 1.0000e-15 1.0000e-15 1.0000e-15
5.5000e-01 3.3521e-06 4.9265e-13 1.4176e-14 5.2827e-15 1.0000e-15 1.0000e-15 1.0000e-15 1.0000e-15 1.0000e-15 1.0000e-15
5.6000e-01 1.9757e-06 4.0097e-13 8.7969e-15 5.1777e-15 1.0000e-15 1.0000e-15 1.0000e-15 1.0000e-15 1.0000e-15 1.0000e-15
5.7000e-01 1.4274e-06 3.7706e-13 2.5717e-14 1.0000e-15 1.0000e-15 1.0000e-15 1.0000e-15 1.0000e-15 1.0000e-15 1.0000e-15
5.8000e-01 1.1353e-06 3.4108e-13 2.2017e-14 1.0000e-15 1.0000e-15 1.0000e-15 1.0000e-15 1.0000e-15 1.0000e-15 1.0000e-15
5.9000e-01 9.5704e-07 3.1351e-13 1.5446e-14 1.0000e-15 1.0000e-15 1.0000e-15 1.0000e-15 1.0000e-15 1.0000e-15 1.0000e-15
6.0000e-01 8.3028e-07 2.7139e-13 1.7109e-15 1.0000e-15 1.0000e-15 1.0000e-15 1.0000e-15 1.0000e-15 1.0000e-15 1.0000e-15
6.1000e-01 2.4037e-03 3.1654e-09 7.6473e-14 5.6307e-14 6.0935e-14 1.0000e-15 1.0000e-15 1.0000e-15 1.0000e-15 1.0000e-15
6.2000e-01 1.0766e-03 1.4253e-09 6.5293e-14 3.9945e-14 5.4969e-14 1.0000e-15 1.0000e-15 1.0000e-15 1.0000e-15 1.0000e-15
6.3000e-01 4.3971e-04 5.9550e-10 4.7451e-14 2.4745e-14 4.9557e-14 1.0000e-15 1.0000e-15 1.0000e-15 1.0000e-15 1.0000e-15
6.4000e-01 1.5535e-04 2.1908e-10 3.8632e-14 1.9845e-14 3.7784e-14 1.0000e-15 1.0000e-15 1.0000e-15 1.0000e-15 1.0000e-15
6.5000e-01 4.7652e-05 7.1471e-11 2.9030e-14 1.3068e-14 2.9297e-14 1.0000e-15 1.0000e-15 1.0000e-15 1.0000e-15 1.0000e-15
6.6000e-01 1.3098e-05 2.2062e-11 2.5496e-14 1.3760e-14 2.2049e-14 1.0000e-15 1.0000e-15 1.0000e-15 1.0000e-15 1.0000e-15
6.7000e-01 3.4776e-06 7.7798e-12 3.2078e-14 1.2380e-14 2.4674e-14 1.0000e-15 1.0000e-15 1.0000e-15 1.0000e-15 1.0000e-15
6.8000e-01 1.1090e-06 3.8486e-12 2.3523e-14 6.1937e-15 1.6887e-14 1.0000e-15 1.0000e-15 1.0000e-15 1.0000e-15 1.0000e-15
6.9000e-01 5.6067e-07 2.3906e-12 4.0187e-14 3.2793e-15 9.8160e-15 1.0000e-15 1.0000e-15 1.0000e-15 1.0000e-15 1.0000e-15
7.0000e-01 3.8387e-07 1.6047e-12 4.7865e-14 3.0770e-15 3.3451e-15 1.0000e-15 1.0000e-15 1.0000e-15 1.0000e-15 1.0000e-15
7.1000e-01 3.3109e-04 2.5967e-09 7.2732e-14 4.1200e-14 1.9194e-14 7.3154e-15 1.0000e-15 1.0000e-15 1.0000e-15 1.0000e-15
7.2000e-01 1.0489e-04 7.8170e-10 6.2238e-14 3.3775e-14 9.0250e-15 3.6863e-15 1.0000e-15 1.0000e-15 1.0000e-15 1.0000e-15
7.3000e-01 4.0723e-05 2.9831e-10 5.7699e-14 3.1819e-14 2.5068e-14 1.0000e-15 1.0000e-15 1.0000e-15 1.0000e-15 1.0000e-15
7.4000e-01 1.9145e-05 1.4841e-10 5.4491e-14 2.3588e-14 1.8385e-14 1.0000e-15 1.0000e-15 1.0000e-15 1.0000e-15 1.0000e-15
7.5000e-01 1.0981e-05 9.3417e-11 3.4884e-14 1.2694e-14 8.2405e-15 1.0000e-15 1.0000e-15 1.0000e-15 1.0000e-15 1.0000e-15
7.6000e-01 7.5146e-06 6.9040e-11 3.8524e-14 8.2662e-15 1.0069e-15 1.0000e-15 1.0000e-15 1.0000e-15 1.0000e-15 1.0000e-15
7.7000e-01 5.8405e-06 5.6459e-11 2.4924e-14 4.4684e-15 1.0000e-15 1.0000e-15 1.0000e-15 1.0000e-15 1.0000e-15 1.0000e-15
7.8000e-01 4.8682e-06 4.8800e-11 2.2317e-14 2.6616e-15 1.0000e-15 1.0000e-15 1.0000e-15 1.0000e-15 1.0000e-15 1.0000e-15
7.9000e-01 4.0985e-06 4.2526e-11 2.6118e-14 1.0000e-15 1.0000e-15 1.0000e-15 1.0000e-15 1.0000e-15 1.0000e-15 1.0000e-15
8.0000e-01 3.3067e-06 3.5754e-11 3.4885e-14 1.0000e-15 1.0000e-15 1.0000e-15 1.0000e-15 1.0000e-15 1.0000e-15 1.0000e-15
8.1000e-01 1.1018e-03 1.6423e-09 6.1903e-14 1.6792e-14 3.6707e-14 1.0000e-15 1.0000e-15 1.0000e-15 1.0000e-15 1.0000e-15
8.2000e-01 3.1747e-04 4.9676e-10 4.3814e-14 1.5667e-14 2.5557e-14 1.0000e-15 1.0000e-15 1.0000e-15 1.0000e-15 1.0000e-15
8.3000e-01 8.7119e-05 1.4518e-10 3.9870e-14 1.1044e-14 2.3916e-14 1.0000e-15 1.0000e-15 1.0000e-15 1.0000e-15 1.0000e-15
8.4000e-01 2.7257e-05 5.0556e-11 3.3426e-14 8.7115e-15 2.0325e-14 1.0000e-15 1.0000e-15 1.0000e-15 1.0000e-15 1.0000e-15
8.5000e-01 1.0998e-05 2.2319e-11 2.3786e-14 6.6650e-15 1.5351e-14 1.0000e-15 1.0000e-15 1.0000e-15 1.0000e-15 1.0000e-15
8.6000e-01 5.6701e-06 1.1473e-11 2.1030e-14 8.0697e-15 1.3971e-14 1.0000e-15 1.0000e-15 1.0000e-15 1.0000e-15 1.0000e-15
8.7000e-01 3.4454e-06 6.6776e-12 2.4360e-14 1.5952e-14 1.7634e-14 1.0000e-15 1.0000e-15 1.0000e-15 1.0000e-15 1.0000e-15
8.8000e-01 2.2951e-06 4.4038e-12 2.7420e-14 1.4200e-14 1.4315e-14 1.0000e-15 1.0000e-15 1.0000e-15 1.0000e-15 1.0000e-15
8.9000e-01 1.6184e-06 3.1709e-12 1.9823e-14 1.3144e-14 1.3144e-14 1.0000e-15 1.0000e-15 1.0000e-15 1.0000e-15 1.0000e-15
9.0000e-01 1.1904e-06 2.4081e-12 2.5365e-14 1.6549e-14 1.6549e-14 1.0000e-15 1.0000e-15 1.0000e-15 1.0000e-15 1.0000e-15
9.1000e-01 3.1903e-05 1.4103e-10 4.8093e-14 3.1825e-14 4.5273e-15 4.5266e-15 1.0000e-15 1.0000e-15 1.0000e-15 1.0000e-15
9.2000e-01 9.3061e-06 3.6943e-11 4.5420e-14 2.4683e-14 2.0005e-15 2.0005e-15 1.0000e-15 1.0000e-15 1.0000e-15 1.0000e-15
9.3000e-01 3.5355e-06 1.2916e-11 4.1134e-14 2.0296e-14 1.0000e-15 1.0000e-15 1.0000e-15 1.0000e-15 1.0000e-15 1.0000e-15
9.4000e-01 1.7400e-06 6.0469e-12 5.4848e-14 1.7704e-14 1.0000e-15 1.0000e-15 1.0000e-15 1.0000e-15 1.0000e-15 1.0000e-15
9.5000e-01 1.0667e-06 3.5511e-12 3.3131e-14 1.1977e-14 1.0000e-15 1.0000e-15 1.0000e-15 1.0000e-15 1.0000e-15 1.0000e-15
9.6000e-01 7.6813e-07 2.4562e-12 2.9402e-14 5.3963e-15 1.0000e-15 1.0000e-15 1.0000e-15 1.0000e-15 1.0000e-15 1.0000e-15
9.7000e-01 6.1312e-07 1.9164e-12 2.2276e-14 1.4965e-15 1.0000e-15 1.0000e-15 1.0000e-15 1.0000e-15 1.0000e-15 1.0000e-15
9.8000e-01 5.2046e-07 1.5811e-12 1.6885e-14 1.2220e-15 1.0000e-15 1.0000e-15 1.0000e-15 1.0000e-15 1.0000e-15 1.0000e-15
9.9000e-01 4.5733e-07 1.3600e-12 1.3606e-14 1.0000e-15 1.0000e-15 1.0000e-15 1.0000e-15 1.0000e-15 1.0000e-15 1.0000e-15
1.0000e+00 4.0777e-07 1.2034e-12 1.5037e-14 1.0000e-15 1.0000e-15 1.0000e-15 1.0000e-15 1.0000e-15 1.0000e-15 1.0000e-15
