# columns=iterations, rows=time
0.0000e+00 1.0000e-15 1.0000e-15 1.0000e-15 1.0000e-15 1.0000e-15 1.0000e-15 1.0000e-15 1.0000e-15 1.0000e-15 1.0000e-15
1.0000e-02 1.0000e-15 1.0000e-15 1.0000e-15 1.0000e-15 1.0000e-15 1.0000e-15 1.0000e-15 1.0000e-15 1.0000e-15 1.0000e-15
2.0000e-02 1.0000e-15 1.0000e-15 1.0000e-15 1.0000e-15 1.0000e-15 1.0000e-15 1.0000e-15 1.0000e-15 1.0000e-15 1.0000e-15
3.0000e-02 1.0000e-15 1.0000e-15 1.0000e-15 1.0000e-15 1.0000e-15 1.0000e-15 1.0000e-15 1.0000e-15 1.0000e-15 1.0000e-15
4.0000e-02 1.0000e-15 1.0000e-15 1.0000e-15 1.0000e-15 1.0000e-15 1.0000e-15 1.0000e-15 1.0000e-15 1.0000e-15 1.0000e-15
5.0000e-02 1.0000e-15 1.0000e-15 1.0000e-15 1.0000e-15 1.0000e-15 1.0000e-15 1.0000e-15 1.0000e-15 1.0000e-15 1.0000e-15
6.0000e-02 1.0000e-15 1.0000e-15 1.0000e-15 1.0000e-15 1.0000e-15 1.0000e-15 1.0000e-15 1.0000e-15 1.0000e-15 1.0000e-15
7.0000e-02 1.0000e-15 1.0000e-15 1.0000e-15 1.0000e-15 1.0000e-15 1.0000e-15 1.0000e-15 1.0000e-15 1.0000e-15 1.0000e-15
8.0000e-02 1.0000e-15 1.0000e-15 1.0000e-15 1.0000e-15 1.0000e-15 1.0000e-15 1.0000e-15 1.0000e-15 1.0000e-15 1.0000e-15
9.0000e-02 1.0000e-15 1.0000e-15 1.0000e-15 1.0000e-15 1.0000e-15 1.0000e-15 1.0000e-15 1.0000e-15 1.0000e-15 1.0000e-15
1.0000e-01 1.0000e-15 1.0000e-15 1.0000e-15 1.0000e-15 1.0000e-15 1.0000e-15 1.0000e-15 1.0000e-15 1.0000e-15 1.0000e-15
1.1000e-01 3.5178e-06 1.0000e-15 1.0000e-15 1.0000e-15 1.0000e-15 1.0000e-15 1.0000e-15 1.0000e-15 1.0000e-15 1.0000e-15
1.2000e-01 8.9136e-07 1.0000e-15 1.0000e-15 1.0000e-15 1.0000e-15 1.0000e-15 1.0000e-15 1.0000e-15 1.0000e-15 1.0000e-15
1.3000e-01 2.8086e-07 1.0000e-15 1.0000e-15 1.0000e-15 1.0000e-15 1.0000e-15 1.0000e-15 1.0000e-15 1.0000e-15 1.0000e-15
1.4000e-01 1.1636e-07 1.0000e-15 1.0000e-15 1.0000e-15 1.0000e-15 1.0000e-15 1.0000e-15 1.0000e-15 1.0000e-15 1.0000e-15
1.5000e-01 6.2405e-08 1.0000e-15 1.0000e-15 1.0000e-15 1.0000e-15 1.0000e-15 1.0000e-15 1.0000e-15 1.0000e-15 1.0000e-15
1.6000e-01 4.0715e-08 1.0000e-15 1.0000e-15 1.0000e-15 1.0000e-15 1.0000e-15 1.0000e-15 1.0000e-15 1.0000e-15 1.0000e-15
1.7000e-01 3.0370e-08 1.0000e-15 1.0000e-15 1.0000e-15 1.0000e-15 1.0000e-15 1.0000e-15 1.0000e-15 1.0000e-15 1.0000e-15
1.8000e-01 2.4727e-08 1.0000e-15 1.0000e-15 1.0000e-15 1.0000e-15 1.0000e-15 1.0000e-15 1.0000e-15 1.0000e-15 1.0000e-15
1.9000e-01 2.1222e-08 1.0000e-15 1.0000e-15 1.0000e-15 1.0000e-15 1.0000e-15 1.0000e-15 1.0000e-15 1.0000e-15 1.0000e-15
2.0000e-01 1.8648e-08 1.0000e-15 1.0000e-15 1.0000e-15 1.0000e-15 1.0000e-15 1.0000e-15 1.0000e-15 1.0000e-15 1.0000e-15
2.1000e-01 4.8438e-03 1.5172e-10 1.0000e-15 1.0000e-15 1.0000e-15 1.0000e-15 1.0000e-15 1.0000e-15 1.0000e-15 1.0000e-15
2.2000e-01 2.9351e-03 8.0916e-11 1.0000e-15 1.0000e-15 1.0000e-15 1.0000e-15 1.0000e-15 1.0000e-15 1.0000e-15 1.0000e-15
2.3000e-01 1.7122e-03 4.1552e-11 1.0000e-15 1.0000e-15 1.0000e-15 1.0000e-15 1.0000e-15 1.0000e-15 1.0000e-15 1.0000e-15
2.4000e-01 8.9887e-04 1.9963e-11 1.0000e-15 1.0000e-15 1.0000e-15 1.0000e-15 1.0000e-15 1.0000e-15 1.0000e-15 1.0000e-15
2.5000e-01 4.0924e-04 8.7325e-12 1.0000e-15 1.0000e-15 1.0000e-15 1.0000e-15 1.0000e-15 1.0000e-15 1.0000e-15 1.0000e-15
2.6000e-01 1.6260e-04 3.4889e-12 1.0000e-15 1.0000e-15 1.0000e-15 1.0000e-15 1.0000e-15 1.0000e-15 1.0000e-15 1.0000e-15
2.7000e-01 5.9195e-05 1.3425e-12 1.0000e-15 1.0000e-15 1.0000e-15 1.0000e-15 1.0000e-15 1.0000e-15 1.0000e-15 1.0000e-15
2.8000e-01 2.1697e-05 5.9728e-13 1.0000e-15 1.0000e-15 1.0000e-15 1.0000e-15 1.0000e-15 1.0000e-15 1.0000e-15 1.0000e-15
2.9000e-01 8.8994e-06 3.6596e-13 1.0000e-15 1.0000e-15 1.0000e-15 1.0000e-15 1.0000e-15 1.0000e-15 1.0000e-15 1.0000e-15
3.0000e-01 4.2096e-06 2.5713e-13 1.0000e-15 1.0000e-15 1.0000e-15 1.0000e-15 1.0000e-15 1.0000e-15 1.0000e-15 1.0000e-15
3.1000e-01 2.9282e-03 2.1442e-08 2.5751e-14 1.0000e-15 1.0000e-15 1.0000e-15 1.0000e-15 1.0000e-15 1.0000e-15 1.0000e-15
3.2000e-01 6.8734e-04 5.2152e-09 3.5284e-14 1.0000e-15 1.0000e-15 1.0000e-15 1.0000e-15 1.0000e-15 1.0000e-15 1.0000e-15
3.3000e-01 1.8602e-04 1.4575e-09 2.2184e-14 1.0000e-15 1.0000e-15 1.0000e-15 1.0000e-15 1.0000e-15 1.0000e-15 1.0000e-15
3.4000e-01 5.8082e-05 4.7155e-10 2.5384e-15 1.0000e-15 1.0000e-15 1.0000e-15 1.0000e-15 1.0000e-15 1.0000e-15 1.0000e-15
3.5000e-01 2.1143e-05 1.7772e-10 1.0000e-15 1.0000e-15 1.0000e-15 1.0000e-15 1.0000e-15 1.0000e-15 1.0000e-15 1.0000e-15
3.6000e-01 9.4375e-06 7.8275e-11 1.0000e-15 1.0000e-15 1.0000e-15 1.0000e-15 1.0000e-15 1.0000e-15 1.0000e-15 1.0000e-15
3.7000e-01 5.3649e-06 3.9796e-11 1.0000e-15 1.0000e-15 1.0000e-15 1.0000e-15 1.0000e-15 1.0000e-15 1.0000e-15 1.0000e-15
3.8000e-01 3.6477e-06 2.2496e-11 1.0000e-15 1.0000e-15 1.0000e-15 1.0000e-15 1.0000e-15 1.0000e-15 1.0000e-15 1.0000e-15
3.9000e-01 2.7072e-06 1.3541e-11 1.0000e-15 1.0000e-15 1.0000e-15 1.0000e-15 1.0000e-15 1.0000e-15 1.0000e-15 1.0000e-15
4.0000e-01 2.0891e-06 8.4225e-12 1.0000e-15 1.0000e-15 1.0000e-15 1.0000e-15 1.0000e-15 1.0000e-15 1.0000e-15 1.0000e-15
4.1000e-01 4.5416e-06 1.5854e-10 3.3742e-14 1.0000e-15 1.0000e-15 1.0000e-15 1.0000e-15 1.0000e-15 1.0000e-15 1.0000e-15
4.2000e-01 1.5412e-06 3.2811e-11 2.7578e-14 1.0000e-15 1.0000e-15 1.0000e-15 1.0000e-15 1.0000e-15 1.0000e-15 1.0000e-15
4.3000e-01 1.0813e-06 7.8451e-12 2.0942e-14 1.0000e-15 1.0000e-15 1.0000e-15 1.0000e-15 1.0000e-15 1.0000e-15 1.0000e-15
4.4000e-01 8.8070e-07 2.6831e-12 2.1075e-14 1.0000e-15 1.0000e-15 1.0000e-15 1.0000e-15 1.0000e-15 1.0000e-15 1.0000e-15
4.5000e-01 7.3415e-07 1.4351e-12 2.4064e-14 1.0000e-15 1.0000e-15 1.0000e-15 1.0000e-15 1.0000e-15 1.0000e-15 1.0000e-15
4.6000e-01 6.2135e-07 9.7071e-13 2.4142e-14 1.0000e-15 1.0000e-15 1.0000e-15 1.0000e-15 1.0000e-15 1.0000e-15 1.0000e-15
4.7000e-01 5.3395e-07 7.4184e-13 3.5539e-14 1.0000e-15 1.0000e-15 1.0000e-15 1.0000e-15 1.0000e-15 1.0000e-15 1.0000e-15
4.8000e-01 4.6606e-07 5.9521e-13 2.6912e-14 1.0000e-15 1.0000e-15 1.0000e-15 1.0000e-15 1.0000e-15 1.0000e-15 1.0000e-15
4.9000e-01 4.1301e-07 4.8677e-13 2.4326e-14 1.0000e-15 1.0000e-15 1.0000e-15 1.0000e-15 1.0000e-15 1.0000e-15 1.0000e-15
5.0000e-01 3.7034e-07 4.0918e-13 1.6380e-14 1.0000e-15 1.0000e-15 1.0000e-15 1.0000e-15 1.0000e-15 1.0000e-15 1.0000e-15
5.1000e-01 1.8030e-04 9.1629e-12 6.7299e-14 2.5979e-14 1.0000e-15 1.0000e-15 1.0000e-15 1.0000e-15 1.0000e-15 1.0000e-15
5.2000e-01 7.4935e-05 3.9024e-12 5.6415e-14 3.2240e-14 1.0000e-15 1.0000e-15 1.0000e-15 1.0000e-15 1.0000e-15 1.0000e-15
5.3000e-01 2.6264e-05 1.4322e-12 6.2839e-14 2.6333e-14 1.0000e-15 1.0000e-15 1.0000e-15 1.0000e-15 1.0000e-15 1.0000e-15
5.4000e-01 8.4268e-06 5.4116e-13 5.6894e-14 5.0619e-15 1.0000e-15 1.0000e-15 1.0000e-15 1.0000e-15 1.0000e-15 1.0000e-15
5.5000e-01 3.3520e-06 2.9074e-13 4.4541e-14 1.0278e-15 1.0000e-15 1.0000e-15 1.0000e-15 1.0000e-15 1.0000e-15 1.0000e-15
5.6000e-01 1.9755e-06 2.3464e-13 4.1962e-14 1.0000e-15 1.0000e-15 1.0000e-15 1.0000e-15 1.0000e-15 1.0000e-15 1.0000e-15
5.7000e-01 1.4272e-06 1.8248e-13 2.0961e-14 1.0000e-15 1.0000e-15 1.0000e-15 1.0000e-15 1.0000e-15 1.0000e-15 1.0000e-15
5.8000e-01 1.1352e-06 1.5662e-13 1.4720e-14 1.0000e-15 1.0000e-15 1.0000e-15 1.0000e-15 1.0000e-15 1.0000e-15 1.0000e-15
5.9000e-01 9.5707e-07 1.3357e-13 9.6576e-15 1.0000e-15 1.0000e-15 1.0000e-15 1.0000e-15 1.0000e-15 1.0000e-15 1.0000e-15
6.0000e-01 8.3042e-07 1.1505e-13 1.1600e-14 1.0000e-15 1.0000e-15 1.0000e-15 1.0000e-15 1.0000e-15 1.0000e-15 1.0000e-15
6.1000e-01 2.4119e-03 3.1396e-09 5.0651e-14 2.9544e-14 1.1861e-14 1.0000e-15 1.0000e-15 1.0000e-15 1.0000e-15 1.0000e-15
6.2000e-01 1.0824e-03 1.4097e-09 3.9096e-14 2.4104e-14 1.1810e-14 1.0000e-15 1.0000e-15 1.0000e-15 1.0000e-15 1.0000e-15
6.3000e-01 4.4277e-04 5.8863e-10 2.8491e-14 2.5792e-14 9.2366e-15 1.0000e-15 1.0000e-15 1.0000e-15 1.0000e-15 1.0000e-15
6.4000e-01 1.5669e-04 2.1667e-10 1.9770e-14 1.9102e-14 9.7391e-15 1.0000e-15 1.0000e-15 1.0000e-15 1.0000e-15 1.0000e-15
6.5000e-01 4.8138e-05 7.0788e-11 9.9708e-15 1.1485e-14 4.7348e-15 1.0000e-15 1.0000e-15 1.0000e-15 1.0000e-15 1.0000e-15
6.6000e-01 1.3251e-05 2.1906e-11 8.8777e-15 9.4995e-15 7.8651e-15 1.0000e-15 1.0000e-15 1.0000e-15 1.0000e-15 1.0000e-15
6.7000e-01 3.5341e-06 7.7559e-12 6.7272e-15 6.7579e-15 4.6560e-15 1.0000e-15 1.0000e-15 1.0000e-15 1.0000e-15 1.0000e-15
6.8000e-01 1.1600e-06 3.8716e-12 3.9243e-15 1.9841e-15 1.1079e-15 1.0000e-15 1.0000e-15 1.0000e-15 1.0000e-15 1.0000e-15
6.9000e-01 6.1787e-07 2.4445e-12 2.4017e-15 1.0035e-15 1.0000e-15 1.0000e-15 1.0000e-15 1.0000e-15 1.0000e-15 1.0000e-15
7.0000e-01 4.3680e-07 1.6672e-12 1.6280e-15 1.0000e-15 1.0000e-15 1.0000e-15 1.0000e-15 1.0000e-15 1.0000e-15 1.0000e-15
7.1000e-01 3.3108e-04 2.6124e-09 6.4354e-14 1.4441e-15 1.0000e-15 1.0000e-15 1.0000e-15 1.0000e-15 1.0000e-15 1.0000e-15
7.2000e-01 1.0496e-04 7.7974e-10 5.4134e-14 1.0000e-15 1.0000e-15 1.0000e-15 1.0000e-15 1.0000e-15 1.0000e-15 1.0000e-15
7.3000e-01 4.0785e-05 2.9446e-10 4.5332e-14 1.0000e-15 1.0000e-15 1.0000e-15 1.0000e-15 1.0000e-15 1.0000e-15 1.0000e-15
7.4000e-01 1.9191e-05 1.4554e-10 5.0863e-14 1.0000e-15 1.0000e-15 1.0000e-15 1.0000e-15 1.0000e-15 1.0000e-15 1.0000e-15
7.5000e-01 1.1017e-05 9.1514e-11 3.7519e-14 1.0000e-15 1.0000e-15 1.0000e-15 1.0000e-15 1.0000e-15 1.0000e-15 1.0000e-15
7.6000e-01 7.5436e-06 6.7745e-11 4.0356e-14 1.0000e-15 1.0000e-15 1.0000e-15 1.0000e-15 1.0000e-15 1.0000e-15 1.0000e-15
7.7000e-01 5.8654e-06 5.5534e-11 2.2902e-14 1.0000e-15 1.0000e-15 1.0000e-15 1.0000e-15 1.0000e-15 1.0000e-15 1.0000e-15
7.8000e-01 4.8901e-06 4.8104e-11 2.2598e-14 1.0000e-15 1.0000e-15 1.0000e-15 1.0000e-15 1.0000e-15 1.0000e-15 1.0000e-15
7.9000e-01 4.1177e-06 4.2010e-11 2.5382e-14 1.0000e-15 1.0000e-15 1.0000e-15 1.0000e-15 1.0000e-15 1.0000e-15 1.0000e-15
8.0000e-01 3.3228e-06 3.5416e-11 3.4865e-14 1.0000e-15 1.0000e-15 1.0000e-15 1.0000e-15 1.0000e-15 1.0000e-15 1.0000e-15
8.1000e-01 1.1010e-03 1.6361e-09 5.1214e-14 4.0543e-14 1.0000e-15 1.0000e-15 1.0000e-15 1.0000e-15 1.0000e-15 1.0000e-15
8.2000e-01 3.1731e-04 4.9452e-10 3.4794e-14 3.2661e-14 1.0000e-15 1.0000e-15 1.0000e-15 1.0000e-15 1.0000e-15 1.0000e-15
8.3000e-01 8.7124e-05 1.4366e-10 2.5454e-14 2.7221e-14 1.0000e-15 1.0000e-15 1.0000e-15 1.0000e-15 1.0000e-15 1.0000e-15
8.4000e-01 2.7211e-05 4.9650e-11 1.9016e-14 2.2779e-14 1.0000e-15 1.0000e-15 1.0000e-15 1.0000e-15 1.0000e-15 1.0000e-15
8.5000e-01 1.0908e-05 2.1691e-11 1.1244e-14 1.6715e-14 1.0000e-15 1.0000e-15 1.0000e-15 1.0000e-15 1.0000e-15 1.0000e-15
8.6000e-01 5.5725e-06 1.0821e-11 1.0733e-14 1.4651e-14 1.0000e-15 1.0000e-15 1.0000e-15 1.0000e-15 1.0000e-15 1.0000e-15
8.7000e-01 3.3596e-06 5.9482e-12 1.6306e-14 1.7804e-14 1.0000e-15 1.0000e-15 1.0000e-15 1.0000e-15 1.0000e-15 1.0000e-15
8.8000e-01 2.2249e-06 3.6848e-12 1.4245e-14 1.7967e-14 1.0000e-15 1.0000e-15 1.0000e-15 1.0000e-15 1.0000e-15 1.0000e-15
8.9000e-01 1.5620e-06 2.5373e-12 1.3144e-14 1.5753e-14 1.0000e-15 1.0000e-15 1.0000e-15 1.0000e-15 1.0000e-15 1.0000e-15
9.0000e-01 1.1451e-06 1.8726e-12 1.6549e-14 1.7120e-14 1.0000e-15 1.0000e-15 1.0000e-15 1.0000e-15 1.0000e-15 1.0000e-15
9.1000e-01 3.1899e-05 1.3907e-10 4.5373e-14 2.2427e-14 1.3724e-14 1.0000e-15 1.0000e-15 1.0000e-15 1.0000e-15 1.0000e-15
9.2000e-01 9.3042e-06 3.5958e-11 3.7077e-14 7.2044e-15 3.2238e-15 1.0000e-15 1.0000e-15 1.0000e-15 1.0000e-15 1.0000e-15
9.3000e-01 3.5314e-06 1.2416e-11 3.2196e-14 1.8883e-15 1.0000e-15 1.0000e-15 1.0000e-15 1.0000e-15 1.0000e-15 1.0000e-15
9.4000e-01 1.7331e-06 5.7728e-12 4.2714e-14 1.0000e-15 1.0000e-15 1.0000e-15 1.0000e-15 1.0000e-15 1.0000e-15 1.0000e-15
9.5000e-01 1.0580e-06 3.3628e-12 3.0519e-14 1.0000e-15 1.0000e-15 1.0000e-15 1.0000e-15 1.0000e-15 1.0000e-15 1.0000e-15
9.6000e-01 7.5875e-07 2.3105e-12 2.9028e-14 1.0000e-15 1.0000e-15 1.0000e-15 1.0000e-15 1.0000e-15 1.0000e-15 1.0000e-15
9.7000e-01 6.0390e-07 1.7729e-12 2.8268e-14 1.0000e-15 1.0000e-15 1.0000e-15 1.0000e-15 1.0000e-15 1.0000e-15 1.0000e-15
9.8000e-01 5.1176e-07 1.4638e-12 2.5886e-14 1.0000e-15 1.0000e-15 1.0000e-15 1.0000e-15 1.0000e-15 1.0000e-15 1.0000e-15
9.9000e-01 4.4924e-07 1.2504e-12 1.4957e-14 1.0000e-15 1.0000e-15 1.0000e-15 1.0000e-15 1.0000e-15 1.0000e-15 1.0000e-15
1.0000e+00 4.0024e-07 1.1146e-12 1.5037e-14 1.0000e-15 1.0000e-15 1.0000e-15 1.0000e-15 1.0000e-15 1.0000e-15 1.0000e-15
