# columns=iterations, rows=time
0.0000e+00 1.0000e-15 1.0000e-15 1.0000e-15 1.0000e-15 1.0000e-15 1.0000e-15 1.0000e-15 1.0000e-15 1.0000e-15 1.0000e-15
1.0000e-02 1.0000e-15 1.0000e-15 1.0000e-15 1.0000e-15 1.0000e-15 1.0000e-15 1.0000e-15 1.0000e-15 1.0000e-15 1.0000e-15
2.0000e-02 1.0000e-15 1.0000e-15 1.0000e-15 1.0000e-15 1.0000e-15 1.0000e-15 1.0000e-15 1.0000e-15 1.0000e-15 1.0000e-15
3.0000e-02 1.0000e-15 1.0000e-15 1.0000e-15 1.0000e-15 1.0000e-15 1.0000e-15 1.0000e-15 1.0000e-15 1.0000e-15 1.0000e-15
4.0000e-02 1.0000e-15 1.0000e-15 1.0000e-15 1.0000e-15 1.0000e-15 1.0000e-15 1.0000e-15 1.0000e-15 1.0000e-15 1.0000e-15
5.0000e-02 1.0000e-15 1.0000e-15 1.0000e-15 1.0000e-15 1.0000e-15 1.0000e-15 1.0000e-15 1.0000e-15 1.0000e-15 1.0000e-15
6.0000e-02 1.0000e-15 1.0000e-15 1.0000e-15 1.0000e-15 1.0000e-15 1.0000e-15 1.0000e-15 1.0000e-15 1.0000e-15 1.0000e-15
7.0000e-02 1.0000e-15 1.0000e-15 1.0000e-15 1.0000e-15 1.0000e-15 1.0000e-15 1.0000e-15 1.0000e-15 1.0000e-15 1.0000e-15
8.0000e-02 1.0000e-15 1.0000e-15 1.0000e-15 1.0000e-15 1.0000e-15 1.0000e-15 1.0000e-15 1.0000e-15 1.0000e-15 1.0000e-15
9.0000e-02 1.0000e-15 1.0000e-15 1.0000e-15 1.0000e-15 1.0000e-15 1.0000e-15 1.0000e-15 1.0000e-15 1.0000e-15 1.0000e-15
1.0000e-01 1.0000e-15 1.0000e-15 1.0000e-15 1.0000e-15 1.0000e-15 1.0000e-15 1.0000e-15 1.0000e-15 1.0000e-15 1.0000e-15
1.1000e-01 2.1236e-05 1.0000e-15 1.0000e-15 1.0000e-15 1.0000e-15 1.0000e-15 1.0000e-15 1.0000e-15 1.0000e-15 1.0000e-15
1.2000e-01 5.7889e-06 1.0000e-15 1.0000e-15 1.0000e-15 1.0000e-15 1.0000e-15 1.0000e-15 1.0000e-15 1.0000e-15 1.0000e-15
1.3000e-01 1.8715e-06 1.0000e-15 1.0000e-15 1.0000e-15 1.0000e-15 1.0000e-15 1.0000e-15 1.0000e-15 1.0000e-15 1.0000e-15
1.4000e-01 7.7776e-07 1.0000e-15 1.0000e-15 1.0000e-15 1.0000e-15 1.0000e-15 1.0000e-15 1.0000e-15 1.0000e-15 1.0000e-15
1.5000e-01 4.2505e-07 1.0000e-15 1.0000e-15 1.0000e-15 1.0000e-15 1.0000e-15 1.0000e-15 1.0000e-15 1.0000e-15 1.0000e-15
1.6000e-01 2.8800e-07 1.0000e-15 1.0000e-15 1.0000e-15 1.0000e-15 1.0000e-15 1.0000e-15 1.0000e-15 1.0000e-15 1.0000e-15
1.7000e-01 2.2464e-07 1.0000e-15 1.0000e-15 1.0000e-15 1.0000e-15 1.0000e-15 1.0000e-15 1.0000e-15 1.0000e-15 1.0000e-15
1.8000e-01 1.9103e-07 1.0000e-15 1.0000e-15 1.0000e-15 1.0000e-15 1.0000e-15 1.0000e-15 1.0000e-15 1.0000e-15 1.0000e-15
1.9000e-01 1.7053e-07 1.0000e-15 1.0000e-15 1.0000e-15 1.0000e-15 1.0000e-15 1.0000e-15 1.0000e-15 1.0000e-15 1.0000e-15
2.0000e-01 1.5540e-07 1.0000e-15 1.0000e-15 1.0000e-15 1.0000e-15 1.0000e-15 1.0000e-15 1.0000e-15 1.0000e-15 1.0000e-15
2.1000e-01 3.6593e-02 5.8290e-09 1.0000e-15 1.0000e-15 1.0000e-15 1.0000e-15 1.0000e-15 1.0000e-15 1.0000e-15 1.0000e-15
2.2000e-01 2.2182e-02 3.6695e-09 1.0000e-15 1.0000e-15 1.0000e-15 1.0000e-15 1.0000e-15 1.0000e-15 1.0000e-15 1.0000e-15
2.3000e-01 1.2756e-02 2.1466e-09 1.0000e-15 1.0000e-15 1.0000e-15 1.0000e-15 1.0000e-15 1.0000e-15 1.0000e-15 1.0000e-15
2.4000e-01 6.8702e-03 1.1456e-09 1.0000e-15 1.0000e-15 1.0000e-15 1.0000e-15 1.0000e-15 1.0000e-15 1.0000e-15 1.0000e-15
2.5000e-01 3.4598e-03 5.5735e-10 1.0000e-15 1.0000e-15 1.0000e-15 1.0000e-15 1.0000e-15 1.0000e-15 1.0000e-15 1.0000e-15
2.6000e-01 1.6425e-03 2.5046e-10 1.0000e-15 1.0000e-15 1.0000e-15 1.0000e-15 1.0000e-15 1.0000e-15 1.0000e-15 1.0000e-15
2.7000e-01 7.5370e-04 1.0657e-10 1.0000e-15 1.0000e-15 1.0000e-15 1.0000e-15 1.0000e-15 1.0000e-15 1.0000e-15 1.0000e-15
2.8000e-01 3.4899e-04 4.4678e-11 1.0000e-15 1.0000e-15 1.0000e-15 1.0000e-15 1.0000e-15 1.0000e-15 1.0000e-15 1.0000e-15
2.9000e-01 1.7131e-04 1.9686e-11 1.0000e-15 1.0000e-15 1.0000e-15 1.0000e-15 1.0000e-15 1.0000e-15 1.0000e-15 1.0000e-15
3.0000e-01 9.2356e-05 9.8089e-12 1.0000e-15 1.0000e-15 1.0000e-15 1.0000e-15 1.0000e-15 1.0000e-15 1.0000e-15 1.0000e-15
3.1000e-01 3.3549e-02 2.2304e-06 3.0633e-13 1.0000e-15 1.0000e-15 1.0000e-15 1.0000e-15 1.0000e-15 1.0000e-15 1.0000e-15
3.2000e-01 9.9769e-03 7.3355e-07 1.1634e-13 1.0000e-15 1.0000e-15 1.0000e-15 1.0000e-15 1.0000e-15 1.0000e-15 1.0000e-15
3.3000e-01 3.4658e-03 2.6542e-07 6.3840e-14 1.0000e-15 1.0000e-15 1.0000e-15 1.0000e-15 1.0000e-15 1.0000e-15 1.0000e-15
3.4000e-01 1.4114e-03 1.0840e-07 4.2700e-14 1.0000e-15 1.0000e-15 1.0000e-15 1.0000e-15 1.0000e-15 1.0000e-15 1.0000e-15
3.5000e-01 6.6856e-04 4.9474e-08 3.1805e-14 1.0000e-15 1.0000e-15 1.0000e-15 1.0000e-15 1.0000e-15 1.0000e-15 1.0000e-15
3.6000e-01 3.5714e-04 2.4291e-08 1.5747e-14 1.0000e-15 1.0000e-15 1.0000e-15 1.0000e-15 1.0000e-15 1.0000e-15 1.0000e-15
3.7000e-01 2.0545e-04 1.2431e-08 2.5263e-14 1.0000e-15 1.0000e-15 1.0000e-15 1.0000e-15 1.0000e-15 1.0000e-15 1.0000e-15
3.8000e-01 1.2299e-04 6.5491e-09 1.7633e-14 1.0000e-15 1.0000e-15 1.0000e-15 1.0000e-15 1.0000e-15 1.0000e-15 1.0000e-15
3.9000e-01 7.5412e-05 3.5670e-09 1.2658e-14 1.0000e-15 1.0000e-15 1.0000e-15 1.0000e-15 1.0000e-15 1.0000e-15 1.0000e-15
4.0000e-01 4.7154e-05 2.0421e-09 3.9110e-15 1.0000e-15 1.0000e-15 1.0000e-15 1.0000e-15 1.0000e-15 1.0000e-15 1.0000e-15
4.1000e-01 9.3412e-05 2.7035e-08 6.8839e-13 1.9259e-15 1.0000e-15 1.0000e-15 1.0000e-15 1.0000e-15 1.0000e-15 1.0000e-15
4.2000e-01 2.9571e-05 7.9593e-09 1.6174e-13 1.0451e-15 1.0000e-15 1.0000e-15 1.0000e-15 1.0000e-15 1.0000e-15 1.0000e-15
4.3000e-01 1.4784e-05 2.6891e-09 4.3576e-14 1.0000e-15 1.0000e-15 1.0000e-15 1.0000e-15 1.0000e-15 1.0000e-15 1.0000e-15
4.4000e-01 9.6743e-06 1.1784e-09 1.8956e-14 1.0000e-15 1.0000e-15 1.0000e-15 1.0000e-15 1.0000e-15 1.0000e-15 1.0000e-15
4.5000e-01 6.9689e-06 6.9286e-10 1.0581e-14 1.0000e-15 1.0000e-15 1.0000e-15 1.0000e-15 1.0000e-15 1.0000e-15 1.0000e-15
4.6000e-01 5.2788e-06 4.9050e-10 1.1709e-14 1.0000e-15 1.0000e-15 1.0000e-15 1.0000e-15 1.0000e-15 1.0000e-15 1.0000e-15
4.7000e-01 4.1534e-06 3.8091e-10 1.4270e-14 1.0000e-15 1.0000e-15 1.0000e-15 1.0000e-15 1.0000e-15 1.0000e-15 1.0000e-15
4.8000e-01 3.3713e-06 3.1128e-10 1.2466e-14 1.0000e-15 1.0000e-15 1.0000e-15 1.0000e-15 1.0000e-15 1.0000e-15 1.0000e-15
4.9000e-01 2.8063e-06 2.6248e-10 1.1044e-14 1.0000e-15 1.0000e-15 1.0000e-15 1.0000e-15 1.0000e-15 1.0000e-15 1.0000e-15
5.0000e-01 2.3802e-06 2.2471e-10 1.1604e-14 1.0000e-15 1.0000e-15 1.0000e-15 1.0000e-15 1.0000e-15 1.0000e-15 1.0000e-15
5.1000e-01 3.3774e-03 2.1816e-09 7.8552e-13 2.4236e-14 1.0000e-15 1.0000e-15 1.0000e-15 1.0000e-15 1.0000e-15 1.0000e-15
5.2000e-01 1.5278e-03 1.0872e-09 3.8401e-13 1.7686e-14 1.0000e-15 1.0000e-15 1.0000e-15 1.0000e-15 1.0000e-15 1.0000e-15
5.3000e-01 6.2358e-04 4.8396e-10 1.8298e-13 1.5786e-14 1.0000e-15 1.0000e-15 1.0000e-15 1.0000e-15 1.0000e-15 1.0000e-15
5.4000e-01 2.3010e-04 2.0568e-10 1.0973e-13 1.5695e-14 1.0000e-15 1.0000e-15 1.0000e-15 1.0000e-15 1.0000e-15 1.0000e-15
5.5000e-01 8.5817e-05 1.0798e-10 8.3341e-14 1.1156e-14 1.0000e-15 1.0000e-15 1.0000e-15 1.0000e-15 1.0000e-15 1.0000e-15
5.6000e-01 4.0067e-05 7.7621e-11 4.7462e-14 1.0000e-15 1.0000e-15 1.0000e-15 1.0000e-15 1.0000e-15 1.0000e-15 1.0000e-15
5.7000e-01 2.5012e-05 6.3432e-11 4.7183e-14 1.0000e-15 1.0000e-15 1.0000e-15 1.0000e-15 1.0000e-15 1.0000e-15 1.0000e-15
5.8000e-01 1.8511e-05 5.3614e-11 3.9972e-14 1.0000e-15 1.0000e-15 1.0000e-15 1.0000e-15 1.0000e-15 1.0000e-15 1.0000e-15
5.9000e-01 1.4910e-05 4.5815e-11 2.8369e-14 1.0000e-15 1.0000e-15 1.0000e-15 1.0000e-15 1.0000e-15 1.0000e-15 1.0000e-15
6.0000e-01 1.2442e-05 3.9390e-11 3.2739e-14 1.0000e-15 1.0000e-15 1.0000e-15 1.0000e-15 1.0000e-15 1.0000e-15 1.0000e-15
6.1000e-01 4.9247e-02 2.2986e-07 1.8632e-13 3.2215e-14 1.0000e-15 1.0000e-15 1.0000e-15 1.0000e-15 1.0000e-15 1.0000e-15
6.2000e-01 2.5095e-02 1.1560e-07 1.1614e-13 2.5730e-14 1.0000e-15 1.0000e-15 1.0000e-15 1.0000e-15 1.0000e-15 1.0000e-15
6.3000e-01 1.2614e-02 5.5058e-08 7.1109e-14 1.8460e-14 1.0000e-15 1.0000e-15 1.0000e-15 1.0000e-15 1.0000e-15 1.0000e-15
6.4000e-01 5.8897e-03 2.3661e-08 4.6233e-14 1.5492e-14 1.0000e-15 1.0000e-15 1.0000e-15 1.0000e-15 1.0000e-15 1.0000e-15
6.5000e-01 2.5256e-03 9.1415e-09 3.0773e-14 1.0424e-14 1.0000e-15 1.0000e-15 1.0000e-15 1.0000e-15 1.0000e-15 1.0000e-15
6.6000e-01 1.0117e-03 3.2570e-09 2.5790e-14 1.1659e-14 1.0000e-15 1.0000e-15 1.0000e-15 1.0000e-15 1.0000e-15 1.0000e-15
6.7000e-01 4.0097e-04 1.1423e-09 3.1930e-14 9.5532e-15 1.0000e-15 1.0000e-15 1.0000e-15 1.0000e-15 1.0000e-15 1.0000e-15
6.8000e-01 1.7773e-04 4.5225e-10 2.3521e-14 3.1021e-15 1.0000e-15 1.0000e-15 1.0000e-15 1.0000e-15 1.0000e-15 1.0000e-15
6.9000e-01 9.8084e-05 2.2849e-10 4.0151e-14 1.0000e-15 1.0000e-15 1.0000e-15 1.0000e-15 1.0000e-15 1.0000e-15 1.0000e-15
7.0000e-01 6.4199e-05 1.3731e-10 4.7865e-14 1.0000e-15 1.0000e-15 1.0000e-15 1.0000e-15 1.0000e-15 1.0000e-15 1.0000e-15
7.1000e-01 9.7983e-04 7.2215e-07 3.9319e-12 4.2743e-14 8.8505e-15 1.0000e-15 1.0000e-15 1.0000e-15 1.0000e-15 1.0000e-15
7.2000e-01 3.1829e-04 2.3506e-07 1.3574e-12 3.5734e-14 1.4867e-14 1.0000e-15 1.0000e-15 1.0000e-15 1.0000e-15 1.0000e-15
7.3000e-01 1.3163e-04 9.1281e-08 5.5801e-13 3.3029e-14 3.9960e-15 1.0000e-15 1.0000e-15 1.0000e-15 1.0000e-15 1.0000e-15
7.4000e-01 7.0213e-05 4.3645e-08 2.9286e-13 2.4002e-14 1.7195e-15 1.0000e-15 1.0000e-15 1.0000e-15 1.0000e-15 1.0000e-15
7.5000e-01 4.6650e-05 2.6239e-08 1.9925e-13 1.2702e-14 1.0000e-15 1.0000e-15 1.0000e-15 1.0000e-15 1.0000e-15 1.0000e-15
7.6000e-01 3.6061e-05 1.9195e-08 1.6814e-13 8.1257e-15 1.0000e-15 1.0000e-15 1.0000e-15 1.0000e-15 1.0000e-15 1.0000e-15
7.7000e-01 3.0553e-05 1.5925e-08 1.4112e-13 4.4684e-15 1.0000e-15 1.0000e-15 1.0000e-15 1.0000e-15 1.0000e-15 1.0000e-15
7.8000e-01 2.7141e-05 1.4088e-08 1.3464e-13 2.6616e-15 1.0000e-15 1.0000e-15 1.0000e-15 1.0000e-15 1.0000e-15 1.0000e-15
7.9000e-01 2.4327e-05 1.2679e-08 1.2930e-13 1.0000e-15 1.0000e-15 1.0000e-15 1.0000e-15 1.0000e-15 1.0000e-15 1.0000e-15
8.0000e-01 2.1313e-05 1.1190e-08 1.1994e-13 1.0000e-15 1.0000e-15 1.0000e-15 1.0000e-15 1.0000e-15 1.0000e-15 1.0000e-15
8.1000e-01 6.2702e-03 3.2294e-08 1.1364e-11 2.5801e-14 4.6386e-14 1.0000e-15 1.0000e-15 1.0000e-15 1.0000e-15 1.0000e-15
8.2000e-01 2.0778e-03 1.3675e-08 3.9595e-12 1.8860e-14 3.3746e-14 1.0000e-15 1.0000e-15 1.0000e-15 1.0000e-15 1.0000e-15
8.3000e-01 6.1996e-04 6.9872e-09 1.2838e-12 1.7043e-14 2.6815e-14 1.0000e-15 1.0000e-15 1.0000e-15 1.0000e-15 1.0000e-15
8.4000e-01 1.8386e-04 4.4095e-09 4.6020e-13 1.0637e-14 2.2417e-14 1.0000e-15 1.0000e-15 1.0000e-15 1.0000e-15 1.0000e-15
8.5000e-01 6.0164e-05 3.0690e-09 2.0531e-13 1.3355e-14 1.6106e-14 1.0000e-15 1.0000e-15 1.0000e-15 1.0000e-15 1.0000e-15
8.6000e-01 2.2745e-05 2.2231e-09 1.1069e-13 1.2192e-14 1.4614e-14 1.0000e-15 1.0000e-15 1.0000e-15 1.0000e-15 1.0000e-15
8.7000e-01 1.0351e-05 1.6548e-09 6.5710e-14 1.7030e-14 1.7806e-14 1.0000e-15 1.0000e-15 1.0000e-15 1.0000e-15 1.0000e-15
8.8000e-01 5.9595e-06 1.2603e-09 4.1892e-14 1.4229e-14 1.7967e-14 1.0000e-15 1.0000e-15 1.0000e-15 1.0000e-15 1.0000e-15
8.9000e-01 4.1556e-06 9.7821e-10 3.7416e-14 1.3144e-14 1.5753e-14 1.0000e-15 1.0000e-15 1.0000e-15 1.0000e-15 1.0000e-15
9.0000e-01 3.1888e-06 7.7107e-10 4.1963e-14 1.6549e-14 1.7120e-14 1.0000e-15 1.0000e-15 1.0000e-15 1.0000e-15 1.0000e-15
9.1000e-01 8.2986e-04 4.0439e-08 1.3366e-13 3.1202e-14 4.6469e-15 4.5231e-15 1.0000e-15 1.0000e-15 1.0000e-15 1.0000e-15
9.2000e-01 2.5372e-04 1.5200e-08 7.4969e-14 2.2848e-14 2.0005e-15 2.0005e-15 1.0000e-15 1.0000e-15 1.0000e-15 1.0000e-15
9.3000e-01 9.4953e-05 6.6364e-09 6.5584e-14 2.0285e-14 1.0000e-15 1.0000e-15 1.0000e-15 1.0000e-15 1.0000e-15 1.0000e-15
9.4000e-01 4.5069e-05 3.4526e-09 6.5977e-14 1.7704e-14 1.0000e-15 1.0000e-15 1.0000e-15 1.0000e-15 1.0000e-15 1.0000e-15
9.5000e-01 2.6517e-05 2.1166e-09 5.7418e-14 1.1977e-14 1.0000e-15 1.0000e-15 1.0000e-15 1.0000e-15 1.0000e-15 1.0000e-15
9.6000e-01 1.8194e-05 1.4812e-09 5.6008e-14 5.3963e-15 1.0000e-15 1.0000e-15 1.0000e-15 1.0000e-15 1.0000e-15 1.0000e-15
9.7000e-01 1.3851e-05 1.1464e-09 5.6172e-14 1.4965e-15 1.0000e-15 1.0000e-15 1.0000e-15 1.0000e-15 1.0000e-15 1.0000e-15
9.8000e-01 1.1321e-05 9.5387e-10 5.3280e-14 1.2220e-15 1.0000e-15 1.0000e-15 1.0000e-15 1.0000e-15 1.0000e-15 1.0000e-15
9.9000e-01 9.6721e-06 8.3005e-10 3.5477e-14 1.0000e-15 1.0000e-15 1.0000e-15 1.0000e-15 1.0000e-15 1.0000e-15 1.0000e-15
1.0000e+00 8.4103e-06 7.3540e-10 2.9300e-14 1.0000e-15 1.0000e-15 1.0000e-15 1.0000e-15 1.0000e-15 1.0000e-15 1.0000e-15
