0.0 0.00000 0.00000
0.02 0.00000 0.00000
0.04 0.00000 0.00000
0.06 0.00000 0.00000
0.08 0.00000 0.00000
0.1 0.00000 0.00000
0.12 0.00000 0.00000
0.14 0.00000 0.00000
0.16 0.00000 0.00000
0.18 0.00000 0.00000
0.2 0.00000 0.00000
0.22 0.00000 0.00000
0.24 0.00000 0.00000
0.26 0.00000 0.00000
0.28 0.00000 0.00000
0.3 0.00000 0.00000
0.32 0.00000 0.00000
0.34 0.00000 0.00000
0.36 0.00000 0.00000
0.38 0.00000 0.00000
0.4 0.00000 0.00000
0.42 0.00000 0.00000
0.44 0.00000 0.00000
0.46 0.00000 0.00000
0.48 0.00000 0.00000
0.5 0.00000 0.00000
0.52 0.00000 0.00000
0.54 0.00000 0.00000
0.56 0.00000 0.00000
0.58 0.00000 0.00000
0.6 0.00000 10.00000
0.62 0.00000 10.00000
0.64 0.00000 10.00000
0.66 0.00000 10.00000
0.68 0.00000 10.00000
0.7 0.00000 10.00000
0.72 0.00000 10.00000
0.74 0.00000 10.00000
0.76 0.00000 10.00000
0.78 0.00000 10.00000
0.8 0.00000 10.00000
0.82 0.00000 0.00000
0.84 0.00000 0.00000
0.86 0.00000 0.00000
0.88 0.00000 0.00000
0.9 0.00000 0.00000
0.92 0.00000 0.00000
0.94 0.00000 0.00000
0.96 0.00000 0.00000
0.98 0.00000 0.00000
1.0 0.00000 0.00000

0.0 0.02000 0.69524
0.02 0.02000 0.69290
0.04 0.02000 0.68641
0.06 0.02000 0.67650
0.08 0.02000 0.66394
0.1 0.02000 0.64951
0.12 0.02000 0.63402
0.14 0.02000 0.61828
0.16 0.02000 0.60316
0.18 0.02000 0.58952
0.2 0.02000 0.57828
0.22 0.02000 0.57040
0.24 0.02000 0.56689
0.26 0.02000 0.56884
0.28 0.02000 0.57742
0.3 0.02000 0.59395
0.32 0.02000 0.61989
0.34 0.02000 0.65694
0.36 0.02000 0.70711
0.38 0.02000 0.77281
0.4 0.02000 0.85708
0.42 0.02000 0.96377
0.44 0.02000 1.09792
0.46 0.02000 1.26627
0.48 0.02000 1.47803
0.5 0.02000 1.74594
0.52 0.02000 2.08782
0.54 0.02000 2.52839
0.56 0.02000 3.10054
0.58 0.02000 3.84213
0.6 0.02000 4.77421
0.62 0.02000 5.84657
0.64 0.02000 6.93682
0.66 0.02000 7.87982
0.68 0.02000 8.48990
0.7 0.02000 8.63309
0.72 0.02000 8.30197
0.74 0.02000 7.60154
0.76 0.02000 6.67775
0.78 0.02000 5.66920
0.8 0.02000 4.69409
0.82 0.02000 3.84928
0.84 0.02000 3.18041
0.86 0.02000 2.67283
0.88 0.02000 2.29510
0.9 0.02000 2.01832
0.92 0.02000 1.81981
0.94 0.02000 1.68270
0.96 0.02000 1.59462
0.98 0.02000 1.54649
1.0 0.02000 1.53165

0.0 0.04000 2.02873
0.02 0.04000 2.02358
0.04 0.04000 2.00881
0.06 0.04000 1.98547
0.08 0.04000 1.95469
0.1 0.04000 1.91770
0.12 0.04000 1.87582
0.14 0.04000 1.83043
0.16 0.04000 1.78303
0.18 0.04000 1.73518
0.2 0.04000 1.68854
0.22 0.04000 1.64489
0.24 0.04000 1.60609
0.26 0.04000 1.57418
0.28 0.04000 1.55129
0.3 0.04000 1.53977
0.32 0.04000 1.54218
0.34 0.04000 1.56133
0.36 0.04000 1.60040
0.38 0.04000 1.66301
0.4 0.04000 1.75337
0.42 0.04000 1.87649
0.44 0.04000 2.03850
0.46 0.04000 2.24704
0.48 0.04000 2.51186
0.5 0.04000 2.84566
0.52 0.04000 3.26482
0.54 0.04000 3.78954
0.56 0.04000 4.44046
0.58 0.04000 5.22505
0.6 0.04000 6.10497
0.62 0.04000 6.96036
0.64 0.04000 7.61758
0.66 0.04000 7.95419
0.68 0.04000 7.96305
0.7 0.04000 7.72014
0.72 0.04000 7.32314
0.74 0.04000 6.85449
0.76 0.04000 6.37137
0.78 0.04000 5.90877
0.8 0.04000 5.48576
0.82 0.04000 5.11108
0.84 0.04000 4.78723
0.86 0.04000 4.51326
0.88 0.04000 4.28646
0.9 0.04000 4.10345
0.92 0.04000 3.96067
0.94 0.04000 3.85471
0.96 0.04000 3.78242
0.98 0.04000 3.74092
1.0 0.04000 3.72763

0.0 0.06000 3.75386
0.02 0.06000 3.74629
0.04 0.06000 3.72402
0.06 0.06000 3.68780
0.08 0.06000 3.63859
0.1 0.06000 3.57753
0.12 0.06000 3.50596
0.14 0.06000 3.42543
0.16 0.06000 3.33767
0.18 0.06000 3.24466
0.2 0.06000 3.14859
0.22 0.06000 3.05193
0.24 0.06000 2.95744
0.26 0.06000 2.86822
0.28 0.06000 2.78778
0.3 0.06000 2.72008
0.32 0.06000 2.66970
0.34 0.06000 2.64194
0.36 0.06000 2.64306
0.38 0.06000 2.68055
0.4 0.06000 2.76362
0.42 0.06000 2.90372
0.44 0.06000 3.11546
0.46 0.06000 3.41749
0.48 0.06000 3.83292
0.5 0.06000 4.38665
0.52 0.06000 5.09307
0.54 0.06000 5.92784
0.56 0.06000 6.80197
0.58 0.06000 7.58630
0.6 0.06000 8.17899
0.62 0.06000 8.54386
0.64 0.06000 8.69951
0.66 0.06000 8.69060
0.68 0.06000 8.56571
0.7 0.06000 8.36647
0.72 0.06000 8.12468
0.74 0.06000 7.86312
0.76 0.06000 7.59753
0.78 0.06000 7.33851
0.8 0.06000 7.09311
0.82 0.06000 6.86595
0.84 0.06000 6.65999
0.86 0.06000 6.47709
0.88 0.06000 6.31835
0.9 0.06000 6.18435
0.92 0.06000 6.07529
0.94 0.06000 5.99111
0.96 0.06000 5.93158
0.98 0.06000 5.89626
1.0 0.06000 5.88463

0.0 0.08000 5.75266
0.02 0.08000 5.74334
0.04 0.08000 5.71522
0.06 0.08000 5.66827
0.08 0.08000 5.60273
0.1 0.08000 5.51911
0.12 0.08000 5.41821
0.14 0.08000 5.30114
0.16 0.08000 5.16936
0.18 0.08000 5.02470
0.2 0.08000 4.86947
0.22 0.08000 4.70647
0.24 0.08000 4.53918
0.26 0.08000 4.37184
0.28 0.08000 4.20974
0.3 0.08000 4.05950
0.32 0.08000 3.92955
0.34 0.08000 3.83088
0.36 0.08000 3.77814
0.38 0.08000 3.79126
0.4 0.08000 3.89774
0.42 0.08000 4.13478
0.44 0.08000 4.54729
0.46 0.08000 5.17153
0.48 0.08000 5.99668
0.5 0.08000 6.93564
0.52 0.08000 7.85804
0.54 0.08000 8.65686
0.56 0.08000 9.28023
0.58 0.08000 9.72287
0.6 0.08000 10.00499
0.62 0.08000 10.15580
0.64 0.08000 10.20443
0.66 0.08000 10.17617
0.68 0.08000 10.09171
0.7 0.08000 9.96740
0.72 0.08000 9.81606
0.74 0.08000 9.64774
0.76 0.08000 9.47033
0.78 0.08000 9.29012
0.8 0.08000 9.11218
0.82 0.08000 8.94062
0.84 0.08000 8.77886
0.86 0.08000 8.62971
0.88 0.08000 8.49556
0.9 0.08000 8.37840
0.92 0.08000 8.27992
0.94 0.08000 8.20154
0.96 0.08000 8.14446
0.98 0.08000 8.10965
1.0 0.08000 8.09789

0.0 0.10000 7.94577
0.02 0.10000 7.93530
0.04 0.10000 7.90293
0.06 0.10000 7.84740
0.08 0.10000 7.76772
0.1 0.10000 7.66314
0.12 0.10000 7.53321
0.14 0.10000 7.37783
0.16 0.10000 7.19731
0.18 0.10000 6.99249
0.2 0.10000 6.76488
0.22 0.10000 6.51691
0.24 0.10000 6.25231
0.26 0.10000 5.97667
0.28 0.10000 5.69847
0.3 0.10000 5.43073
0.32 0.10000 5.19391
0.34 0.10000 5.02054
0.36 0.10000 4.96133
0.38 0.10000 5.08711
0.4 0.10000 5.46950
0.42 0.10000 6.12860
0.44 0.10000 6.99420
0.46 0.10000 7.93985
0.48 0.10000 8.84962
0.5 0.10000 9.65198
0.52 0.10000 10.31776
0.54 0.10000 10.84513
0.56 0.10000 11.24587
0.58 0.10000 11.53677
0.6 0.10000 11.73512
0.62 0.10000 11.85682
0.64 0.10000 11.91568
0.66 0.10000 11.92350
0.68 0.10000 11.89029
0.7 0.10000 11.82449
0.72 0.10000 11.73336
0.74 0.10000 11.62313
0.76 0.10000 11.49925
0.78 0.10000 11.36653
0.8 0.10000 11.22926
0.82 0.10000 11.09132
0.84 0.10000 10.95623
0.86 0.10000 10.82723
0.88 0.10000 10.70732
0.9 0.10000 10.59928
0.92 0.10000 10.50573
0.94 0.10000 10.42910
0.96 0.10000 10.37171
0.98 0.10000 10.33574
1.0 0.10000 10.32329

0.0 0.12000 10.22725
0.02 0.12000 10.21621
0.04 0.12000 10.18109
0.06 0.12000 10.11899
0.08 0.12000 10.02705
0.1 0.12000 9.90245
0.12 0.12000 9.74245
0.14 0.12000 9.54443
0.16 0.12000 9.30603
0.18 0.12000 9.02537
0.2 0.12000 8.70151
0.22 0.12000 8.33536
0.24 0.12000 7.93146
0.26 0.12000 7.50174
0.28 0.12000 7.07266
0.3 0.12000 6.69689
0.32 0.12000 6.46254
0.34 0.12000 6.47447
0.36 0.12000 6.79162
0.38 0.12000 7.37915
0.4 0.12000 8.13586
0.42 0.12000 8.95364
0.44 0.12000 9.75242
0.46 0.12000 10.48552
0.48 0.12000 11.13167
0.5 0.12000 11.68531
0.52 0.12000 12.14930
0.54 0.12000 12.53040
0.56 0.12000 12.83679
0.58 0.12000 13.07673
0.6 0.12000 13.25806
0.62 0.12000 13.38797
0.64 0.12000 13.47294
0.66 0.12000 13.51884
0.68 0.12000 13.53096
0.7 0.12000 13.51414
0.72 0.12000 13.47282
0.74 0.12000 13.41115
0.76 0.12000 13.33300
0.78 0.12000 13.24205
0.8 0.12000 13.14183
0.82 0.12000 13.03574
0.84 0.12000 12.92708
0.86 0.12000 12.81911
0.88 0.12000 12.71502
0.9 0.12000 12.61799
0.92 0.12000 12.53120
0.94 0.12000 12.45787
0.96 0.12000 12.40126
0.98 0.12000 12.36472
1.0 0.12000 12.35171

0.0 0.14000 12.41469
0.02 0.14000 12.40355
0.04 0.14000 12.36686
0.06 0.14000 12.29948
0.08 0.14000 12.19570
0.1 0.14000 12.04914
0.12 0.14000 11.85264
0.14 0.14000 11.59832
0.16 0.14000 11.27778
0.18 0.14000 10.88335
0.2 0.14000 10.41142
0.22 0.14000 9.87097
0.24 0.14000 9.30041
0.26 0.14000 8.78572
0.28 0.14000 8.44649
0.3 0.14000 8.37137
0.32 0.14000 8.56688
0.34 0.14000 8.97300
0.36 0.14000 9.50866
0.38 0.14000 10.10313
0.4 0.14000 10.70621
0.42 0.14000 11.28668
0.44 0.14000 11.82720
0.46 0.14000 12.31938
0.48 0.14000 12.76026
0.5 0.14000 13.14992
0.52 0.14000 13.49010
0.54 0.14000 13.78337
0.56 0.14000 14.03263
0.58 0.14000 14.24086
0.6 0.14000 14.41105
0.62 0.14000 14.54606
0.64 0.14000 14.64869
0.66 0.14000 14.72160
0.68 0.14000 14.76742
0.7 0.14000 14.78867
0.72 0.14000 14.78787
0.74 0.14000 14.76752
0.76 0.14000 14.73010
0.78 0.14000 14.67815
0.8 0.14000 14.61423
0.82 0.14000 14.54099
0.84 0.14000 14.46115
0.86 0.14000 14.37756
0.88 0.14000 14.29319
0.9 0.14000 14.21120
0.92 0.14000 14.13497
0.94 0.14000 14.06811
0.96 0.14000 14.01459
0.98 0.14000 13.97879
1.0 0.14000 13.96561

0.0 0.16000 14.22445
0.02 0.16000 14.21328
0.04 0.16000 14.17464
0.06 0.16000 14.09972
0.08 0.16000 13.97744
0.1 0.16000 13.79384
0.12 0.16000 13.53188
0.14 0.16000 13.17313
0.16 0.16000 12.70527
0.18 0.16000 12.14160
0.2 0.16000 11.54598
0.22 0.16000 11.02628
0.24 0.16000 10.67833
0.26 0.16000 10.53885
0.28 0.16000 10.58915
0.3 0.16000 10.78390
0.32 0.16000 11.07489
0.34 0.16000 11.42208
0.36 0.16000 11.79611
0.38 0.16000 12.17688
0.4 0.16000 12.55130
0.42 0.16000 12.91112
0.44 0.16000 13.25133
0.46 0.16000 13.56903
0.48 0.16000 13.86266
0.5 0.16000 14.13156
0.52 0.16000 14.37557
0.54 0.16000 14.59489
0.56 0.16000 14.78996
0.58 0.16000 14.96134
0.6 0.16000 15.10970
0.62 0.16000 15.23579
0.64 0.16000 15.34040
0.66 0.16000 15.42442
0.68 0.16000 15.48876
0.7 0.16000 15.53442
0.72 0.16000 15.56247
0.74 0.16000 15.57406
0.76 0.16000 15.57046
0.78 0.16000 15.55303
0.8 0.16000 15.52327
0.82 0.16000 15.48285
0.84 0.16000 15.43359
0.86 0.16000 15.37756
0.88 0.16000 15.31709
0.9 0.16000 15.25481
0.92 0.16000 15.19378
0.94 0.16000 15.13756
0.96 0.16000 15.09035
0.98 0.16000 15.05725
1.0 0.16000 15.04452

0.0 0.18000 15.30172
0.02 0.18000 15.28872
0.04 0.18000 15.24048
0.06 0.18000 15.13914
0.08 0.18000 14.96070
0.1 0.18000 14.67957
0.12 0.18000 14.28620
0.14 0.18000 13.81329
0.16 0.18000 13.33606
0.18 0.18000 12.93254
0.2 0.18000 12.64770
0.22 0.18000 12.48932
0.24 0.18000 12.44214
0.26 0.18000 12.48239
0.28 0.18000 12.58649
0.3 0.18000 12.73457
0.32 0.18000 12.91129
0.34 0.18000 13.10526
0.36 0.18000 13.30824
0.38 0.18000 13.51434
0.4 0.18000 13.71937
0.42 0.18000 13.92033
0.44 0.18000 14.11511
0.46 0.18000 14.30215
0.48 0.18000 14.48036
0.5 0.18000 14.64891
0.52 0.18000 14.80722
0.54 0.18000 14.95482
0.56 0.18000 15.09140
0.58 0.18000 15.21672
0.6 0.18000 15.33060
0.62 0.18000 15.43293
0.64 0.18000 15.52365
0.66 0.18000 15.60275
0.68 0.18000 15.67028
0.7 0.18000 15.72632
0.72 0.18000 15.77103
0.74 0.18000 15.80461
0.76 0.18000 15.82736
0.78 0.18000 15.83964
0.8 0.18000 15.84194
0.82 0.18000 15.83487
0.84 0.18000 15.81918
0.86 0.18000 15.79585
0.88 0.18000 15.76611
0.9 0.18000 15.73153
0.92 0.18000 15.69417
0.94 0.18000 15.65671
0.96 0.18000 15.62275
0.98 0.18000 15.59715
1.0 0.18000 15.58665

0.0 0.20000 15.29723
0.02 0.20000 15.27184
0.04 0.20000 15.17938
0.06 0.20000 15.00340
0.08 0.20000 14.75358
0.1 0.20000 14.46884
0.12 0.20000 14.19584
0.14 0.20000 13.96789
0.16 0.20000 13.79936
0.18 0.20000 13.69033
0.2 0.20000 13.63346
0.22 0.20000 13.61889
0.24 0.20000 13.63695
0.26 0.20000 13.67933
0.28 0.20000 13.73930
0.3 0.20000 13.81162
0.32 0.20000 13.89233
0.34 0.20000 13.97842
0.36 0.20000 14.06769
0.38 0.20000 14.15848
0.4 0.20000 14.24958
0.42 0.20000 14.34010
0.44 0.20000 14.42940
0.46 0.20000 14.51698
0.48 0.20000 14.60252
0.5 0.20000 14.68576
0.52 0.20000 14.76651
0.54 0.20000 14.84465
0.56 0.20000 14.92005
0.58 0.20000 14.99265
0.6 0.20000 15.06236
0.62 0.20000 15.12913
0.64 0.20000 15.19287
0.66 0.20000 15.25352
0.68 0.20000 15.31098
0.7 0.20000 15.36515
0.72 0.20000 15.41592
0.74 0.20000 15.46316
0.76 0.20000 15.50669
0.78 0.20000 15.54636
0.8 0.20000 15.58195
0.82 0.20000 15.61327
0.84 0.20000 15.64008
0.86 0.20000 15.66220
0.88 0.20000 15.67944
0.9 0.20000 15.69173
0.92 0.20000 15.69917
0.94 0.20000 15.70218
0.96 0.20000 15.70171
0.98 0.20000 15.69950
1.0 0.20000 15.69813

0.0 0.22000 14.04665
0.02 0.22000 14.02219
0.04 0.22000 13.96414
0.06 0.22000 13.89581
0.08 0.22000 13.83493
0.1 0.22000 13.79099
0.12 0.22000 13.76679
0.14 0.22000 13.76102
0.16 0.22000 13.77049
0.18 0.22000 13.79144
0.2 0.22000 13.82034
0.22 0.22000 13.85415
0.24 0.22000 13.89041
0.26 0.22000 13.92723
0.28 0.22000 13.96321
0.3 0.22000 13.99737
0.32 0.22000 14.02906
0.34 0.22000 14.05791
0.36 0.22000 14.08378
0.38 0.22000 14.10671
0.4 0.22000 14.12686
0.42 0.22000 14.14454
0.44 0.22000 14.16011
0.46 0.22000 14.17404
0.48 0.22000 14.18684
0.5 0.22000 14.19908
0.52 0.22000 14.21135
0.54 0.22000 14.22428
0.56 0.22000 14.23851
0.58 0.22000 14.25470
0.6 0.22000 14.27351
0.62 0.22000 14.29561
0.64 0.22000 14.32165
0.66 0.22000 14.35227
0.68 0.22000 14.38809
0.7 0.22000 14.42970
0.72 0.22000 14.47763
0.74 0.22000 14.53236
0.76 0.22000 14.59429
0.78 0.22000 14.66371
0.8 0.22000 14.74078
0.82 0.22000 14.82541
0.84 0.22000 14.91726
0.86 0.22000 15.01553
0.88 0.22000 15.11877
0.9 0.22000 15.22450
0.92 0.22000 15.32862
0.94 0.22000 15.42459
0.96 0.22000 15.50307
0.98 0.22000 15.55360
1.0 0.22000 15.57019

0.0 0.24000 12.30271
0.02 0.24000 12.32517
0.04 0.24000 12.38038
0.06 0.24000 12.45617
0.08 0.24000 12.54454
0.1 0.24000 12.63965
0.12 0.24000 12.73706
0.14 0.24000 12.83330
0.16 0.24000 12.92565
0.18 0.24000 13.01202
0.2 0.24000 13.09079
0.22 0.24000 13.16078
0.24 0.24000 13.22113
0.26 0.24000 13.27132
0.28 0.24000 13.31103
0.3 0.24000 13.34021
0.32 0.24000 13.35895
0.34 0.24000 13.36756
0.36 0.24000 13.36648
0.38 0.24000 13.35627
0.4 0.24000 13.33766
0.42 0.24000 13.31147
0.44 0.24000 13.27866
0.46 0.24000 13.24028
0.48 0.24000 13.19749
0.5 0.24000 13.15157
0.52 0.24000 13.10390
0.54 0.24000 13.05594
0.56 0.24000 13.00930
0.58 0.24000 12.96568
0.6 0.24000 12.92688
0.62 0.24000 12.89486
0.64 0.24000 12.87168
0.66 0.24000 12.85957
0.68 0.24000 12.86090
0.7 0.24000 12.87824
0.72 0.24000 12.91433
0.74 0.24000 12.97216
0.76 0.24000 13.05492
0.78 0.24000 13.16602
0.8 0.24000 13.30898
0.82 0.24000 13.48717
0.84 0.24000 13.70302
0.86 0.24000 13.95614
0.88 0.24000 14.23940
0.9 0.24000 14.53306
0.92 0.24000 14.80341
0.94 0.24000 15.01582
0.96 0.24000 15.15420
0.98 0.24000 15.22446
1.0 0.24000 15.24363

0.0 0.26000 10.63404
0.02 0.26000 10.66098
0.04 0.26000 10.72960
0.06 0.26000 10.82596
0.08 0.26000 10.93975
0.1 0.26000 11.06327
0.12 0.26000 11.19065
0.14 0.26000 11.31733
0.16 0.26000 11.43971
0.18 0.26000 11.55497
0.2 0.26000 11.66083
0.22 0.26000 11.75549
0.24 0.26000 11.83754
0.26 0.26000 11.90588
0.28 0.26000 11.95969
0.3 0.26000 11.99842
0.32 0.26000 12.02172
0.34 0.26000 12.02949
0.36 0.26000 12.02182
0.38 0.26000 11.99901
0.4 0.26000 11.96153
0.42 0.26000 11.91009
0.44 0.26000 11.84558
0.46 0.26000 11.76911
0.48 0.26000 11.68199
0.5 0.26000 11.58580
0.52 0.26000 11.48235
0.54 0.26000 11.37374
0.56 0.26000 11.26238
0.58 0.26000 11.15106
0.6 0.26000 11.04297
0.62 0.26000 10.94181
0.64 0.26000 10.85189
0.66 0.26000 10.77829
0.68 0.26000 10.72702
0.7 0.26000 10.70536
0.72 0.26000 10.72219
0.74 0.26000 10.78848
0.76 0.26000 10.91781
0.78 0.26000 11.12627
0.8 0.26000 11.43045
0.82 0.26000 11.83939
0.84 0.26000 12.33811
0.86 0.26000 12.87480
0.88 0.26000 13.37810
0.9 0.26000 13.79442
0.92 0.26000 14.10454
0.94 0.26000 14.31485
0.96 0.26000 14.44278
0.98 0.26000 14.50745
1.0 0.26000 14.52572

0.0 0.28000 8.86682
0.02 0.28000 8.88767
0.04 0.28000 8.94337
0.06 0.28000 9.02531
0.08 0.28000 9.12634
0.1 0.28000 9.24042
0.12 0.28000 9.36243
0.14 0.28000 9.48799
0.16 0.28000 9.61328
0.18 0.28000 9.73500
0.2 0.28000 9.85023
0.22 0.28000 9.95642
0.24 0.28000 10.05130
0.26 0.28000 10.13291
0.28 0.28000 10.19950
0.3 0.28000 10.24959
0.32 0.28000 10.28192
0.34 0.28000 10.29543
0.36 0.28000 10.28930
0.38 0.28000 10.26293
0.4 0.28000 10.21596
0.42 0.28000 10.14827
0.44 0.28000 10.06000
0.46 0.28000 9.95158
0.48 0.28000 9.82379
0.5 0.28000 9.67776
0.52 0.28000 9.51507
0.54 0.28000 9.33784
0.56 0.28000 9.14885
0.58 0.28000 8.95173
0.6 0.28000 8.75121
0.62 0.28000 8.55358
0.64 0.28000 8.36726
0.66 0.28000 8.20381
0.68 0.28000 8.07943
0.7 0.28000 8.01726
0.72 0.28000 8.04994
0.74 0.28000 8.21998
0.76 0.28000 8.56906
0.78 0.28000 9.10752
0.8 0.28000 9.78446
0.82 0.28000 10.50495
0.84 0.28000 11.18093
0.86 0.28000 11.76084
0.88 0.28000 12.22759
0.9 0.28000 12.58499
0.92 0.28000 12.84601
0.94 0.28000 13.02605
0.96 0.28000 13.13980
0.98 0.28000 13.20017
1.0 0.28000 13.21811

0.0 0.30000 7.01586
0.02 0.30000 7.03177
0.04 0.30000 7.07587
0.06 0.30000 7.14320
0.08 0.30000 7.22920
0.1 0.30000 7.32968
0.12 0.30000 7.44072
0.14 0.30000 7.55866
0.16 0.30000 7.68007
0.18 0.30000 7.80172
0.2 0.30000 7.92052
0.22 0.30000 8.03356
0.24 0.30000 8.13805
0.26 0.30000 8.23134
0.28 0.30000 8.31090
0.3 0.30000 8.37430
0.32 0.30000 8.41926
0.34 0.30000 8.44359
0.36 0.30000 8.44524
0.38 0.30000 8.42227
0.4 0.30000 8.37290
0.42 0.30000 8.29553
0.44 0.30000 8.18871
0.46 0.30000 8.05127
0.48 0.30000 7.88232
0.5 0.30000 7.68137
0.52 0.30000 7.44852
0.54 0.30000 7.18468
0.56 0.30000 6.89209
0.58 0.30000 6.57500
0.6 0.30000 6.24119
0.62 0.30000 5.90447
0.64 0.30000 5.58926
0.66 0.30000 5.33771
0.68 0.30000 5.21583
0.7 0.30000 5.30348
0.72 0.30000 5.65040
0.74 0.30000 6.22913
0.76 0.30000 6.94760
0.78 0.30000 7.70389
0.8 0.30000 8.42350
0.82 0.30000 9.06559
0.84 0.30000 9.61429
0.86 0.30000 10.06839
0.88 0.30000 10.43392
0.9 0.30000 10.71974
0.92 0.30000 10.93533
0.94 0.30000 11.08978
0.96 0.30000 11.19138
0.98 0.30000 11.24755
1.0 0.30000 11.26489

0.0 0.32000 5.24887
0.02 0.32000 5.26133
0.04 0.32000 5.29689
0.06 0.32000 5.35286
0.08 0.32000 5.42652
0.1 0.32000 5.51516
0.12 0.32000 5.61602
0.14 0.32000 5.72633
0.16 0.32000 5.84328
0.18 0.32000 5.96404
0.2 0.32000 6.08572
0.22 0.32000 6.20541
0.24 0.32000 6.32012
0.26 0.32000 6.42680
0.28 0.32000 6.52235
0.3 0.32000 6.60355
0.32 0.32000 6.66709
0.34 0.32000 6.70956
0.36 0.32000 6.72739
0.38 0.32000 6.71686
0.4 0.32000 6.67409
0.42 0.32000 6.59497
0.44 0.32000 6.47518
0.46 0.32000 6.31018
0.48 0.32000 6.09531
0.5 0.32000 5.82593
0.52 0.32000 5.49795
0.54 0.32000 5.10907
0.56 0.32000 4.66159
0.58 0.32000 4.16880
0.6 0.32000 3.66712
0.62 0.32000 3.23084
0.64 0.32000 2.96705
0.66 0.32000 2.96383
0.68 0.32000 3.23171
0.7 0.32000 3.70759
0.72 0.32000 4.30253
0.74 0.32000 4.93928
0.76 0.32000 5.56483
0.78 0.32000 6.14822
0.8 0.32000 6.67398
0.82 0.32000 7.13621
0.84 0.32000 7.53444
0.86 0.32000 7.87101
0.88 0.32000 8.14957
0.9 0.32000 8.37429
0.92 0.32000 8.54945
0.94 0.32000 8.67916
0.96 0.32000 8.76736
0.98 0.32000 8.81774
1.0 0.32000 8.83378

0.0 0.34000 3.74742
0.02 0.34000 3.75718
0.04 0.34000 3.78575
0.06 0.34000 3.83195
0.08 0.34000 3.89444
0.1 0.34000 3.97173
0.12 0.34000 4.06215
0.14 0.34000 4.16388
0.16 0.34000 4.27493
0.18 0.34000 4.39311
0.2 0.34000 4.51608
0.22 0.34000 4.64125
0.24 0.34000 4.76581
0.26 0.34000 4.88667
0.28 0.34000 5.00044
0.3 0.34000 5.10333
0.32 0.34000 5.19113
0.34 0.34000 5.25908
0.36 0.34000 5.30175
0.38 0.34000 5.31285
0.4 0.34000 5.28507
0.42 0.34000 5.20973
0.44 0.34000 5.07651
0.46 0.34000 4.87323
0.48 0.34000 4.58598
0.5 0.34000 4.20097
0.52 0.34000 3.71083
0.54 0.34000 3.13035
0.56 0.34000 2.52033
0.58 0.34000 1.99086
0.6 0.34000 1.65102
0.62 0.34000 1.54795
0.64 0.34000 1.66041
0.66 0.34000 1.93209
0.68 0.34000 2.30294
0.7 0.34000 2.72413
0.72 0.34000 3.16101
0.74 0.34000 3.59096
0.76 0.34000 4.00005
0.78 0.34000 4.38015
0.8 0.34000 4.72686
0.82 0.34000 5.03808
0.84 0.34000 5.31311
0.86 0.34000 5.55208
0.88 0.34000 5.75563
0.9 0.34000 5.92468
0.92 0.34000 6.06030
0.94 0.34000 6.16365
0.96 0.34000 6.23595
0.98 0.34000 6.27841
1.0 0.34000 6.29228

0.0 0.36000 2.65639
0.02 0.36000 2.66366
0.04 0.36000 2.68544
0.06 0.36000 2.72161
0.08 0.36000 2.77185
0.1 0.36000 2.83572
0.12 0.36000 2.91256
0.14 0.36000 3.00156
0.16 0.36000 3.10169
0.18 0.36000 3.21169
0.2 0.36000 3.33006
0.22 0.36000 3.45497
0.24 0.36000 3.58422
0.26 0.36000 3.71515
0.28 0.36000 3.84454
0.3 0.36000 3.96835
0.32 0.36000 4.08159
0.34 0.36000 4.17784
0.36 0.36000 4.24877
0.38 0.36000 4.28331
0.4 0.36000 4.26654
0.42 0.36000 4.17834
0.44 0.36000 3.99285
0.46 0.36000 3.68228
0.48 0.36000 3.23285
0.5 0.36000 2.67469
0.52 0.36000 2.09454
0.54 0.36000 1.59593
0.56 0.36000 1.24541
0.58 0.36000 1.05784
0.6 0.36000 1.01359
0.62 0.36000 1.07988
0.64 0.36000 1.22412
0.66 0.36000 1.41924
0.68 0.36000 1.64465
0.7 0.36000 1.88539
0.72 0.36000 2.13085
0.74 0.36000 2.37356
0.76 0.36000 2.60826
0.78 0.36000 2.83127
0.8 0.36000 3.03993
0.82 0.36000 3.23235
0.84 0.36000 3.40712
0.86 0.36000 3.56322
0.88 0.36000 3.69986
0.9 0.36000 3.81644
0.92 0.36000 3.91249
0.94 0.36000 3.98764
0.96 0.36000 4.04159
0.98 0.36000 4.07410
1.0 0.36000 4.08498

0.0 0.38000 2.09150
0.02 0.38000 2.09615
0.04 0.38000 2.11044
0.06 0.38000 2.13483
0.08 0.38000 2.16971
0.1 0.38000 2.21541
0.12 0.38000 2.27215
0.14 0.38000 2.34008
0.16 0.38000 2.41922
0.18 0.38000 2.50946
0.2 0.38000 2.61045
0.22 0.38000 2.72161
0.24 0.38000 2.84191
0.26 0.38000 2.96978
0.28 0.38000 3.10270
0.3 0.38000 3.23673
0.32 0.38000 3.36553
0.34 0.38000 3.47887
0.36 0.38000 3.56004
0.38 0.38000 3.58275
0.4 0.38000 3.51064
0.42 0.38000 3.30930
0.44 0.38000 2.97585
0.46 0.38000 2.55789
0.48 0.38000 2.12979
0.5 0.38000 1.75313
0.52 0.38000 1.45937
0.54 0.38000 1.25442
0.56 0.38000 1.12976
0.58 0.38000 1.07141
0.6 0.38000 1.06492
0.62 0.38000 1.09755
0.64 0.38000 1.15887
0.66 0.38000 1.24062
0.68 0.38000 1.33637
0.7 0.38000 1.44113
0.72 0.38000 1.55102
0.74 0.38000 1.66299
0.76 0.38000 1.77459
0.78 0.38000 1.88384
0.8 0.38000 1.98910
0.82 0.38000 2.08896
0.84 0.38000 2.18221
0.86 0.38000 2.26779
0.88 0.38000 2.34472
0.9 0.38000 2.41209
0.92 0.38000 2.46906
0.94 0.38000 2.51478
0.96 0.38000 2.54847
0.98 0.38000 2.56929
1.0 0.38000 2.57643

0.0 0.40000 2.16966
0.02 0.40000 2.17139
0.04 0.40000 2.17688
0.06 0.40000 2.18661
0.08 0.40000 2.20113
0.1 0.40000 2.22107
0.12 0.40000 2.24715
0.14 0.40000 2.28018
0.16 0.40000 2.32110
0.18 0.40000 2.37092
0.2 0.40000 2.43078
0.22 0.40000 2.50177
0.24 0.40000 2.58481
0.26 0.40000 2.68011
0.28 0.40000 2.78606
0.3 0.40000 2.89691
0.32 0.40000 2.99855
0.34 0.40000 3.06435
0.36 0.40000 3.05997
0.38 0.40000 2.96442
0.4 0.40000 2.78881
0.42 0.40000 2.56833
0.44 0.40000 2.34065
0.46 0.40000 2.13224
0.48 0.40000 1.95638
0.5 0.40000 1.81665
0.52 0.40000 1.71117
0.54 0.40000 1.63561
0.56 0.40000 1.58500
0.58 0.40000 1.55460
0.6 0.40000 1.54024
0.62 0.40000 1.53843
0.64 0.40000 1.54629
0.66 0.40000 1.56151
0.68 0.40000 1.58222
0.7 0.40000 1.60691
0.72 0.40000 1.63436
0.74 0.40000 1.66358
0.76 0.40000 1.69375
0.78 0.40000 1.72417
0.8 0.40000 1.75428
0.82 0.40000 1.78356
0.84 0.40000 1.81156
0.86 0.40000 1.83785
0.88 0.40000 1.86204
0.9 0.40000 1.88373
0.92 0.40000 1.90251
0.94 0.40000 1.91797
0.96 0.40000 1.92966
0.98 0.40000 1.93708
1.0 0.40000 1.93969

0.0 0.42000 3.01966
0.02 0.42000 3.01806
0.04 0.42000 3.01290
0.06 0.42000 3.00374
0.08 0.42000 2.99030
0.1 0.42000 2.97247
0.12 0.42000 2.95037
0.14 0.42000 2.92450
0.16 0.42000 2.89580
0.18 0.42000 2.86590
0.2 0.42000 2.83732
0.22 0.42000 2.81360
0.24 0.42000 2.79899
0.26 0.42000 2.79659
0.28 0.42000 2.80416
0.3 0.42000 2.81100
0.32 0.42000 2.80325
0.34 0.42000 2.77428
0.36 0.42000 2.72789
0.38 0.42000 2.67327
0.4 0.42000 2.61931
0.42 0.42000 2.57186
0.44 0.42000 2.53358
0.46 0.42000 2.50482
0.48 0.42000 2.48457
0.5 0.42000 2.47122
0.52 0.42000 2.46295
0.54 0.42000 2.45804
0.56 0.42000 2.45500
0.58 0.42000 2.45255
0.6 0.42000 2.44967
0.62 0.42000 2.44559
0.64 0.42000 2.43974
0.66 0.42000 2.43174
0.68 0.42000 2.42137
0.7 0.42000 2.40855
0.72 0.42000 2.39331
0.74 0.42000 2.37582
0.76 0.42000 2.35629
0.78 0.42000 2.33505
0.8 0.42000 2.31248
0.82 0.42000 2.28903
0.84 0.42000 2.26518
0.86 0.42000 2.24150
0.88 0.42000 2.21856
0.9 0.42000 2.19701
0.92 0.42000 2.17754
0.94 0.42000 2.16088
0.96 0.42000 2.14782
0.98 0.42000 2.13924
1.0 0.42000 2.13612

0.0 0.44000 4.74156
0.02 0.44000 4.73587
0.04 0.44000 4.71666
0.06 0.44000 4.68061
0.08 0.44000 4.62411
0.1 0.44000 4.54334
0.12 0.44000 4.43440
0.14 0.44000 4.29385
0.16 0.44000 4.12005
0.18 0.44000 3.91618
0.2 0.44000 3.69492
0.22 0.44000 3.48049
0.24 0.44000 3.29987
0.26 0.44000 3.16848
0.28 0.44000 3.08675
0.3 0.44000 3.04705
0.32 0.44000 3.04037
0.34 0.44000 3.05890
0.36 0.44000 3.09633
0.38 0.44000 3.14753
0.4 0.44000 3.20822
0.42 0.44000 3.27477
0.44 0.44000 3.34406
0.46 0.44000 3.41345
0.48 0.44000 3.48071
0.5 0.44000 3.54396
0.52 0.44000 3.60167
0.54 0.44000 3.65257
0.56 0.44000 3.69566
0.58 0.44000 3.73018
0.6 0.44000 3.75557
0.62 0.44000 3.77147
0.64 0.44000 3.77768
0.66 0.44000 3.77420
0.68 0.44000 3.76116
0.7 0.44000 3.73885
0.72 0.44000 3.70771
0.74 0.44000 3.66831
0.76 0.44000 3.62138
0.78 0.44000 3.56779
0.8 0.44000 3.50856
0.82 0.44000 3.44485
0.84 0.44000 3.37802
0.86 0.44000 3.30961
0.88 0.44000 3.24134
0.9 0.44000 3.17521
0.92 0.44000 3.11352
0.94 0.44000 3.05893
0.96 0.44000 3.01459
0.98 0.44000 2.98433
1.0 0.44000 2.97292

0.0 0.46000 7.31412
0.02 0.46000 7.30163
0.04 0.46000 7.25683
0.06 0.46000 7.16679
0.08 0.46000 7.01548
0.1 0.46000 6.78489
0.12 0.46000 6.46107
0.14 0.46000 6.04881
0.16 0.46000 5.58619
0.18 0.46000 5.13427
0.2 0.46000 4.74524
0.22 0.46000 4.44399
0.24 0.46000 4.23224
0.26 0.46000 4.09984
0.28 0.46000 4.03305
0.3 0.46000 4.01853
0.32 0.46000 4.04472
0.34 0.46000 4.10203
0.36 0.46000 4.18259
0.38 0.46000 4.27993
0.4 0.46000 4.38870
0.42 0.46000 4.50440
0.44 0.46000 4.62325
0.46 0.46000 4.74201
0.48 0.46000 4.85790
0.5 0.46000 4.96852
0.52 0.46000 5.07180
0.54 0.46000 5.16595
0.56 0.46000 5.24944
0.58 0.46000 5.32097
0.6 0.46000 5.37944
0.62 0.46000 5.42397
0.64 0.46000 5.45389
0.66 0.46000 5.46870
0.68 0.46000 5.46812
0.7 0.46000 5.45204
0.72 0.46000 5.42059
0.74 0.46000 5.37410
0.76 0.46000 5.31311
0.78 0.46000 5.23845
0.8 0.46000 5.15121
0.82 0.46000 5.05279
0.84 0.46000 4.94497
0.86 0.46000 4.82996
0.88 0.46000 4.71052
0.9 0.46000 4.59008
0.92 0.46000 4.47297
0.94 0.46000 4.36476
0.96 0.46000 4.27272
0.98 0.46000 4.20671
1.0 0.46000 4.18052

0.0 0.48000 10.45301
0.02 0.48000 10.41541
0.04 0.48000 10.27455
0.06 0.48000 9.98840
0.08 0.48000 9.53702
0.1 0.48000 8.95246
0.12 0.48000 8.31108
0.14 0.48000 7.69130
0.16 0.48000 7.14442
0.18 0.48000 6.69225
0.2 0.48000 6.33700
0.22 0.48000 6.07111
0.24 0.48000 5.88345
0.26 0.48000 5.76244
0.28 0.48000 5.69741
0.3 0.48000 5.67897
0.32 0.48000 5.69897
0.34 0.48000 5.75040
0.36 0.48000 5.82720
0.38 0.48000 5.92405
0.4 0.48000 6.03627
0.42 0.48000 6.15967
0.44 0.48000 6.29051
0.46 0.48000 6.42534
0.48 0.48000 6.56105
0.5 0.48000 6.69476
0.52 0.48000 6.82380
0.54 0.48000 6.94573
0.56 0.48000 7.05825
0.58 0.48000 7.15927
0.6 0.48000 7.24685
0.62 0.48000 7.31921
0.64 0.48000 7.37474
0.66 0.48000 7.41199
0.68 0.48000 7.42971
0.7 0.48000 7.42682
0.72 0.48000 7.40243
0.74 0.48000 7.35592
0.76 0.48000 7.28688
0.78 0.48000 7.19524
0.8 0.48000 7.08127
0.82 0.48000 6.94569
0.84 0.48000 6.78979
0.86 0.48000 6.61559
0.88 0.48000 6.42611
0.9 0.48000 6.22580
0.92 0.48000 6.02120
0.94 0.48000 5.82199
0.96 0.48000 5.64285
0.98 0.48000 5.50664
1.0 0.48000 5.44951

0.0 0.50000 13.21606
0.02 0.50000 13.06379
0.04 0.50000 12.64633
0.06 0.50000 12.05847
0.08 0.50000 11.40140
0.1 0.50000 10.75058
0.12 0.50000 10.15041
0.14 0.50000 9.62161
0.16 0.50000 9.17040
0.18 0.50000 8.79523
0.2 0.50000 8.49103
0.22 0.50000 8.25135
0.24 0.50000 8.06955
0.26 0.50000 7.93930
0.28 0.50000 7.85470
0.3 0.50000 7.81038
0.32 0.50000 7.80143
0.34 0.50000 7.82336
0.36 0.50000 7.87198
0.38 0.50000 7.94343
0.4 0.50000 8.03404
0.42 0.50000 8.14036
0.44 0.50000 8.25905
0.46 0.50000 8.38693
0.48 0.50000 8.52090
0.5 0.50000 8.65794
0.52 0.50000 8.79510
0.54 0.50000 8.92948
0.56 0.50000 9.05826
0.58 0.50000 9.17862
0.6 0.50000 9.28779
0.62 0.50000 9.38307
0.64 0.50000 9.46174
0.66 0.50000 9.52116
0.68 0.50000 9.55870
0.7 0.50000 9.57179
0.72 0.50000 9.55790
0.74 0.50000 9.51456
0.76 0.50000 9.43940
0.78 0.50000 9.33019
0.8 0.50000 9.18489
0.82 0.50000 9.00178
0.84 0.50000 8.77969
0.86 0.50000 8.51835
0.88 0.50000 8.21906
0.9 0.50000 7.88599
0.92 0.50000 7.52849
0.94 0.50000 7.16544
0.96 0.50000 6.83187
0.98 0.50000 6.58448
1.0 0.50000 6.49067

0.0 0.52000 14.27666
0.02 0.52000 14.13387
0.04 0.52000 13.80077
0.06 0.52000 13.37840
0.08 0.52000 12.92851
0.1 0.52000 12.48659
0.12 0.52000 12.07192
0.14 0.52000 11.69432
0.16 0.52000 11.35813
0.18 0.52000 11.06461
0.2 0.52000 10.81333
0.22 0.52000 10.60294
0.24 0.52000 10.43159
0.26 0.52000 10.29721
0.28 0.52000 10.19757
0.3 0.52000 10.13042
0.32 0.52000 10.09346
0.34 0.52000 10.08440
0.36 0.52000 10.10092
0.38 0.52000 10.14068
0.4 0.52000 10.20131
0.42 0.52000 10.28038
0.44 0.52000 10.37544
0.46 0.52000 10.48395
0.48 0.52000 10.60332
0.5 0.52000 10.73084
0.52 0.52000 10.86375
0.54 0.52000 10.99913
0.56 0.52000 11.13397
0.58 0.52000 11.26512
0.6 0.52000 11.38925
0.62 0.52000 11.50287
0.64 0.52000 11.60225
0.66 0.52000 11.68345
0.68 0.52000 11.74219
0.7 0.52000 11.77388
0.72 0.52000 11.77350
0.74 0.52000 11.73550
0.76 0.52000 11.65378
0.78 0.52000 11.52151
0.8 0.52000 11.33110
0.82 0.52000 11.07425
0.84 0.52000 10.74243
0.86 0.52000 10.32838
0.88 0.52000 9.83039
0.9 0.52000 9.26207
0.92 0.52000 8.66777
0.94 0.52000 8.12852
0.96 0.52000 7.73000
0.98 0.52000 7.51037
1.0 0.52000 7.44837

0.0 0.54000 14.70162
0.02 0.54000 14.64394
0.04 0.54000 14.50082
0.06 0.54000 14.30622
0.08 0.54000 14.08395
0.1 0.54000 13.85043
0.12 0.54000 13.61692
0.14 0.54000 13.39113
0.16 0.54000 13.17836
0.18 0.54000 12.98224
0.2 0.54000 12.80521
0.22 0.54000 12.64892
0.24 0.54000 12.51439
0.26 0.54000 12.40222
0.28 0.54000 12.31265
0.3 0.54000 12.24564
0.32 0.54000 12.20094
0.34 0.54000 12.17809
0.36 0.54000 12.17644
0.38 0.54000 12.19518
0.4 0.54000 12.23333
0.42 0.54000 12.28975
0.44 0.54000 12.36312
0.46 0.54000 12.45195
0.48 0.54000 12.55454
0.5 0.54000 12.66902
0.52 0.54000 12.79326
0.54 0.54000 12.92489
0.56 0.54000 13.06123
0.58 0.54000 13.19926
0.6 0.54000 13.33555
0.62 0.54000 13.46619
0.64 0.54000 13.58662
0.66 0.54000 13.69154
0.68 0.54000 13.77461
0.7 0.54000 13.82820
0.72 0.54000 13.84292
0.74 0.54000 13.80700
0.76 0.54000 13.70544
0.78 0.54000 13.51914
0.8 0.54000 13.22447
0.82 0.54000 12.79588
0.84 0.54000 12.21734
0.86 0.54000 11.50802
0.88 0.54000 10.74442
0.9 0.54000 10.03637
0.92 0.54000 9.46777
0.94 0.54000 9.06724
0.96 0.54000 8.82107
0.98 0.54000 8.69748
1.0 0.54000 8.66308

0.0 0.56000 15.18502
0.02 0.56000 15.16294
0.04 0.56000 15.10486
0.06 0.56000 15.02088
0.08 0.56000 14.91912
0.1 0.56000 14.80610
0.12 0.56000 14.68705
0.14 0.56000 14.56621
0.16 0.56000 14.44702
0.18 0.56000 14.33229
0.2 0.56000 14.22436
0.22 0.56000 14.12517
0.24 0.56000 14.03632
0.26 0.56000 13.95917
0.28 0.56000 13.89483
0.3 0.56000 13.84422
0.32 0.56000 13.80808
0.34 0.56000 13.78699
0.36 0.56000 13.78136
0.38 0.56000 13.79147
0.4 0.56000 13.81745
0.42 0.56000 13.85925
0.44 0.56000 13.91669
0.46 0.56000 13.98938
0.48 0.56000 14.07675
0.5 0.56000 14.17802
0.52 0.56000 14.29210
0.54 0.56000 14.41761
0.56 0.56000 14.55275
0.58 0.56000 14.69519
0.6 0.56000 14.84189
0.62 0.56000 14.98887
0.64 0.56000 15.13078
0.66 0.56000 15.26025
0.68 0.56000 15.36696
0.7 0.56000 15.43592
0.72 0.56000 15.44509
0.74 0.56000 15.36225
0.76 0.56000 15.14410
0.78 0.56000 14.74659
0.8 0.56000 14.15737
0.82 0.56000 13.42968
0.84 0.56000 12.66630
0.86 0.56000 11.96371
0.88 0.56000 11.37743
0.9 0.56000 10.92326
0.92 0.56000 10.59289
0.94 0.56000 10.36795
0.96 0.56000 10.22824
0.98 0.56000 10.15543
1.0 0.56000 10.13414

0.0 0.58000 15.47994
0.02 0.58000 15.47169
0.04 0.58000 15.44905
0.06 0.58000 15.41490
0.08 0.58000 15.37180
0.1 0.58000 15.32202
0.12 0.58000 15.26758
0.14 0.58000 15.21029
0.16 0.58000 15.15180
0.18 0.58000 15.09357
0.2 0.58000 15.03697
0.22 0.58000 14.98322
0.24 0.58000 14.93349
0.26 0.58000 14.88884
0.28 0.58000 14.85027
0.3 0.58000 14.81873
0.32 0.58000 14.79512
0.34 0.58000 14.78028
0.36 0.58000 14.77503
0.38 0.58000 14.78012
0.4 0.58000 14.79630
0.42 0.58000 14.82425
0.44 0.58000 14.86461
0.46 0.58000 14.91799
0.48 0.58000 14.98489
0.5 0.58000 15.06573
0.52 0.58000 15.16075
0.54 0.58000 15.26997
0.56 0.58000 15.39296
0.58 0.58000 15.52863
0.6 0.58000 15.67467
0.62 0.58000 15.82662
0.64 0.58000 15.97604
0.66 0.58000 16.10727
0.68 0.58000 16.19210
0.7 0.58000 16.18486
0.72 0.58000 16.02912
0.74 0.58000 15.68992
0.76 0.58000 15.19003
0.78 0.58000 14.60159
0.8 0.58000 14.00394
0.82 0.58000 13.45377
0.84 0.58000 12.97984
0.86 0.58000 12.59028
0.88 0.58000 12.28159
0.9 0.58000 12.04505
0.92 0.58000 11.87051
0.94 0.58000 11.74815
0.96 0.58000 11.66927
0.98 0.58000 11.62641
1.0 0.58000 11.61336

0.0 0.60000 15.34232
0.02 0.60000 15.34066
0.04 0.60000 15.33597
0.06 0.60000 15.32866
0.08 0.60000 15.31914
0.1 0.60000 15.30781
0.12 0.60000 15.29504
0.14 0.60000 15.28117
0.16 0.60000 15.26656
0.18 0.60000 15.25152
0.2 0.60000 15.23638
0.22 0.60000 15.22146
0.24 0.60000 15.20709
0.26 0.60000 15.19361
0.28 0.60000 15.18139
0.3 0.60000 15.17080
0.32 0.60000 15.16228
0.34 0.60000 15.15629
0.36 0.60000 15.15338
0.38 0.60000 15.15415
0.4 0.60000 15.15930
0.42 0.60000 15.16964
0.44 0.60000 15.18613
0.46 0.60000 15.20986
0.48 0.60000 15.24213
0.5 0.60000 15.28439
0.52 0.60000 15.33828
0.54 0.60000 15.40540
0.56 0.60000 15.48691
0.58 0.60000 15.58243
0.6 0.60000 15.68731
0.62 0.60000 15.78741
0.64 0.60000 15.85231
0.66 0.60000 15.83721
0.68 0.60000 15.70616
0.7 0.60000 15.45945
0.72 0.60000 15.13196
0.74 0.60000 14.76981
0.76 0.60000 14.41125
0.78 0.60000 14.08047
0.8 0.60000 13.78927
0.82 0.60000 13.54114
0.84 0.60000 13.33481
0.86 0.60000 13.16677
0.88 0.60000 13.03271
0.9 0.60000 12.92828
0.92 0.60000 12.84946
0.94 0.60000 12.79273
0.96 0.60000 12.75508
0.98 0.60000 12.73399
1.0 0.60000 12.72737

0.0 0.62000 14.67052
0.02 0.62000 14.67286
0.04 0.62000 14.67965
0.06 0.62000 14.69056
0.08 0.62000 14.70520
0.1 0.62000 14.72312
0.12 0.62000 14.74388
0.14 0.62000 14.76696
0.16 0.62000 14.79182
0.18 0.62000 14.81788
0.2 0.62000 14.84455
0.22 0.62000 14.87117
0.24 0.62000 14.89710
0.26 0.62000 14.92164
0.28 0.62000 14.94411
0.3 0.62000 14.96378
0.32 0.62000 14.97997
0.34 0.62000 14.99197
0.36 0.62000 14.99911
0.38 0.62000 15.00080
0.4 0.62000 14.99650
0.42 0.62000 14.98582
0.44 0.62000 14.96857
0.46 0.62000 14.94484
0.48 0.62000 14.91516
0.5 0.62000 14.88058
0.52 0.62000 14.84275
0.54 0.62000 14.80338
0.56 0.62000 14.76243
0.58 0.62000 14.71451
0.6 0.62000 14.64734
0.62 0.62000 14.54838
0.64 0.62000 14.41508
0.66 0.62000 14.25679
0.68 0.62000 14.08846
0.7 0.62000 13.92395
0.72 0.62000 13.77285
0.74 0.62000 13.64021
0.76 0.62000 13.52766
0.78 0.62000 13.43461
0.8 0.62000 13.35929
0.82 0.62000 13.29942
0.84 0.62000 13.25263
0.86 0.62000 13.21665
0.88 0.62000 13.18948
0.9 0.62000 13.16936
0.92 0.62000 13.15487
0.94 0.62000 13.14483
0.96 0.62000 13.13834
0.98 0.62000 13.13474
1.0 0.62000 13.13361

0.0 0.64000 13.45924
0.02 0.64000 13.46454
0.04 0.64000 13.48029
0.06 0.64000 13.50621
0.08 0.64000 13.54187
0.1 0.64000 13.58670
0.12 0.64000 13.64000
0.14 0.64000 13.70092
0.16 0.64000 13.76846
0.18 0.64000 13.84145
0.2 0.64000 13.91859
0.22 0.64000 13.99834
0.24 0.64000 14.07901
0.26 0.64000 14.15866
0.28 0.64000 14.23511
0.3 0.64000 14.30586
0.32 0.64000 14.36808
0.34 0.64000 14.41852
0.36 0.64000 14.45341
0.38 0.64000 14.46836
0.4 0.64000 14.45821
0.42 0.64000 14.41688
0.44 0.64000 14.33743
0.46 0.64000 14.21253
0.48 0.64000 14.03665
0.5 0.64000 13.81115
0.52 0.64000 13.55066
0.54 0.64000 13.28180
0.56 0.64000 13.03072
0.58 0.64000 12.81318
0.6 0.64000 12.63484
0.62 0.64000 12.49557
0.64 0.64000 12.39258
0.66 0.64000 12.32193
0.68 0.64000 12.27923
0.7 0.64000 12.26001
0.72 0.64000 12.25995
0.74 0.64000 12.27501
0.76 0.64000 12.30154
0.78 0.64000 12.33626
0.8 0.64000 12.37629
0.82 0.64000 12.41911
0.84 0.64000 12.46256
0.86 0.64000 12.50480
0.88 0.64000 12.54425
0.9 0.64000 12.57964
0.92 0.64000 12.60990
0.94 0.64000 12.63422
0.96 0.64000 12.65200
0.98 0.64000 12.66280
1.0 0.64000 12.66642

0.0 0.66000 11.74421
0.02 0.66000 11.75194
0.04 0.66000 11.77547
0.06 0.66000 11.81521
0.08 0.66000 11.87132
0.1 0.66000 11.94376
0.12 0.66000 12.03223
0.14 0.66000 12.13618
0.16 0.66000 12.25478
0.18 0.66000 12.38685
0.2 0.66000 12.53081
0.22 0.66000 12.68464
0.24 0.66000 12.84573
0.26 0.66000 13.01070
0.28 0.66000 13.17526
0.3 0.66000 13.33376
0.32 0.66000 13.47876
0.34 0.66000 13.60018
0.36 0.66000 13.68415
0.38 0.66000 13.71148
0.4 0.66000 13.65671
0.42 0.66000 13.49124
0.44 0.66000 13.19733
0.46 0.66000 12.79060
0.48 0.66000 12.32424
0.5 0.66000 11.86124
0.52 0.66000 11.44670
0.54 0.66000 11.10179
0.56 0.66000 10.83066
0.58 0.66000 10.62863
0.6 0.66000 10.48749
0.62 0.66000 10.39832
0.64 0.66000 10.35261
0.66 0.66000 10.34273
0.68 0.66000 10.36194
0.7 0.66000 10.40437
0.72 0.66000 10.46488
0.74 0.66000 10.53897
0.76 0.66000 10.62267
0.78 0.66000 10.71247
0.8 0.66000 10.80523
0.82 0.66000 10.89815
0.84 0.66000 10.98871
0.86 0.66000 11.07466
0.88 0.66000 11.15397
0.9 0.66000 11.22483
0.92 0.66000 11.28559
0.94 0.66000 11.33483
0.96 0.66000 11.37127
0.98 0.66000 11.39381
1.0 0.66000 11.40152

0.0 0.68000 9.57756
0.02 0.68000 9.58733
0.04 0.68000 9.61791
0.06 0.68000 9.67098
0.08 0.68000 9.74805
0.1 0.68000 9.85045
0.12 0.68000 9.97926
0.14 0.68000 10.13527
0.16 0.68000 10.31892
0.18 0.68000 10.53017
0.2 0.68000 10.76833
0.22 0.68000 11.03174
0.24 0.68000 11.31727
0.26 0.68000 11.61947
0.28 0.68000 11.92901
0.3 0.68000 12.22993
0.32 0.68000 12.49511
0.34 0.68000 12.68077
0.36 0.68000 12.72681
0.38 0.68000 12.57882
0.4 0.68000 12.22965
0.42 0.68000 11.73356
0.44 0.68000 11.17185
0.46 0.68000 10.61385
0.48 0.68000 10.10269
0.5 0.68000 9.65877
0.52 0.68000 9.28793
0.54 0.68000 8.98819
0.56 0.68000 8.75401
0.58 0.68000 8.57856
0.6 0.68000 8.45488
0.62 0.68000 8.37637
0.64 0.68000 8.33693
0.66 0.68000 8.33101
0.68 0.68000 8.35357
0.7 0.68000 8.40000
0.72 0.68000 8.46608
0.74 0.68000 8.54789
0.76 0.68000 8.64180
0.78 0.68000 8.74438
0.8 0.68000 8.85240
0.82 0.68000 8.96280
0.84 0.68000 9.07262
0.86 0.68000 9.17908
0.88 0.68000 9.27945
0.9 0.68000 9.37112
0.92 0.68000 9.45155
0.94 0.68000 9.51827
0.96 0.68000 9.56886
0.98 0.68000 9.60096
1.0 0.68000 9.61219

0.0 0.70000 7.04972
0.02 0.70000 7.06123
0.04 0.70000 7.09835
0.06 0.70000 7.16490
0.08 0.70000 7.26485
0.1 0.70000 7.40228
0.12 0.70000 7.58139
0.14 0.70000 7.80646
0.16 0.70000 8.08171
0.18 0.70000 8.41096
0.2 0.70000 8.79684
0.22 0.70000 9.23904
0.24 0.70000 9.73023
0.26 0.70000 10.24792
0.28 0.70000 10.74145
0.3 0.70000 11.12486
0.32 0.70000 11.30310
0.34 0.70000 11.23036
0.36 0.70000 10.93602
0.38 0.70000 10.49335
0.4 0.70000 9.97792
0.42 0.70000 9.44686
0.44 0.70000 8.93638
0.46 0.70000 8.46649
0.48 0.70000 8.04665
0.5 0.70000 7.68004
0.52 0.70000 7.36637
0.54 0.70000 7.10351
0.56 0.70000 6.88845
0.58 0.70000 6.71781
0.6 0.70000 6.58811
0.62 0.70000 6.49590
0.64 0.70000 6.43780
0.66 0.70000 6.41053
0.68 0.70000 6.41089
0.7 0.70000 6.43577
0.72 0.70000 6.48211
0.74 0.70000 6.54688
0.76 0.70000 6.62707
0.78 0.70000 6.71969
0.8 0.70000 6.82172
0.82 0.70000 6.93012
0.84 0.70000 7.04181
0.86 0.70000 7.15363
0.88 0.70000 7.26236
0.9 0.70000 7.36467
0.92 0.70000 7.45712
0.94 0.70000 7.53609
0.96 0.70000 7.59778
0.98 0.70000 7.63810
1.0 0.70000 7.65263

0.0 0.72000 4.34244
0.02 0.72000 4.35565
0.04 0.72000 4.39992
0.06 0.72000 4.48278
0.08 0.72000 4.61290
0.1 0.72000 4.80040
0.12 0.72000 5.05707
0.14 0.72000 5.39637
0.16 0.72000 5.83249
0.18 0.72000 6.37637
0.2 0.72000 7.02475
0.22 0.72000 7.73854
0.24 0.72000 8.42446
0.26 0.72000 8.96036
0.28 0.72000 9.26273
0.3 0.72000 9.32240
0.32 0.72000 9.18353
0.34 0.72000 8.90722
0.36 0.72000 8.54876
0.38 0.72000 8.14999
0.4 0.72000 7.73967
0.42 0.72000 7.33652
0.44 0.72000 6.95218
0.46 0.72000 6.59367
0.48 0.72000 6.26502
0.5 0.72000 5.96831
0.52 0.72000 5.70443
0.54 0.72000 5.47350
0.56 0.72000 5.27510
0.58 0.72000 5.10849
0.6 0.72000 4.97269
0.62 0.72000 4.86652
0.64 0.72000 4.78867
0.66 0.72000 4.73770
0.68 0.72000 4.71202
0.7 0.72000 4.70997
0.72 0.72000 4.72970
0.74 0.72000 4.76928
0.76 0.72000 4.82661
0.78 0.72000 4.89943
0.8 0.72000 4.98531
0.82 0.72000 5.08165
0.84 0.72000 5.18558
0.86 0.72000 5.29402
0.88 0.72000 5.40358
0.9 0.72000 5.51052
0.92 0.72000 5.61066
0.94 0.72000 5.69931
0.96 0.72000 5.77110
0.98 0.72000 5.81980
1.0 0.72000 5.83799

0.0 0.74000 1.77141
0.02 0.74000 1.78764
0.04 0.74000 1.84519
0.06 0.74000 1.96001
0.08 0.74000 2.15304
0.1 0.74000 2.45118
0.12 0.74000 2.88542
0.14 0.74000 3.47943
0.16 0.74000 4.22073
0.18 0.74000 5.03122
0.2 0.74000 5.78708
0.22 0.74000 6.38484
0.24 0.74000 6.78147
0.26 0.74000 6.98562
0.28 0.74000 7.03150
0.3 0.74000 6.95870
0.32 0.74000 6.80246
0.34 0.74000 6.59073
0.36 0.74000 6.34451
0.38 0.74000 6.07916
0.4 0.74000 5.80578
0.42 0.74000 5.53243
0.44 0.74000 5.26497
0.46 0.74000 5.00771
0.48 0.74000 4.76384
0.5 0.74000 4.53576
0.52 0.74000 4.32528
0.54 0.74000 4.13374
0.56 0.74000 3.96215
0.58 0.74000 3.81123
0.6 0.74000 3.68147
0.62 0.74000 3.57315
0.64 0.74000 3.48635
0.66 0.74000 3.42099
0.68 0.74000 3.37681
0.7 0.74000 3.35336
0.72 0.74000 3.35001
0.74 0.74000 3.36595
0.76 0.74000 3.40015
0.78 0.74000 3.45136
0.8 0.74000 3.51806
0.82 0.74000 3.59845
0.84 0.74000 3.69035
0.86 0.74000 3.79122
0.88 0.74000 3.89796
0.9 0.74000 4.00688
0.92 0.74000 4.11344
0.94 0.74000 4.21207
0.96 0.74000 4.29570
0.98 0.74000 4.35522
1.0 0.74000 4.37856

0.0 0.76000 -0.20723
0.02 0.76000 -0.17842
0.04 0.76000 -0.06902
0.06 0.76000 0.16349
0.08 0.76000 0.56418
0.1 0.76000 1.14893
0.12 0.76000 1.86877
0.14 0.76000 2.62260
0.16 0.76000 3.31221
0.18 0.76000 3.87922
0.2 0.76000 4.30602
0.22 0.76000 4.60064
0.24 0.76000 4.78229
0.26 0.76000 4.87254
0.28 0.76000 4.89118
0.3 0.76000 4.85484
0.32 0.76000 4.77695
0.34 0.76000 4.66819
0.36 0.76000 4.53696
0.38 0.76000 4.38994
0.4 0.76000 4.23248
0.42 0.76000 4.06890
0.44 0.76000 3.90275
0.46 0.76000 3.73699
0.48 0.76000 3.57414
0.5 0.76000 3.41632
0.52 0.76000 3.26541
0.54 0.76000 3.12303
0.56 0.76000 2.99061
0.58 0.76000 2.86942
0.6 0.76000 2.76057
0.62 0.76000 2.66505
0.64 0.76000 2.58373
0.66 0.76000 2.51733
0.68 0.76000 2.46648
0.7 0.76000 2.43167
0.72 0.76000 2.41325
0.74 0.76000 2.41144
0.76 0.76000 2.42628
0.78 0.76000 2.45763
0.8 0.76000 2.50511
0.82 0.76000 2.56806
0.84 0.76000 2.64548
0.86 0.76000 2.73589
0.88 0.76000 2.83719
0.9 0.76000 2.94642
0.92 0.76000 3.05939
0.94 0.76000 3.17007
0.96 0.76000 3.26970
0.98 0.76000 3.34519
1.0 0.76000 3.37666

0.0 0.78000 -0.92928
0.02 0.78000 -0.83469
0.04 0.78000 -0.54033
0.06 0.78000 -0.07734
0.08 0.78000 0.47837
0.1 0.78000 1.04679
0.12 0.78000 1.57138
0.14 0.78000 2.02337
0.16 0.78000 2.39437
0.18 0.78000 2.68758
0.2 0.78000 2.91134
0.22 0.78000 3.07555
0.24 0.78000 3.18976
0.26 0.78000 3.26247
0.28 0.78000 3.30098
0.3 0.78000 3.31136
0.32 0.78000 3.29871
0.34 0.78000 3.26726
0.36 0.78000 3.22055
0.38 0.78000 3.16158
0.4 0.78000 3.09289
0.42 0.78000 3.01672
0.44 0.78000 2.93499
0.46 0.78000 2.84943
0.48 0.78000 2.76159
0.5 0.78000 2.67288
0.52 0.78000 2.58460
0.54 0.78000 2.49798
0.56 0.78000 2.41417
0.58 0.78000 2.33424
0.6 0.78000 2.25927
0.62 0.78000 2.19024
0.64 0.78000 2.12816
0.66 0.78000 2.07398
0.68 0.78000 2.02864
0.7 0.78000 1.99309
0.72 0.78000 1.96822
0.74 0.78000 1.95496
0.76 0.78000 1.95417
0.78 0.78000 1.96672
0.8 0.78000 1.99340
0.82 0.78000 2.03492
0.84 0.78000 2.09185
0.86 0.78000 2.16444
0.88 0.78000 2.25247
0.9 0.78000 2.35481
0.92 0.78000 2.46870
0.94 0.78000 2.58842
0.96 0.78000 2.70303
0.98 0.78000 2.79325
1.0 0.78000 2.83048

0.0 0.80000 0.24795
0.02 0.80000 0.34181
0.04 0.80000 0.55851
0.06 0.80000 0.82549
0.08 0.80000 1.09812
0.1 0.80000 1.35276
0.12 0.80000 1.57894
0.14 0.80000 1.77367
0.16 0.80000 1.93778
0.18 0.80000 2.07386
0.2 0.80000 2.18510
0.22 0.80000 2.27473
0.24 0.80000 2.34575
0.26 0.80000 2.40082
0.28 0.80000 2.44227
0.3 0.80000 2.47208
0.32 0.80000 2.49196
0.34 0.80000 2.50333
0.36 0.80000 2.50742
0.38 0.80000 2.50527
0.4 0.80000 2.49777
0.42 0.80000 2.48567
0.44 0.80000 2.46964
0.46 0.80000 2.45027
0.48 0.80000 2.42805
0.5 0.80000 2.40346
0.52 0.80000 2.37692
0.54 0.80000 2.34882
0.56 0.80000 2.31955
0.58 0.80000 2.28947
0.6 0.80000 2.25897
0.62 0.80000 2.22844
0.64 0.80000 2.19832
0.66 0.80000 2.16907
0.68 0.80000 2.14124
0.7 0.80000 2.11542
0.72 0.80000 2.09234
0.74 0.80000 2.07288
0.76 0.80000 2.05805
0.78 0.80000 2.04914
0.8 0.80000 2.04770
0.82 0.80000 2.05564
0.84 0.80000 2.07527
0.86 0.80000 2.10928
0.88 0.80000 2.16046
0.9 0.80000 2.23070
0.92 0.80000 2.31846
0.94 0.80000 2.41454
0.96 0.80000 2.50003
0.98 0.80000 2.55475
1.0 0.80000 2.57158

0.0 0.82000 2.06282
0.02 0.82000 2.07633
0.04 0.82000 2.10798
0.06 0.82000 2.14757
0.08 0.82000 2.18855
0.1 0.82000 2.22730
0.12 0.82000 2.26216
0.14 0.82000 2.29272
0.16 0.82000 2.31925
0.18 0.82000 2.34240
0.2 0.82000 2.36298
0.22 0.82000 2.38180
0.24 0.82000 2.39967
0.26 0.82000 2.41728
0.28 0.82000 2.43524
0.3 0.82000 2.45406
0.32 0.82000 2.47410
0.34 0.82000 2.49566
0.36 0.82000 2.51890
0.38 0.82000 2.54388
0.4 0.82000 2.57058
0.42 0.82000 2.59890
0.44 0.82000 2.62861
0.46 0.82000 2.65944
0.48 0.82000 2.69102
0.5 0.82000 2.72291
0.52 0.82000 2.75461
0.54 0.82000 2.78553
0.56 0.82000 2.81502
0.58 0.82000 2.84237
0.6 0.82000 2.86679
0.62 0.82000 2.88745
0.64 0.82000 2.90346
0.66 0.82000 2.91388
0.68 0.82000 2.91773
0.7 0.82000 2.91403
0.72 0.82000 2.90180
0.74 0.82000 2.88017
0.76 0.82000 2.84845
0.78 0.82000 2.80633
0.8 0.82000 2.75431
0.82 0.82000 2.69427
0.84 0.82000 2.63054
0.86 0.82000 2.57072
0.88 0.82000 2.52444
0.9 0.82000 2.49792
0.92 0.82000 2.48887
0.94 0.82000 2.48932
0.96 0.82000 2.49220
0.98 0.82000 2.49423
1.0 0.82000 2.49482

0.0 0.84000 3.73475
0.02 0.84000 3.72537
0.04 0.84000 3.70079
0.06 0.84000 3.66522
0.08 0.84000 3.62200
0.1 0.84000 3.57387
0.12 0.84000 3.52321
0.14 0.84000 3.47204
0.16 0.84000 3.42216
0.18 0.84000 3.37516
0.2 0.84000 3.33242
0.22 0.84000 3.29516
0.24 0.84000 3.26443
0.26 0.84000 3.24114
0.28 0.84000 3.22604
0.3 0.84000 3.21974
0.32 0.84000 3.22271
0.34 0.84000 3.23528
0.36 0.84000 3.25765
0.38 0.84000 3.28986
0.4 0.84000 3.33182
0.42 0.84000 3.38328
0.44 0.84000 3.44383
0.46 0.84000 3.51293
0.48 0.84000 3.58982
0.5 0.84000 3.67357
0.52 0.84000 3.76305
0.54 0.84000 3.85689
0.56 0.84000 3.95346
0.58 0.84000 4.05081
0.6 0.84000 4.14666
0.62 0.84000 4.23828
0.64 0.84000 4.32241
0.66 0.84000 4.39513
0.68 0.84000 4.45168
0.7 0.84000 4.48622
0.72 0.84000 4.49156
0.74 0.84000 4.45900
0.76 0.84000 4.37871
0.78 0.84000 4.24207
0.8 0.84000 4.04800
0.82 0.84000 3.81195
0.84 0.84000 3.56564
0.86 0.84000 3.34115
0.88 0.84000 3.15643
0.9 0.84000 3.01505
0.92 0.84000 2.91291
0.94 0.84000 2.84348
0.96 0.84000 2.80036
0.98 0.84000 2.77791
1.0 0.84000 2.77139

0.0 0.86000 5.47638
0.02 0.86000 5.46348
0.04 0.86000 5.42843
0.06 0.86000 5.37594
0.08 0.86000 5.31017
0.1 0.86000 5.23478
0.12 0.86000 5.15304
0.14 0.86000 5.06791
0.16 0.86000 4.98209
0.18 0.86000 4.89805
0.2 0.86000 4.81803
0.22 0.86000 4.74413
0.24 0.86000 4.67825
0.26 0.86000 4.62215
0.28 0.86000 4.57744
0.3 0.86000 4.54557
0.32 0.86000 4.52785
0.34 0.86000 4.52543
0.36 0.86000 4.53932
0.38 0.86000 4.57035
0.4 0.86000 4.61918
0.42 0.86000 4.68629
0.44 0.86000 4.77194
0.46 0.86000 4.87614
0.48 0.86000 4.99863
0.5 0.86000 5.13883
0.52 0.86000 5.29575
0.54 0.86000 5.46789
0.56 0.86000 5.65310
0.58 0.86000 5.84835
0.6 0.86000 6.04939
0.62 0.86000 6.25019
0.64 0.86000 6.44210
0.66 0.86000 6.61242
0.68 0.86000 6.74236
0.7 0.86000 6.80483
0.72 0.86000 6.76537
0.74 0.86000 6.59407
0.76 0.86000 6.29045
0.78 0.86000 5.89589
0.8 0.86000 5.47127
0.82 0.86000 5.06659
0.84 0.86000 4.70996
0.86 0.86000 4.41165
0.88 0.86000 4.17168
0.9 0.86000 3.98533
0.92 0.86000 3.84624
0.94 0.86000 3.74789
0.96 0.86000 3.68416
0.98 0.86000 3.64952
1.0 0.86000 3.63902

0.0 0.88000 7.35681
0.02 0.88000 7.34415
0.04 0.88000 7.30862
0.06 0.88000 7.25362
0.08 0.88000 7.18243
0.1 0.88000 7.09820
0.12 0.88000 7.00397
0.14 0.88000 6.90271
0.16 0.88000 6.79729
0.18 0.88000 6.69052
0.2 0.88000 6.58516
0.22 0.88000 6.48390
0.24 0.88000 6.38939
0.26 0.88000 6.30424
0.28 0.88000 6.23102
0.3 0.88000 6.17224
0.32 0.88000 6.13039
0.34 0.88000 6.10790
0.36 0.88000 6.10717
0.38 0.88000 6.13053
0.4 0.88000 6.18026
0.42 0.88000 6.25856
0.44 0.88000 6.36753
0.46 0.88000 6.50912
0.48 0.88000 6.68509
0.5 0.88000 6.89683
0.52 0.88000 7.14524
0.54 0.88000 7.43025
0.56 0.88000 7.75019
0.58 0.88000 8.10037
0.6 0.88000 8.47042
0.62 0.88000 8.83933
0.64 0.88000 9.16793
0.66 0.88000 9.39403
0.68 0.88000 9.44744
0.7 0.88000 9.29254
0.72 0.88000 8.95646
0.74 0.88000 8.50698
0.76 0.88000 8.01344
0.78 0.88000 7.52620
0.8 0.88000 7.07475
0.82 0.88000 6.67333
0.84 0.88000 6.32681
0.86 0.88000 6.03498
0.88 0.88000 5.79511
0.9 0.88000 5.60337
0.92 0.88000 5.45554
0.94 0.88000 5.34739
0.96 0.88000 5.27483
0.98 0.88000 5.23399
1.0 0.88000 5.22119

0.0 0.90000 9.27981
0.02 0.90000 9.26805
0.04 0.90000 9.23413
0.06 0.90000 9.18011
0.08 0.90000 9.10816
0.1 0.90000 9.02058
0.12 0.90000 8.91978
0.14 0.90000 8.80826
0.16 0.90000 8.68865
0.18 0.90000 8.56370
0.2 0.90000 8.43626
0.22 0.90000 8.30932
0.24 0.90000 8.18602
0.26 0.90000 8.06964
0.28 0.90000 7.96366
0.3 0.90000 7.87171
0.32 0.90000 7.79768
0.34 0.90000 7.74569
0.36 0.90000 7.72020
0.38 0.90000 7.72597
0.4 0.90000 7.76822
0.42 0.90000 7.85263
0.44 0.90000 7.98545
0.46 0.90000 8.17355
0.48 0.90000 8.42433
0.5 0.90000 8.74541
0.52 0.90000 9.14345
0.54 0.90000 9.62105
0.56 0.90000 10.16901
0.58 0.90000 10.75165
0.6 0.90000 11.29169
0.62 0.90000 11.68371
0.64 0.90000 11.85039
0.66 0.90000 11.78491
0.68 0.90000 11.53606
0.7 0.90000 11.16986
0.72 0.90000 10.74416
0.74 0.90000 10.30068
0.76 0.90000 9.86634
0.78 0.90000 9.45719
0.8 0.90000 9.08212
0.82 0.90000 8.74557
0.84 0.90000 8.44927
0.86 0.90000 8.19336
0.88 0.90000 7.97705
0.9 0.90000 7.79903
0.92 0.90000 7.65765
0.94 0.90000 7.55110
0.96 0.90000 7.47748
0.98 0.90000 7.43479
1.0 0.90000 7.42104

0.0 0.92000 11.10174
0.02 0.92000 11.09108
0.04 0.92000 11.05956
0.06 0.92000 11.00803
0.08 0.92000 10.93754
0.1 0.92000 10.84942
0.12 0.92000 10.74517
0.14 0.92000 10.62656
0.16 0.92000 10.49560
0.18 0.92000 10.35458
0.2 0.92000 10.20604
0.22 0.92000 10.05289
0.24 0.92000 9.89837
0.26 0.92000 9.74618
0.28 0.92000 9.60049
0.3 0.92000 9.46610
0.32 0.92000 9.34854
0.34 0.92000 9.25430
0.36 0.92000 9.19105
0.38 0.92000 9.16801
0.4 0.92000 9.19645
0.42 0.92000 9.29029
0.44 0.92000 9.46676
0.46 0.92000 9.74663
0.48 0.92000 10.15231
0.5 0.92000 10.69931
0.52 0.92000 11.37449
0.54 0.92000 12.10809
0.56 0.92000 12.78046
0.58 0.92000 13.28319
0.6 0.92000 13.57038
0.62 0.92000 13.65536
0.64 0.92000 13.58075
0.66 0.92000 13.39393
0.68 0.92000 13.13545
0.7 0.92000 12.83611
0.72 0.92000 12.51797
0.74 0.92000 12.19637
0.76 0.92000 11.88183
0.78 0.92000 11.58152
0.8 0.92000 11.30032
0.82 0.92000 11.04157
0.84 0.92000 10.80754
0.86 0.92000 10.59972
0.88 0.92000 10.41911
0.9 0.92000 10.26630
0.92 0.92000 10.14157
0.94 0.92000 10.04500
0.96 0.92000 9.97645
0.98 0.92000 9.93565
1.0 0.92000 9.92217

0.0 0.94000 12.68653
0.02 0.94000 12.67723
0.04 0.94000 12.64907
0.06 0.94000 12.60181
0.08 0.94000 12.53544
0.1 0.94000 12.45018
0.12 0.94000 12.34648
0.14 0.94000 12.22506
0.16 0.94000 12.08694
0.18 0.94000 11.93349
0.2 0.94000 11.76645
0.22 0.94000 11.58807
0.24 0.94000 11.40119
0.26 0.94000 11.20946
0.28 0.94000 11.01750
0.3 0.94000 10.83138
0.32 0.94000 10.65908
0.34 0.94000 10.51144
0.36 0.94000 10.40344
0.38 0.94000 10.35620
0.4 0.94000 10.39954
0.42 0.94000 10.57327
0.44 0.94000 10.92095
0.46 0.94000 11.46393
0.48 0.94000 12.16154
0.5 0.94000 12.90778
0.52 0.94000 13.58706
0.54 0.94000 14.12671
0.56 0.94000 14.50500
0.58 0.94000 14.73334
0.6 0.94000 14.83718
0.62 0.94000 14.84415
0.64 0.94000 14.77889
0.66 0.94000 14.66153
0.68 0.94000 14.50787
0.7 0.94000 14.33013
0.72 0.94000 14.13774
0.74 0.94000 13.93801
0.76 0.94000 13.73671
0.78 0.94000 13.53842
0.8 0.94000 13.34686
0.82 0.94000 13.16510
0.84 0.94000 12.99570
0.86 0.94000 12.84084
0.88 0.94000 12.70240
0.9 0.94000 12.58198
0.92 0.94000 12.48101
0.94 0.94000 12.40073
0.96 0.94000 12.34225
0.98 0.94000 12.30653
1.0 0.94000 12.29444

0.0 0.96000 13.90317
0.02 0.96000 13.89564
0.04 0.96000 13.87223
0.06 0.96000 13.83184
0.08 0.96000 13.77346
0.1 0.96000 13.69622
0.12 0.96000 13.59933
0.14 0.96000 13.48222
0.16 0.96000 13.34447
0.18 0.96000 13.18597
0.2 0.96000 13.00695
0.22 0.96000 12.80823
0.24 0.96000 12.59148
0.26 0.96000 12.35972
0.28 0.96000 12.11829
0.3 0.96000 11.87640
0.32 0.96000 11.65013
0.34 0.96000 11.46721
0.36 0.96000 11.37280
0.38 0.96000 11.42828
0.4 0.96000 11.68599
0.42 0.96000 12.14325
0.44 0.96000 12.72949
0.46 0.96000 13.34845
0.48 0.96000 13.92372
0.5 0.96000 14.41372
0.52 0.96000 14.80515
0.54 0.96000 15.10130
0.56 0.96000 15.31298
0.58 0.96000 15.45313
0.6 0.96000 15.53429
0.62 0.96000 15.56753
0.64 0.96000 15.56227
0.66 0.96000 15.52640
0.68 0.96000 15.46648
0.7 0.96000 15.38801
0.72 0.96000 15.29562
0.74 0.96000 15.19328
0.76 0.96000 15.08443
0.78 0.96000 14.97208
0.8 0.96000 14.85893
0.82 0.96000 14.74742
0.84 0.96000 14.63978
0.86 0.96000 14.53809
0.88 0.96000 14.44430
0.9 0.96000 14.36025
0.92 0.96000 14.28771
0.94 0.96000 14.22839
0.96 0.96000 14.18397
0.98 0.96000 14.15610
1.0 0.96000 14.14642

0.0 0.98000 14.59638
0.02 0.98000 14.59112
0.04 0.98000 14.57426
0.06 0.98000 14.54418
0.08 0.98000 14.49916
0.1 0.98000 14.43732
0.12 0.98000 14.35666
0.14 0.98000 14.25501
0.16 0.98000 14.13005
0.18 0.98000 13.97939
0.2 0.98000 13.80076
0.22 0.98000 13.59248
0.24 0.98000 13.35473
0.26 0.98000 13.09225
0.28 0.98000 12.82016
0.3 0.98000 12.57309
0.32 0.98000 12.41008
0.34 0.98000 12.39513
0.36 0.98000 12.55455
0.38 0.98000 12.85886
0.4 0.98000 13.24782
0.42 0.98000 13.66294
0.44 0.98000 14.06305
0.46 0.98000 14.42524
0.48 0.98000 14.73985
0.5 0.98000 15.00523
0.52 0.98000 15.22390
0.54 0.98000 15.40021
0.56 0.98000 15.53904
0.58 0.98000 15.64518
0.6 0.98000 15.72301
0.62 0.98000 15.77648
0.64 0.98000 15.80903
0.66 0.98000 15.82372
0.68 0.98000 15.82323
0.7 0.98000 15.80994
0.72 0.98000 15.78598
0.74 0.98000 15.75330
0.76 0.98000 15.71366
0.78 0.98000 15.66872
0.8 0.98000 15.62005
0.82 0.98000 15.56912
0.84 0.98000 15.51739
0.86 0.98000 15.46625
0.88 0.98000 15.41712
0.9 0.98000 15.37140
0.92 0.98000 15.33051
0.94 0.98000 15.29592
0.96 0.98000 15.26916
0.98 0.98000 15.25183
1.0 0.98000 15.24564

0.0 1.00000 14.57518
0.02 1.00000 14.57277
0.04 1.00000 14.56469
0.06 1.00000 14.54951
0.08 1.00000 14.52539
0.1 1.00000 14.48998
0.12 1.00000 14.44027
0.14 1.00000 14.37243
0.16 1.00000 14.28167
0.18 1.00000 14.16249
0.2 1.00000 14.01003
0.22 1.00000 13.82435
0.24 1.00000 13.61955
0.26 1.00000 13.43217
0.28 1.00000 13.31151
0.3 1.00000 13.29029
0.32 1.00000 13.36799
0.34 1.00000 13.52022
0.36 1.00000 13.71612
0.38 1.00000 13.92948
0.4 1.00000 14.14213
0.42 1.00000 14.34324
0.44 1.00000 14.52727
0.46 1.00000 14.69209
0.48 1.00000 14.83757
0.5 1.00000 14.96466
0.52 1.00000 15.07480
0.54 1.00000 15.16964
0.56 1.00000 15.25081
0.58 1.00000 15.31985
0.6 1.00000 15.37818
0.62 1.00000 15.42707
0.64 1.00000 15.46765
0.66 1.00000 15.50091
0.68 1.00000 15.52775
0.7 1.00000 15.54894
0.72 1.00000 15.56517
0.74 1.00000 15.57708
0.76 1.00000 15.58521
0.78 1.00000 15.59008
0.8 1.00000 15.59218
0.82 1.00000 15.59194
0.84 1.00000 15.58979
0.86 1.00000 15.58617
0.88 1.00000 15.58149
0.9 1.00000 15.57618
0.92 1.00000 15.57070
0.94 1.00000 15.56551
0.96 1.00000 15.56112
0.98 1.00000 15.55807
1.0 1.00000 15.55693

